Constant_feature	Degree	Clustering_coefficient	Pagerank	Aver_path_len
1.0	21.0	0.7047619047619048	0.0027543365359618383	5.458646616541353
1.0	16.0	0.6583333333333333	0.002380852008648815	5.598997493734336
1.0	20.0	0.5210526315789473	0.0027991621664301	4.110275689223058
1.0	20.0	0.5894736842105263	0.002678446349938431	4.7293233082706765
1.0	11.0	0.7454545454545455	0.0017500865667097409	5.919799498746867
1.0	14.0	0.6593406593406593	0.0021224415671587792	5.62155388471178
1.0	21.0	0.8714285714285714	0.0028391685298198156	5.513784461152882
1.0	21.0	0.5333333333333333	0.002858357278013934	4.586466165413534
1.0	8.0	0.75	0.0015392003265480318	6.170426065162907
1.0	23.0	0.6561264822134387	0.0028609198156840736	4.456140350877193
1.0	23.0	0.5296442687747036	0.0031763093944778466	5.00250626566416
1.0	4.0	0.5	0.0009151480429345936	6.819548872180451
1.0	17.0	0.4485294117647059	0.0028641636954602123	5.553884711779449
1.0	19.0	0.6549707602339181	0.0027313517102074804	5.548872180451128
1.0	16.0	0.675	0.0023674780242101175	5.606516290726817
1.0	18.0	0.7124183006535948	0.002589202640808662	5.897243107769423
1.0	7.0	0.8571428571428571	0.001519321730048156	7.586466165413534
1.0	18.0	0.6993464052287581	0.0027648371475699923	6.4185463659147866
1.0	13.0	0.8461538461538461	0.0019453959065248256	6.340852130325815
1.0	18.0	0.6339869281045751	0.00246807658635417	4.152882205513785
1.0	22.0	0.5974025974025974	0.0030749814511345634	5.7518796992481205
1.0	22.0	0.6017316017316018	0.0030845990673367446	6.095238095238095
1.0	19.0	0.5380116959064327	0.0027933077894190398	5.37593984962406
1.0	15.0	0.6761904761904762	0.0022478754324432425	6.807017543859649
1.0	17.0	0.6029411764705882	0.002513316897956781	5.879699248120301
1.0	13.0	0.5512820512820513	0.0019212244449583772	5.669172932330827
1.0	15.0	0.7047619047619048	0.0022579400387432997	6.007518796992481
1.0	23.0	0.758893280632411	0.0030831601425814754	4.934837092731829
1.0	24.0	0.644927536231884	0.0029662767083435426	4.528822055137844
1.0	17.0	0.625	0.0024655918190879906	5.93734335839599
1.0	11.0	0.5818181818181818	0.0020962740856239797	6.912280701754386
1.0	15.0	0.5142857142857142	0.002190992561737481	4.120300751879699
1.0	12.0	0.8636363636363636	0.0019679706822620974	4.844611528822055
1.0	17.0	0.5882352941176471	0.002527768988286103	5.779448621553884
1.0	20.0	0.5736842105263158	0.002661134598560198	4.360902255639098
1.0	19.0	0.672514619883041	0.0027280161059015035	5.964912280701754
1.0	14.0	0.7582417582417582	0.0023732376471274044	6.080200501253133
1.0	19.0	0.5964912280701754	0.0027993132816243305	5.769423558897243
1.0	18.0	0.5163398692810458	0.0027672831785670866	6.052631578947368
1.0	13.0	0.8461538461538461	0.0019453959065248256	6.340852130325815
1.0	19.0	0.5146198830409356	0.0027279325312144723	5.601503759398496
1.0	21.0	0.5380952380952381	0.0027875519242514576	4.022556390977444
1.0	13.0	0.6538461538461539	0.0020641896247025437	4.511278195488722
1.0	15.0	0.7714285714285715	0.002076855930244119	4.869674185463659
1.0	20.0	0.6105263157894737	0.0027772011005776065	5.318295739348371
1.0	22.0	0.8181818181818182	0.0029578461389575513	5.0476190476190474
1.0	17.0	0.625	0.002216142788383617	4.511278195488722
1.0	19.0	0.6608187134502924	0.002777235830013081	5.711779448621554
1.0	15.0	0.6952380952380952	0.0025850271472371727	6.072681704260652
1.0	14.0	0.6043956043956044	0.0021368521950908595	5.701754385964913
1.0	19.0	0.6491228070175439	0.0025564514604856084	5.4636591478696745
1.0	17.0	0.6029411764705882	0.0023018320804086964	4.508771929824562
1.0	21.0	0.6571428571428571	0.0029137401013447917	5.0852130325814535
1.0	12.0	0.5909090909090909	0.0019662690364360535	6.072681704260652
1.0	16.0	0.625	0.0022919420783032002	5.388471177944862
1.0	16.0	0.525	0.002723334973792939	5.458646616541353
1.0	21.0	0.6523809523809524	0.0028981706219403263	5.501253132832081
1.0	7.0	0.9047619047619048	0.0015018817021320934	7.145363408521304
1.0	18.0	0.673202614379085	0.002471453857486033	4.223057644110276
1.0	17.0	0.6838235294117647	0.002364354954778231	4.353383458646617
1.0	22.0	0.4155844155844156	0.0029407066023906135	4.486215538847118
1.0	13.0	0.7307692307692307	0.002010680156455249	5.771929824561403
1.0	11.0	0.6181818181818182	0.002089356990202751	6.844611528822055
1.0	14.0	0.7142857142857143	0.0024842993583058877	6.8997493734335835
1.0	14.0	0.6373626373626373	0.0021529620536931563	5.81704260651629
1.0	16.0	0.5333333333333333	0.002380989215620643	5.358395989974937
1.0	23.0	0.525691699604743	0.003300075026424357	5.56140350877193
1.0	24.0	0.6014492753623188	0.003305610316055074	5.037593984962406
1.0	9.0	0.8333333333333334	0.0014789592249217385	7.0551378446115285
1.0	20.0	0.6789473684210526	0.0026569333473305083	5.498746867167919
1.0	17.0	0.5147058823529411	0.002368469391805552	4.3734335839598995
1.0	24.0	0.6521739130434783	0.003231238666994773	4.739348370927318
1.0	15.0	0.5904761904761905	0.0024897873882235096	6.614035087719298
1.0	19.0	0.631578947368421	0.0025305630028294424	4.350877192982456
1.0	17.0	0.6029411764705882	0.002464974818353026	5.483709273182957
1.0	24.0	0.6485507246376812	0.003046880143782978	5.0476190476190474
1.0	16.0	0.675	0.0022917030578194	5.508771929824562
1.0	14.0	0.5054945054945055	0.002105155778315939	5.050125313283208
1.0	21.0	0.5380952380952381	0.0029312915836838967	4.902255639097745
1.0	23.0	0.7509881422924901	0.0031410218422328827	5.496240601503759
1.0	10.0	0.7111111111111111	0.001620507915176499	6.388471177944862
1.0	16.0	0.5666666666666667	0.002505970560292965	5.491228070175438
1.0	14.0	0.6923076923076923	0.0021099476502084414	6.040100250626566
1.0	24.0	0.5471014492753623	0.0030075527568815927	4.117794486215539
1.0	12.0	0.8636363636363636	0.00212818390505979	6.9072681704260654
1.0	16.0	0.5666666666666667	0.0024781717191361356	6.042606516290727
1.0	18.0	0.5751633986928104	0.0025610993754718336	5.155388471177945
1.0	21.0	0.5619047619047619	0.002776079780019964	4.097744360902255
1.0	23.0	0.6837944664031621	0.003130899742711794	4.879699248120301
1.0	9.0	0.75	0.001839238398802048	7.110275689223058
1.0	20.0	0.5736842105263158	0.002648859038257473	4.150375939849624
1.0	16.0	0.625	0.002416478291178535	5.664160401002507
1.0	20.0	0.5263157894736842	0.0028577241969733108	5.333333333333333
1.0	18.0	0.673202614379085	0.0026059921346344153	5.709273182957394
1.0	9.0	0.6944444444444444	0.0014930238315635494	6.075187969924812
1.0	14.0	0.7252747252747253	0.002353203080828714	6.245614035087719
1.0	23.0	0.7272727272727273	0.0031212292045862365	5.398496240601504
1.0	16.0	0.65	0.002269133570698548	4.694235588972431
1.0	19.0	0.6432748538011696	0.0027083294901682035	5.531328320802005
1.0	16.0	0.55	0.002397366586277273	5.909774436090226
1.0	6.0	1.0	0.0011681193092369744	7.578947368421052
1.0	24.0	0.5362318840579711	0.0034332458428813126	5.3734335839598995
1.0	16.0	0.5833333333333334	0.0023299280160785853	4.629072681704261
1.0	13.0	0.5384615384615384	0.0024721880793989	6.81704260651629
1.0	23.0	0.6837944664031621	0.002992962669716835	5.503759398496241
1.0	9.0	0.8055555555555556	0.0014816996327276285	6.93734335839599
1.0	24.0	0.6086956521739131	0.0030361421936044007	4.862155388471178
1.0	18.0	0.7189542483660131	0.0023991916513683843	4.360902255639098
1.0	12.0	0.6515151515151515	0.0020459581867937797	6.769423558897243
1.0	25.0	0.3933333333333333	0.0033805335947541997	4.335839598997493
1.0	21.0	0.5619047619047619	0.0029275246683392827	5.428571428571429
1.0	22.0	0.6017316017316018	0.0030217753531361015	4.839598997493734
1.0	14.0	0.7032967032967034	0.0022337779292342635	4.543859649122807
1.0	15.0	0.6285714285714286	0.002389764756457627	4.654135338345864
1.0	25.0	0.6366666666666667	0.0032510207652854187	5.498746867167919
1.0	11.0	0.7090909090909091	0.0017321085444180506	6.097744360902255
1.0	25.0	0.62	0.0030811480993529427	4.526315789473684
1.0	16.0	0.525	0.002372015503114839	4.889724310776942
1.0	20.0	0.5947368421052631	0.0028011957033294522	4.81704260651629
1.0	25.0	0.5466666666666666	0.0034188156096523216	5.909774436090226
1.0	15.0	0.5714285714285714	0.0021309752411194836	4.483709273182957
1.0	23.0	0.6363636363636364	0.002907261405238815	5.017543859649122
1.0	15.0	0.49523809523809526	0.0021196386783176374	4.147869674185464
1.0	20.0	0.48947368421052634	0.0029185962578924095	5.6265664160401005
1.0	9.0	0.7777777777777778	0.0018088907273728309	7.140350877192983
1.0	18.0	0.45751633986928103	0.003117578105192063	6.160401002506266
1.0	15.0	0.6476190476190476	0.0022311692860096464	4.591478696741855
1.0	18.0	0.6797385620915033	0.0023078957003327266	4.4110275689223055
1.0	17.0	0.7647058823529411	0.002574784967070442	6.315789473684211
1.0	11.0	0.6909090909090909	0.0017826588785240386	6.005012531328321
1.0	13.0	0.48717948717948717	0.002217029033076665	6.2481203007518795
1.0	13.0	0.6410256410256411	0.0020212634654981757	5.859649122807017
1.0	18.0	0.5098039215686274	0.0028495261484067966	5.027568922305765
1.0	23.0	0.616600790513834	0.0028860421196181102	4.157894736842105
1.0	19.0	0.6491228070175439	0.002728417354522974	5.834586466165414
1.0	15.0	0.638095238095238	0.002227146195006645	4.3959899749373434
1.0	16.0	0.5416666666666666	0.002323112115578423	5.451127819548872
1.0	19.0	0.5146198830409356	0.00273527799105146	5.606516290726817
1.0	13.0	0.717948717948718	0.0019959184691888472	6.1077694235588975
1.0	13.0	0.7051282051282052	0.002015009790808751	6.0852130325814535
1.0	20.0	0.6736842105263158	0.0027963557480039014	5.428571428571429
1.0	15.0	0.6952380952380952	0.0022325140981879423	5.754385964912281
1.0	17.0	0.7426470588235294	0.0023879559433404294	5.423558897243108
1.0	12.0	0.6363636363636364	0.0018596075891155292	4.476190476190476
1.0	18.0	0.7320261437908496	0.0025640425970815594	5.383458646616542
1.0	22.0	0.5974025974025974	0.0031292022881983157	5.5664160401002505
1.0	21.0	0.6952380952380952	0.0029410469542517984	5.363408521303258
1.0	8.0	0.9642857142857143	0.001536893520280097	6.18796992481203
1.0	15.0	0.7142857142857143	0.0025002808019846516	6.0476190476190474
1.0	18.0	0.6601307189542484	0.0024617380347683702	4.854636591478696
1.0	16.0	0.6083333333333333	0.0023795436518406995	6.659147869674185
1.0	16.0	0.575	0.002246828290361197	4.401002506265664
1.0	21.0	0.4714285714285714	0.0030282960394378525	5.205513784461153
1.0	11.0	0.7818181818181819	0.001634631478721764	5.854636591478696
1.0	18.0	0.6405228758169934	0.0024972811728892004	4.343358395989975
1.0	20.0	0.5684210526315789	0.0027338284412950758	4.443609022556391
1.0	11.0	0.8727272727272727	0.0019705211236238896	6.982456140350878
1.0	21.0	0.5666666666666667	0.002976122458666921	6.020050125313284
1.0	23.0	0.6877470355731226	0.0031364576549823527	5.431077694235589
1.0	5.0	0.8	0.0010254494310154513	6.634085213032582
1.0	20.0	0.6947368421052632	0.002816642074369777	5.338345864661654
1.0	16.0	0.7833333333333333	0.0021627211263948076	4.230576441102757
1.0	18.0	0.5947712418300654	0.0025884925619614647	5.283208020050125
1.0	16.0	0.6	0.002286263154017344	4.784461152882206
1.0	15.0	0.5333333333333333	0.0021297971227049618	5.37593984962406
1.0	8.0	0.7857142857142857	0.0016652185351120129	7.042606516290727
1.0	23.0	0.5335968379446641	0.0031231597267965066	4.786967418546366
1.0	14.0	0.6043956043956044	0.0021910361898589727	4.443609022556391
1.0	11.0	0.7454545454545455	0.0017759087339607085	6.2781954887218046
1.0	13.0	0.6282051282051282	0.002112714128909722	6.1002506265664165
1.0	20.0	0.5263157894736842	0.002629978429674684	4.0852130325814535
1.0	16.0	0.5166666666666667	0.0022443426589777308	4.776942355889724
1.0	24.0	0.5978260869565217	0.0032879028260917064	6.052631578947368
1.0	21.0	0.6285714285714286	0.0028948768364598356	5.095238095238095
1.0	18.0	0.6470588235294118	0.002597621867849761	5.726817042606516
1.0	17.0	0.6029411764705882	0.0023559749323252568	4.0927318295739346
1.0	24.0	0.5688405797101449	0.003280934141880823	5.370927318295739
1.0	23.0	0.4980237154150198	0.0029848930506382373	4.273182957393484
1.0	22.0	0.4588744588744589	0.002902215908368612	4.040100250626566
1.0	22.0	0.6666666666666666	0.0030674820669762764	5.162907268170426
1.0	26.0	0.6676923076923077	0.0035412102336271154	5.37844611528822
1.0	16.0	0.7416666666666667	0.0022919633600447255	5.842105263157895
1.0	25.0	0.57	0.003444118696420242	5.010025062656641
1.0	21.0	0.4714285714285714	0.0029640023174449443	4.150375939849624
1.0	13.0	0.7948717948717948	0.0018634566466423268	6.2556390977443606
1.0	24.0	0.6884057971014492	0.0032901178727642215	5.496240601503759
1.0	18.0	0.6078431372549019	0.002820432772135496	6.177944862155388
1.0	16.0	0.55	0.00251036118015546	5.223057644110276
1.0	12.0	0.7424242424242424	0.0018067358361935075	6.486215538847118
1.0	25.0	0.57	0.0034078144905016713	5.045112781954887
1.0	14.0	0.45054945054945056	0.002612881931285019	6.829573934837093
1.0	15.0	0.6666666666666666	0.0022718867861848103	5.646616541353383
1.0	17.0	0.47794117647058826	0.0024951075635969524	4.819548872180451
1.0	23.0	0.6363636363636364	0.0028548578643307347	4.68671679197995
1.0	19.0	0.6023391812865497	0.002747187379061416	5.388471177944862
1.0	23.0	0.6679841897233202	0.0030091235079027887	5.538847117794486
1.0	17.0	0.5808823529411765	0.0025581769178169094	5.629072681704261
1.0	10.0	0.6888888888888889	0.0018080625575094059	5.431077694235589
1.0	18.0	0.6078431372549019	0.002564677908947794	6.268170426065163
1.0	15.0	0.6571428571428571	0.0021441565997905167	4.709273182957394
1.0	21.0	0.7095238095238096	0.0026462504755285442	4.406015037593985
1.0	20.0	0.5894736842105263	0.002732613234296249	4.62155388471178
1.0	22.0	0.6536796536796536	0.0030362678165659985	5.06265664160401
1.0	14.0	0.5494505494505495	0.002001630030848655	4.932330827067669
1.0	24.0	0.5942028985507246	0.0032747006697231196	5.531328320802005
1.0	16.0	0.6666666666666666	0.0022549976168789276	4.674185463659148
1.0	20.0	0.6473684210526316	0.002671527179917554	5.461152882205514
1.0	18.0	0.5032679738562091	0.002654050836437238	4.383458646616542
1.0	21.0	0.8714285714285714	0.002839168529819815	5.513784461152882
1.0	17.0	0.7132352941176471	0.002488559724516562	6.160401002506266
1.0	19.0	0.631578947368421	0.0026036797830458537	4.18546365914787
1.0	17.0	0.6985294117647058	0.0023641504230818224	4.807017543859649
1.0	19.0	0.5964912280701754	0.0027104472295736357	6.017543859649122
1.0	8.0	0.8928571428571429	0.0014690165420388932	6.834586466165414
1.0	22.0	0.6536796536796536	0.003041518572583221	5.0776942355889725
1.0	16.0	0.6166666666666667	0.0024872446185206358	5.867167919799499
1.0	20.0	0.5578947368421052	0.0027894728572999045	5.0776942355889725
1.0	16.0	0.4666666666666667	0.002374585060317103	4.726817042606516
1.0	25.0	0.69	0.003350890671565211	4.791979949874687
1.0	17.0	0.5073529411764706	0.002464831624927367	4.909774436090226
1.0	21.0	0.5523809523809524	0.002973859112313515	5.43859649122807
1.0	17.0	0.5735294117647058	0.002876228271704339	6.228070175438597
1.0	25.0	0.5866666666666667	0.0031557377051339534	5.030075187969925
1.0	18.0	0.5620915032679739	0.00258818809814169	5.4636591478696745
1.0	6.0	1.0	0.0013496835337699173	7.81704260651629
1.0	22.0	0.6060606060606061	0.0030637242707986056	6.095238095238095
1.0	20.0	0.8526315789473684	0.0026994281035419712	5.0701754385964914
1.0	21.0	0.7047619047619048	0.002754336535961838	5.458646616541353
1.0	11.0	0.6545454545454545	0.0016557207476936263	5.897243107769423
1.0	19.0	0.4853801169590643	0.0028034992784313575	5.423558897243108
1.0	16.0	0.5416666666666666	0.0024725012501708977	4.323308270676692
1.0	25.0	0.5166666666666667	0.0035880920062743116	5.370927318295739
1.0	20.0	0.6105263157894737	0.0027772011005776065	5.318295739348371
1.0	14.0	0.5934065934065934	0.0022429066173824982	5.511278195488722
1.0	18.0	0.5620915032679739	0.002496756196680298	4.057644110275689
1.0	22.0	0.6320346320346321	0.002750153978076923	4.353383458646617
1.0	22.0	0.5757575757575758	0.003108041682417732	5.2781954887218046
1.0	21.0	0.5523809523809524	0.002704987032772706	4.082706766917293
1.0	18.0	0.5490196078431373	0.0026557400687586305	5.2781954887218046
1.0	9.0	0.7777777777777778	0.0018088907273728309	7.140350877192983
1.0	20.0	0.49473684210526314	0.002865358212898287	5.365914786967418
1.0	14.0	0.6153846153846154	0.002151596993480458	5.739348370927318
1.0	20.0	0.5894736842105263	0.002678446349938431	4.7293233082706765
1.0	17.0	0.7647058823529411	0.002574784967070442	6.315789473684211
1.0	13.0	0.7692307692307693	0.002102629825870018	4.716791979949875
1.0	24.0	0.5978260869565217	0.0032879028260917064	6.052631578947368
1.0	21.0	0.6238095238095238	0.002985217468224014	5.498746867167919
1.0	18.0	0.49019607843137253	0.0026305277670202252	5.533834586466165
1.0	19.0	0.38596491228070173	0.002926074440587177	4.869674185463659
1.0	19.0	0.631578947368421	0.002609707101702277	4.225563909774436
1.0	17.0	0.5808823529411765	0.00242994059834358	5.506265664160401
1.0	20.0	0.5789473684210527	0.0028655038563169034	5.408521303258145
1.0	16.0	0.5333333333333333	0.002594872247082666	4.8997493734335835
1.0	14.0	0.5384615384615384	0.0021257403406116163	4.598997493734336
1.0	14.0	0.6483516483516484	0.0023442566283287366	6.799498746867168
1.0	19.0	0.5672514619883041	0.002609902775608502	4.81203007518797
1.0	12.0	0.7878787878787878	0.0018864166610022663	6.368421052631579
1.0	14.0	0.7692307692307693	0.0021000068307692227	6.18546365914787
1.0	21.0	0.5523809523809524	0.002644120103066425	4.4035087719298245
1.0	23.0	0.6996047430830039	0.0029783649921990333	5.428571428571429
1.0	18.0	0.7189542483660131	0.0027436787580617334	6.333333333333333
1.0	14.0	0.45054945054945056	0.001914278052242598	4.6992481203007515
1.0	23.0	0.6126482213438735	0.003140856971889222	6.057644110275689
1.0	23.0	0.5770750988142292	0.0031919193339722167	5.927318295739348
1.0	15.0	0.5333333333333333	0.0022516257829252617	5.027568922305765
1.0	7.0	0.7142857142857143	0.0015578944631130004	7.4411027568922306
1.0	15.0	0.6190476190476191	0.002296311595128093	5.639097744360902
1.0	18.0	0.49019607843137253	0.0026527559067892766	5.4260651629072685
1.0	12.0	0.6363636363636364	0.0020641790840761546	6.716791979949875
1.0	16.0	0.4083333333333333	0.0023963447628956684	4.2531328320802
1.0	16.0	0.525	0.002723334973792939	5.458646616541353
1.0	17.0	0.5735294117647058	0.002519410258648688	5.345864661654136
1.0	11.0	0.7818181818181819	0.001634631478721764	5.854636591478696
1.0	21.0	0.5904761904761905	0.002803048348907905	5.350877192982456
1.0	16.0	0.7833333333333333	0.002162721126394807	4.230576441102757
1.0	15.0	0.5904761904761905	0.0022831362354997454	5.5889724310776945
1.0	22.0	0.683982683982684	0.002878628115101324	5.506265664160401
1.0	16.0	0.7583333333333333	0.0023248631781576682	5.478696741854637
1.0	20.0	0.6	0.0026186695479996675	4.408521303258145
1.0	12.0	0.803030303030303	0.001962348391258466	4.7593984962406015
1.0	23.0	0.6679841897233202	0.00291292408404478	5.017543859649122
1.0	20.0	0.5105263157894737	0.0026346010378012	4.2631578947368425
1.0	23.0	0.5691699604743083	0.0031930722044599745	5.932330827067669
1.0	16.0	0.7416666666666667	0.0022550589636179644	4.764411027568922
1.0	19.0	0.6608187134502924	0.0029333741393809537	6.421052631578948
1.0	27.0	0.5954415954415955	0.0037349093910476585	5.461152882205514
1.0	23.0	0.6284584980237155	0.0031862059283286025	5.491228070175438
1.0	17.0	0.6911764705882353	0.002388153008486163	4.761904761904762
1.0	8.0	0.5357142857142857	0.0014035181713860213	6.157894736842105
1.0	10.0	0.7777777777777778	0.0016174004900506107	6.152882205513785
1.0	11.0	0.6363636363636364	0.0021010675101743414	7.132832080200501
1.0	21.0	0.7095238095238096	0.0026462504755285442	4.406015037593985
1.0	13.0	0.6410256410256411	0.001966502555296145	4.408521303258145
1.0	21.0	0.7571428571428571	0.0026259544621453365	4.365914786967418
1.0	23.0	0.549407114624506	0.0031452409763826146	4.802005012531328
1.0	24.0	0.5833333333333334	0.003264144236670439	5.481203007518797
1.0	24.0	0.5942028985507246	0.0032747006697231196	5.531328320802005
1.0	13.0	0.7307692307692307	0.002010680156455249	5.771929824561403
1.0	13.0	0.717948717948718	0.001982857396570609	6.155388471177945
1.0	26.0	0.5261538461538462	0.003536362406556997	5.295739348370927
1.0	11.0	0.5454545454545454	0.001870436658334594	5.4636591478696745
1.0	21.0	0.5619047619047619	0.0029255591281796803	5.323308270676692
1.0	15.0	0.6571428571428571	0.0022634657156600222	5.508771929824562
1.0	21.0	0.5761904761904761	0.0029148038844747544	5.005012531328321
1.0	8.0	0.7142857142857143	0.001361165424240379	6.0852130325814535
1.0	17.0	0.5441176470588235	0.0024133753093925157	5.037593984962406
1.0	16.0	0.6416666666666667	0.002276705950275876	4.348370927318296
1.0	13.0	0.7051282051282052	0.002027555352276485	5.924812030075188
1.0	19.0	0.8245614035087719	0.0023949545719959943	4.601503759398496
1.0	21.0	0.5666666666666667	0.0027549954360434063	4.3734335839598995
1.0	21.0	0.7238095238095238	0.0026394739765351273	4.328320802005012
1.0	15.0	0.5904761904761905	0.002255824801025499	6.779448621553884
1.0	24.0	0.4673913043478261	0.003049595221695786	4.080200501253133
1.0	20.0	0.6105263157894737	0.0027699469876473785	4.81453634085213
1.0	12.0	0.7878787878787878	0.001728439809853593	5.847117794486215
1.0	19.0	0.6257309941520468	0.0025345518531476037	4.18546365914787
1.0	16.0	0.45	0.002330550479489748	4.052631578947368
1.0	17.0	0.47058823529411764	0.0024998909819475947	5.072681704260652
1.0	18.0	0.6928104575163399	0.002690527036819969	6.0776942355889725
1.0	12.0	0.7121212121212122	0.0019879161208166767	5.37593984962406
1.0	19.0	0.5789473684210527	0.0027238228994307307	6.132832080200501
1.0	16.0	0.575	0.0023244855201726366	4.81704260651629
1.0	19.0	0.6198830409356725	0.0024929238573946416	4.228070175438597
1.0	19.0	0.5672514619883041	0.0030121630493893485	6.175438596491228
1.0	19.0	0.543859649122807	0.0026117313491996943	4.656641604010025
1.0	16.0	0.5083333333333333	0.0022975141347974966	5.2531328320802
1.0	17.0	0.7352941176470589	0.0024561160193881815	6.293233082706767
1.0	22.0	0.5714285714285714	0.002783955101215353	4.87468671679198
1.0	17.0	0.5441176470588235	0.0024511536352175923	4.659147869674185
1.0	13.0	0.8076923076923077	0.0020870213380932015	6.619047619047619
1.0	18.0	0.5359477124183006	0.002606697587021112	4.355889724310777
1.0	19.0	0.6608187134502924	0.0029333741393809537	6.421052631578948
1.0	23.0	0.5889328063241107	0.0031808608960385443	6.0
1.0	20.0	0.6263157894736842	0.0028745776179768807	5.62155388471178
1.0	24.0	0.5942028985507246	0.0032747006697231196	5.531328320802005
1.0	17.0	0.5073529411764706	0.0023943749103088117	4.942355889724311
1.0	10.0	0.5777777777777777	0.0017549596656247291	6.5363408521303255
1.0	16.0	0.5333333333333333	0.0023315305108722027	4.9223057644110275
1.0	8.0	0.8928571428571429	0.0014690165420388932	6.834586466165414
1.0	18.0	0.6470588235294118	0.0026570147800454905	5.7218045112781954
1.0	22.0	0.6320346320346321	0.0027501539780769232	4.353383458646617
1.0	11.0	0.7454545454545455	0.0019064026897913913	6.957393483709273
1.0	10.0	0.7555555555555555	0.0016448667485674576	6.315789473684211
1.0	12.0	0.7121212121212122	0.0019879161208166767	5.37593984962406
1.0	17.0	0.5735294117647058	0.0025606463365461423	5.7293233082706765
1.0	16.0	0.8083333333333333	0.002443135269809617	6.393483709273183
1.0	19.0	0.4093567251461988	0.002617384150442857	4.468671679197995
1.0	10.0	0.7111111111111111	0.0018359648602716615	6.696741854636591
1.0	22.0	0.6363636363636364	0.00310176748092366	5.305764411027569
1.0	16.0	0.7583333333333333	0.0023248631781576682	5.478696741854637
1.0	20.0	0.6052631578947368	0.0028541075498786823	5.31328320802005
1.0	23.0	0.7865612648221344	0.0031031644015572625	5.390977443609023
1.0	15.0	0.41904761904761906	0.002210639931031814	4.498746867167919
1.0	16.0	0.6166666666666667	0.0024872446185206358	5.867167919799499
1.0	19.0	0.5380116959064327	0.0027949106662811165	5.416040100250626
1.0	18.0	0.5620915032679739	0.0025304171985743073	5.027568922305765
1.0	19.0	0.5964912280701754	0.0025539468372115866	4.731829573934837
1.0	20.0	0.7894736842105263	0.0025156937998840013	4.431077694235589
1.0	16.0	0.6166666666666667	0.0026903045724376707	6.075187969924812
1.0	19.0	0.6023391812865497	0.0026915117467727007	5.521303258145363
1.0	9.0	0.7222222222222222	0.0018460239017500497	7.1152882205513786
1.0	17.0	0.5220588235294118	0.0023847677820946294	4.468671679197995
1.0	22.0	0.6017316017316018	0.0030793107457067334	5.93984962406015
1.0	10.0	0.7555555555555555	0.0017791449674820319	6.967418546365915
1.0	16.0	0.6083333333333333	0.0023587789563515814	4.5739348370927315
1.0	11.0	0.6727272727272727	0.0019869479398423985	5.6265664160401005
1.0	18.0	0.7189542483660131	0.0023991916513683843	4.360902255639098
1.0	24.0	0.5108695652173914	0.003331905326913815	4.927318295739348
1.0	9.0	0.6111111111111112	0.0015971067495560009	6.538847117794486
1.0	24.0	0.6992753623188406	0.003225922492049708	4.796992481203008
1.0	23.0	0.6679841897233202	0.002873772212243968	4.283208020050125
1.0	23.0	0.6600790513833992	0.0030036431927771413	5.488721804511278
1.0	18.0	0.673202614379085	0.002578448873884106	6.142857142857143
1.0	18.0	0.6862745098039216	0.0026748082604984087	5.864661654135339
1.0	6.0	1.0	0.00134167372361679	7.598997493734336
1.0	15.0	0.6857142857142857	0.002242850853968324	6.809523809523809
1.0	8.0	0.6071428571428571	0.0013402870186443848	6.142857142857143
1.0	11.0	0.509090909090909	0.001743788256927414	4.694235588972431
1.0	20.0	0.5421052631578948	0.002772817711941343	4.526315789473684
1.0	24.0	0.6630434782608695	0.003056424168607581	5.0476190476190474
1.0	12.0	0.6212121212121212	0.0021334682263758164	5.867167919799499
1.0	15.0	0.638095238095238	0.002148309012644421	4.2781954887218046
1.0	15.0	0.6857142857142857	0.0024409486160180136	6.804511278195489
1.0	16.0	0.6083333333333333	0.0022754246275319026	5.290726817042606
1.0	20.0	0.5789473684210527	0.0030094753672792	6.012531328320802
1.0	15.0	0.7142857142857143	0.0025002808019846516	6.0476190476190474
1.0	17.0	0.6397058823529411	0.0023779456046647985	4.696741854636591
1.0	22.0	0.8268398268398268	0.002964934084138144	5.406015037593985
1.0	9.0	0.8888888888888888	0.0016935680477468628	6.067669172932331
1.0	9.0	0.8055555555555556	0.001605083823202887	6.511278195488722
1.0	22.0	0.5930735930735931	0.002747597723848233	4.451127819548872
1.0	21.0	0.8095238095238095	0.002830881127899175	5.065162907268171
1.0	13.0	0.7692307692307693	0.0021026298258700186	4.716791979949875
1.0	6.0	1.0	0.001084507614068803	7.518796992481203
1.0	20.0	0.5894736842105263	0.0027515119146424858	5.042606516290727
1.0	22.0	0.5151515151515151	0.003170405809585753	5.704260651629073
1.0	16.0	0.5833333333333334	0.0025235760568228217	4.641604010025063
1.0	22.0	0.6233766233766234	0.0030068637442848293	5.067669172932331
1.0	12.0	0.7878787878787878	0.0018864166610022663	6.368421052631579
1.0	13.0	0.5512820512820513	0.002082274057751527	6.137844611528822
