Constant_feature	Degree	Clustering_coefficient	Pagerank	Aver_path_len
1.0	1.0	0.0	0.02527619933586958	7.15
1.0	2.0	0.0	0.04518425099525625	5.95
1.0	1.0	0.0	0.024899080409003113	4.95
1.0	1.0	0.0	0.0248583691989449	6.1
1.0	1.0	0.0	0.025267090149957906	4.55
1.0	1.0	0.0	0.02517764838944163	4.6
1.0	2.0	0.0	0.04472471654104399	3.9
1.0	3.0	0.0	0.06506944560079884	4.45
1.0	2.0	0.0	0.04460847903405796	5.25
1.0	2.0	0.0	0.04516868830915599	6.0
1.0	3.0	0.0	0.06712309609336368	4.0
1.0	3.0	0.0	0.06698792400019477	5.15
1.0	2.0	0.0	0.045404265797056254	3.75
1.0	3.0	0.0	0.06834916626278198	3.6
1.0	3.0	0.0	0.06805419095341587	3.65
1.0	3.0	0.0	0.06515900562540422	4.25
1.0	2.0	0.0	0.04474343186692194	4.9
1.0	2.0	0.0	0.04474343186692194	4.9
1.0	2.0	0.0	0.045411399836747024	5.55
1.0	2.0	0.0	0.045411399836747024	5.55
1.0	3.0	0.0	0.06837871989691471	6.2
