Constant_feature	Degree	Clustering_coefficient	Pagerank	Aver_path_len
1.0	1.0	0.0	0.024269232046341037	8.416666666666666
1.0	0.0	0.0	0.0	0.0
1.0	2.0	0.0	0.040101799616807474	5.916666666666667
1.0	2.0	0.0	0.036078972084836416	3.7916666666666665
1.0	3.0	0.0	0.06133244698857795	5.791666666666667
1.0	2.0	0.0	0.034199955569184884	4.708333333333333
1.0	2.0	0.0	0.03896810584284569	4.625
1.0	2.0	0.0	0.03777007723538871	4.166666666666667
1.0	2.0	0.0	0.03993384455246923	5.166666666666667
1.0	3.0	0.0	0.05027188546923464	3.5
1.0	3.0	0.0	0.05005493131577762	3.7916666666666665
1.0	3.0	0.0	0.05006938240943127	3.9583333333333335
1.0	2.0	0.0	0.04266810075664106	6.583333333333333
1.0	3.0	0.0	0.05032682525243613	4.25
1.0	3.0	0.0	0.05033818374795705	4.416666666666667
1.0	2.0	0.0	0.03527681762423474	4.416666666666667
1.0	1.0	0.0	0.022398868710300033	6.75
1.0	2.0	0.0	0.035301284205554395	4.75
1.0	2.0	0.0	0.03538010631883984	4.875
1.0	2.0	0.0	0.03539578111141959	5.208333333333333
1.0	2.0	0.0	0.04504485069850203	7.458333333333333
1.0	3.0	0.0	0.05420261216499817	5.041666666666667
1.0	2.0	0.0	0.03618142839866974	5.5
1.0	2.0	0.0	0.036179912089750306	5.541666666666667
1.0	2.0	0.0	0.036208605613321655	6.0
1.0	1.0	0.0	0.02204599017648022	6.875
