Constant_feature	Degree	Clustering_coefficient	Pagerank	Aver_path_len
1.0	1.0	0.0	0.03271005262580725	6.0
1.0	1.0	0.0	0.03056205828840249	4.705882352941177
1.0	1.0	0.0	0.03056205828840249	4.705882352941177
1.0	1.0	0.0	0.03056205828840249	4.705882352941177
1.0	2.0	0.0	0.056109073648453495	3.764705882352941
1.0	1.0	0.0	0.030027275430302928	4.235294117647059
1.0	2.0	0.0	0.052762408980800195	3.0588235294117645
1.0	2.0	0.0	0.05795876371961536	4.352941176470588
1.0	3.0	0.0	0.07688895066480066	3.176470588235294
1.0	3.0	0.0	0.07578229875320146	2.9411764705882355
1.0	2.0	0.0	0.05242510561296455	3.8823529411764706
1.0	2.0	0.0	0.052040675926887055	3.6470588235294117
1.0	4.0	0.0	0.11113791991391953	3.764705882352941
1.0	2.0	0.0	0.05289730120229069	4.588235294117647
1.0	2.0	0.0	0.05277673316786171	4.352941176470588
1.0	3.0	0.0	0.081571087638528	3.2941176470588234
1.0	3.0	0.0	0.09051612522355222	5.0588235294117645
1.0	1.0	0.0	0.03271005262580725	6.0
