Constant_feature	Degree	Clustering_coefficient	Pagerank	Aver_path_len
1.0	0.0	0.0	0.0	0.0
1.0	2.0	0.0	0.02332683475759007	6.255813953488372
1.0	2.0	0.0	0.022191316471364603	6.069767441860465
1.0	2.0	0.0	0.022592996824840075	6.651162790697675
1.0	2.0	0.0	0.02300063632967109	7.511627906976744
1.0	2.0	0.0	0.023501467568878748	6.883720930232558
1.0	1.0	0.0	0.011548364745834516	7.023255813953488
1.0	1.0	0.0	0.01274961032752006	7.883720930232558
1.0	1.0	0.0	0.01176327801521186	7.767441860465116
1.0	1.0	0.0	0.013053566863895793	8.511627906976743
1.0	1.0	0.0	0.012005280670155537	7.372093023255814
1.0	2.0	0.0	0.02114710801196551	6.255813953488372
1.0	1.0	0.0	0.013462449845198864	8.813953488372093
1.0	1.0	0.0	0.013053566863895793	8.511627906976743
1.0	3.0	0.0	0.031869873469824346	5.325581395348837
1.0	3.0	0.0	0.031472939331009635	5.27906976744186
1.0	2.0	0.0	0.02146455984937693	5.441860465116279
1.0	3.0	0.0	0.03210031077219172	5.558139534883721
1.0	3.0	0.0	0.03217543043155848	5.4186046511627906
1.0	2.0	0.0	0.021015573101036928	5.72093023255814
1.0	1.0	0.0	0.011903307439731689	6.534883720930233
1.0	2.0	0.0	0.02161802270162709	5.5813953488372094
1.0	1.0	0.0	0.011925410804138378	6.395348837209302
1.0	3.0	0.0	0.030372076057060507	5.837209302325581
1.0	3.0	0.0	0.03230933475182901	5.72093023255814
1.0	3.0	0.0	0.031797090522936916	5.813953488372093
1.0	1.0	0.0	0.012769506878209871	7.232558139534884
1.0	3.0	0.0	0.03122652545753276	6.5813953488372094
1.0	3.0	0.0	0.03092101843137439	6.046511627906977
1.0	3.0	0.0	0.03221869834003335	5.953488372093023
1.0	3.0	0.0	0.034923564639373544	6.906976744186046
1.0	1.0	0.0	0.011965339170215982	6.6976744186046515
1.0	3.0	0.0	0.030470516273656663	6.093023255813954
1.0	3.0	0.0	0.03163285939068662	6.790697674418604
1.0	2.0	0.0	0.024865626407347623	7.837209302325581
1.0	2.0	0.0	0.020905105357021832	6.837209302325581
1.0	2.0	0.0	0.021844564333166443	6.116279069767442
1.0	2.0	0.0	0.022015778284291465	6.255813953488372
1.0	3.0	0.0	0.03593496035595943	7.534883720930233
1.0	3.0	0.0	0.03243975248531131	6.395348837209302
1.0	1.0	0.0	0.012623709053742932	8.488372093023257
1.0	1.0	0.0	0.012848774950195794	7.8604651162790695
1.0	3.0	0.0	0.03282651134131299	6.441860465116279
1.0	2.0	0.0	0.022026693928151736	6.372093023255814
1.0	1.0	0.0	0.01212008839407082	7.4186046511627906
