Constant_feature	Degree	Clustering_coefficient	Pagerank	Aver_path_len
1.0	4.0	0.0	0.04233294845401631	6.956521739130435
1.0	2.0	0.0	0.01827744402774942	5.043478260869565
1.0	2.0	0.0	0.018612637454108655	5.217391304347826
1.0	2.0	0.0	0.018685939486171806	5.369565217391305
1.0	2.0	0.0	0.01862668202002259	5.413043478260869
1.0	2.0	0.0	0.018735214564968274	5.565217391304348
1.0	1.0	0.0	0.010911655630636407	6.456521739130435
1.0	2.0	0.0	0.022804035456372072	7.891304347826087
1.0	2.0	0.0	0.022804035456372072	7.891304347826087
1.0	1.0	0.0	0.011653401122756207	7.934782608695652
1.0	3.0	0.0	0.02641805410248876	4.543478260869565
1.0	3.0	0.0	0.026595470374170822	4.695652173913044
1.0	3.0	0.0	0.026450010850339555	4.739130434782608
1.0	3.0	0.0	0.027115926762388116	4.8478260869565215
1.0	3.0	0.0	0.02671953082056256	4.891304347826087
1.0	3.0	0.0	0.02927797960735391	5.478260869565218
1.0	2.0	0.0	0.02043739717892453	6.195652173913044
1.0	2.0	0.0	0.019023042333581673	5.934782608695652
1.0	2.0	0.0	0.019064791014204965	6.086956521739131
1.0	2.0	0.0	0.019030330435164465	6.130434782608695
1.0	2.0	0.0	0.019094590844047306	6.282608695652174
1.0	3.0	0.0	0.028396000745425906	6.695652173913044
1.0	3.0	0.0	0.028429110348101385	6.8478260869565215
1.0	3.0	0.0	0.02840267875104672	6.891304347826087
1.0	3.0	0.0	0.028450453452356618	7.043478260869565
1.0	2.0	0.0	0.019677164929459985	7.586956521739131
1.0	2.0	0.0	0.019677164929459985	7.586956521739131
1.0	2.0	0.0	0.019691308569663037	7.739130434782608
1.0	2.0	0.0	0.019691308569663037	7.739130434782608
1.0	2.0	0.0	0.01967943081606616	7.782608695652174
1.0	2.0	0.0	0.01967943081606616	7.782608695652174
1.0	2.0	0.0	0.019701964391210997	7.934782608695652
1.0	2.0	0.0	0.019701964391210997	7.934782608695652
1.0	2.0	0.0	0.020065983410366323	8.478260869565217
1.0	2.0	0.0	0.020065983410366323	8.478260869565217
1.0	2.0	0.0	0.02007760444352546	8.630434782608695
1.0	2.0	0.0	0.02007760444352546	8.630434782608695
1.0	1.0	0.0	0.012388629390153219	8.869565217391305
1.0	1.0	0.0	0.012388629390153219	8.869565217391305
1.0	2.0	0.0	0.020068466430138508	8.673913043478262
1.0	2.0	0.0	0.020068466430138508	8.673913043478262
1.0	2.0	0.0	0.02018808475001191	9.369565217391305
1.0	2.0	0.0	0.020197560535257397	9.521739130434783
1.0	2.0	0.0	0.02008470608211433	8.826086956521738
1.0	2.0	0.0	0.02008470608211433	8.826086956521738
1.0	2.0	0.0	0.020189506623905406	9.565217391304348
1.0	2.0	0.0	0.0202049698720981	9.717391304347826
