Constant_feature	Degree	Clustering_coefficient	Pagerank	Aver_path_len
1.0	1.0	0.0	0.02006610316086455	5.12
1.0	2.0	0.0	0.03928016871918625	6.4
1.0	2.0	0.0	0.03570781138704862	4.48
1.0	2.0	0.0	0.03487851386986851	3.92
1.0	2.0	0.0	0.03576105068015266	4.0
1.0	2.0	0.0	0.035157172831412564	5.28
1.0	3.0	0.0	0.05042782201509033	4.48
1.0	3.0	0.0	0.04979706598205239	3.92
1.0	3.0	0.0	0.052140476825996804	4.88
1.0	3.0	0.0	0.05042782201509033	4.48
1.0	3.0	0.0	0.05354506956936356	5.52
1.0	2.0	0.0	0.035157172831412564	5.28
1.0	2.0	0.0	0.035157172831412564	5.28
1.0	2.0	0.0	0.03591329429576219	5.68
1.0	2.0	0.0	0.03640448166480411	6.32
1.0	2.0	0.0	0.035157172831412564	5.28
1.0	2.0	0.0	0.035963104612955626	6.08
1.0	2.0	0.0	0.035963104612955626	6.08
1.0	2.0	0.0	0.03650194124970386	6.48
1.0	2.0	0.0	0.03621222720006085	6.88
1.0	2.0	0.0	0.036653160492326614	7.12
1.0	3.0	0.0	0.0540678669746639	4.16
1.0	2.0	0.0	0.035963104612955626	6.08
1.0	2.0	0.0	0.03621222720006085	6.88
1.0	2.0	0.0	0.035963104612955626	6.08
1.0	1.0	0.0	0.021521786920431003	7.36
