Constant_feature	Degree	Clustering_coefficient	Pagerank	Aver_path_len
1.0	4.0	0.0	0.11922787905372585	3.0
1.0	1.0	0.0	0.03404486365271245	4.875
1.0	1.0	0.0	0.03404486365271245	4.875
1.0	1.0	0.0	0.03404486365271245	4.875
1.0	2.0	0.0	0.06386935687815623	3.8125
1.0	2.0	0.0	0.06386935687815623	3.8125
1.0	1.0	0.0	0.03270819264712421	3.9375
1.0	1.0	0.0	0.032644219245002465	3.875
1.0	2.0	0.0	0.059068653471984665	2.75
1.0	2.0	0.0	0.06080672995653844	3.375
1.0	4.0	0.0	0.1174399923821658	2.6875
1.0	1.0	0.0	0.032306787168158664	3.625
1.0	1.0	0.0	0.032306787168158664	3.625
1.0	3.0	0.0	0.08920474343795684	2.9375
1.0	1.0	0.0	0.03462399578163908	4.75
1.0	1.0	0.0	0.03462399578163908	4.75
1.0	4.0	0.0	0.12516471919145625	3.9375
