Constant_feature	Degree	Clustering_coefficient	Pagerank	Aver_path_len
1.0	1.0	0.0	0.0273563403052489	4.666666666666667
1.0	1.0	0.0	0.027646169705484225	5.222222222222222
1.0	2.0	0.0	0.049012577044522915	3.8333333333333335
1.0	1.0	0.0	0.027635204699151313	5.277777777777778
1.0	1.0	0.0	0.027168619670225106	3.9444444444444446
1.0	3.0	0.0	0.07125718600936408	3.2222222222222223
1.0	3.0	0.0	0.07364438169081672	3.7222222222222223
1.0	3.0	0.0	0.07460989709437477	4.277777777777778
1.0	3.0	0.0	0.07457333192885383	4.333333333333333
1.0	2.0	0.0	0.04854599201559671	3.0555555555555554
1.0	3.0	0.0	0.07301644271126757	3.0
1.0	3.0	0.0	0.07152466851879975	3.1666666666666665
1.0	3.0	0.0	0.07398053710403169	3.7777777777777777
1.0	2.0	0.0	0.04924547294703957	3.7777777777777777
1.0	3.0	0.0	0.075087731666314	4.388888888888889
1.0	2.0	0.0	0.050110822630981676	4.388888888888889
1.0	2.0	0.0	0.05033785965017345	5.0
1.0	1.0	0.0	0.027458033925466915	4.722222222222222
1.0	1.0	0.0	0.027788730682286534	5.333333333333333
