Constant_feature	Degree	Clustering_coefficient	Pagerank	Aver_path_len
1.0	3.0	0.0	0.05187566749699318	4.12
1.0	2.0	0.0	0.03437766596118106	4.2
1.0	1.0	0.0	0.019407955736542064	5.08
1.0	1.0	0.0	0.0185734609623345	4.16
1.0	1.0	0.0	0.018557868548591764	4.4
1.0	3.0	0.0	0.04667149321819378	3.32
1.0	1.0	0.0	0.020061842938572008	4.64
1.0	3.0	0.0	0.04681141656211514	3.2
1.0	4.0	0.0	0.06281184934872702	2.8
1.0	2.0	0.0	0.032961116678694564	4.04
1.0	3.0	0.0	0.04667381091758408	2.8
1.0	3.0	0.0	0.04900994750755027	3.36
1.0	2.0	0.0	0.03291854515626758	4.16
1.0	2.0	0.0	0.03349143277235123	4.64
1.0	3.0	0.0	0.046561501369179706	3.04
1.0	3.0	0.0	0.049091750745073284	3.2
1.0	2.0	0.0	0.03603275131954538	3.68
1.0	3.0	0.0	0.04903940611438393	3.44
1.0	2.0	0.0	0.03523566578442919	4.96
1.0	2.0	0.0	0.03517327553367874	5.0
1.0	3.0	0.0	0.04842299896319423	3.6
1.0	3.0	0.0	0.04840919736799839	3.84
1.0	2.0	0.0	0.034059261375332814	4.4
1.0	2.0	0.0	0.03405467963446607	4.64
1.0	2.0	0.0	0.03485860700751984	5.2
1.0	2.0	0.0	0.034856830979500215	5.44
