Constant_feature	Degree	Clustering_coefficient	Pagerank	Aver_path_len
1.0	1.0	0.0	0.02524638483261729	6.85
1.0	1.0	0.0	0.02490000863336129	4.95
1.0	1.0	0.0	0.02490000863336129	4.95
1.0	1.0	0.0	0.02478432195795955	4.25
1.0	1.0	0.0	0.02491787654834403	4.3
1.0	1.0	0.0	0.02527765036660594	6.15
1.0	2.0	0.0	0.04541575423806246	4.65
1.0	2.0	0.0	0.04541575423806246	4.65
1.0	2.0	0.0	0.04439025942722108	3.6
1.0	3.0	0.0	0.06506052970087262	3.45
1.0	3.0	0.0	0.06712846887624854	4.0
1.0	3.0	0.0	0.06712846887624854	4.0
1.0	3.0	0.0	0.06674276863561594	3.3
1.0	3.0	0.0	0.06718525281106874	3.35
1.0	3.0	0.0	0.06838729372469016	5.2
1.0	3.0	0.0	0.06490673330311128	3.95
1.0	2.0	0.0	0.04463367025924448	4.6
1.0	2.0	0.0	0.04463367025924448	4.6
1.0	2.0	0.0	0.0453311802044164	5.25
1.0	2.0	0.0	0.0453311802044164	5.25
1.0	3.0	0.0	0.06828276426922647	5.9
