Constant_feature	Degree	Clustering_coefficient	Pagerank	Aver_path_len
1.0	2.0	0.0	0.04250913104170745	3.25
1.0	2.0	0.0	0.04307161778447976	3.6
1.0	2.0	0.0	0.0434282408334832	4.2
1.0	2.0	0.0	0.0434282408334832	4.2
1.0	2.0	0.0	0.04421079029330345	4.8
1.0	3.0	0.0	0.06121938416367084	3.0
1.0	3.0	0.0	0.06221193030465108	3.45
1.0	3.0	0.0	0.06221193030465108	3.45
1.0	2.0	0.0	0.0434282408334832	4.2
1.0	2.0	0.0	0.0434282408334832	4.2
1.0	3.0	0.0	0.06393259411738593	4.05
1.0	2.0	0.0	0.044448788257255484	4.95
1.0	2.0	0.0	0.044448788257255484	4.95
1.0	2.0	0.0	0.0447666150466703	5.7
1.0	2.0	0.0	0.0447666150466703	5.7
1.0	2.0	0.0	0.044448788257255484	4.95
1.0	2.0	0.0	0.044448788257255484	4.95
1.0	2.0	0.0	0.04421079029330345	4.8
1.0	2.0	0.0	0.0450406001871248	5.55
1.0	2.0	0.0	0.04529928486630167	6.3
1.0	2.0	0.0	0.0450406001871248	5.55
