Constant_feature	Degree	Clustering_coefficient	Pagerank	Aver_path_len
1.0	1.0	0.0	0.013299140802400543	11.977272727272727
1.0	1.0	0.0	0.011593289800127273	9.954545454545455
1.0	2.0	0.0	0.019554993023653593	6.75
1.0	1.0	0.0	0.011261726918573075	8.068181818181818
1.0	1.0	0.0	0.01128734281207697	8.045454545454545
1.0	2.0	0.0	0.02112455217805126	7.045454545454546
1.0	1.0	0.0	0.011394159045513923	9.159090909090908
1.0	1.0	0.0	0.01180494770296852	9.409090909090908
1.0	1.0	0.0	0.011888230220394477	8.272727272727273
1.0	1.0	0.0	0.011661087830071953	10.75
1.0	1.0	0.0	0.012876235240130492	11.090909090909092
1.0	3.0	0.0	0.029071232089988974	7.386363636363637
1.0	2.0	0.0	0.020513352581849116	7.7727272727272725
1.0	2.0	0.0	0.020833024653363653	8.977272727272727
1.0	3.0	0.0	0.032882613996540605	9.181818181818182
1.0	2.0	0.0	0.02367602783472049	10.113636363636363
1.0	3.0	0.0	0.02902845641879334	7.159090909090909
1.0	3.0	0.0	0.030131134372951673	7.090909090909091
1.0	3.0	0.0	0.030217739628716798	7.068181818181818
1.0	3.0	0.0	0.0284516425690063	6.7727272727272725
1.0	3.0	0.0	0.02932325812806673	6.681818181818182
1.0	2.0	0.0	0.0205259152574929	6.840909090909091
1.0	3.0	0.0	0.030573509514941928	8.181818181818182
1.0	2.0	0.0	0.02031471190969778	8.181818181818182
1.0	3.0	0.0	0.03194300691967985	8.431818181818182
1.0	3.0	0.0	0.031236394445608943	8.977272727272727
1.0	3.0	0.0	0.03222182633092931	7.295454545454546
1.0	2.0	0.0	0.021761229096834055	7.636363636363637
1.0	2.0	0.0	0.022196845418874657	9.454545454545455
1.0	2.0	0.0	0.021941536817219505	8.022727272727273
1.0	2.0	0.0	0.022137808167586828	8.931818181818182
1.0	2.0	0.0	0.02225405424418198	10.022727272727273
1.0	2.0	0.0	0.02205642257209723	8.454545454545455
1.0	2.0	0.0	0.022314331137619606	10.636363636363637
1.0	2.0	0.0	0.022399239199753118	11.295454545454545
1.0	3.0	0.0	0.03146344305315536	9.772727272727273
1.0	2.0	0.0	0.022519163948407524	12.0
1.0	2.0	0.0	0.022709499722483255	12.75
1.0	2.0	0.0	0.023003566213305154	13.545454545454545
1.0	2.0	0.0	0.02316412618689652	10.068181818181818
1.0	2.0	0.0	0.023475874878911215	14.386363636363637
1.0	2.0	0.0	0.024222061761134672	15.272727272727273
1.0	2.0	0.0	0.02461489137402606	11.0
1.0	2.0	0.0	0.025417381677146127	16.204545454545453
1.0	1.0	0.0	0.01365897230405666	17.181818181818183
