Constant_feature	Degree	Clustering_coefficient	Pagerank	Aver_path_len
1.0	1.0	0.0	0.020661950952687934	9.357142857142858
1.0	1.0	0.0	0.020661950952687934	9.357142857142858
1.0	0.0	0.0	0.0	0.0
1.0	2.0	0.0	0.034560553656138415	7.071428571428571
1.0	3.0	0.0	0.051184141684290106	6.678571428571429
1.0	2.0	0.0	0.030926875005895416	4.535714285714286
1.0	2.0	0.0	0.029463587632373903	5.892857142857143
1.0	2.0	0.0	0.0338779327382142	5.678571428571429
1.0	2.0	0.0	0.033574810406990716	5.285714285714286
1.0	2.0	0.0	0.03405067905109742	6.142857142857143
1.0	2.0	0.0	0.03306651238733992	4.964285714285714
1.0	2.0	0.0	0.03224621456812141	4.714285714285714
1.0	2.0	0.0	0.03601836678531876	7.5
1.0	2.0	0.0	0.03601836678531876	7.5
1.0	3.0	0.0	0.04322801149500351	4.428571428571429
1.0	3.0	0.0	0.04309818732210229	4.821428571428571
1.0	3.0	0.0	0.043109181751354045	4.964285714285714
1.0	2.0	0.0	0.03824983479451083	8.392857142857142
1.0	2.0	0.0	0.03824983479451083	8.392857142857142
1.0	3.0	0.0	0.043354633736900135	5.357142857142857
1.0	3.0	0.0	0.043363328082366495	5.5
1.0	2.0	0.0	0.03038960860582613	5.5
1.0	2.0	0.0	0.03040831959274449	5.785714285714286
1.0	2.0	0.0	0.030484858670040752	6.035714285714286
1.0	2.0	0.0	0.03049678308272273	6.321428571428571
1.0	3.0	0.0	0.04670605785537128	6.178571428571429
1.0	2.0	0.0	0.031178287509239413	6.714285714285714
1.0	2.0	0.0	0.0311715192525006	6.607142857142857
1.0	2.0	0.0	0.031199073690430255	7.142857142857143
1.0	1.0	0.0	0.019000537157901298	8.035714285714286
