Constant_feature	Degree	Clustering_coefficient	Pagerank	Aver_path_len
1.0	1.0	0.0	0.01010512563694716	7.818181818181818
1.0	4.0	0.0	0.0416784004710528	1.4285714285714286
1.0	1.0	0.0	0.01126443254738492	2.2857142857142856
1.0	1.0	0.0	0.01126443254738492	2.2857142857142856
1.0	1.0	0.0	0.01126443254738492	2.2857142857142856
1.0	1.0	0.0	0.009150694997442688	6.25
1.0	2.0	0.0	0.01871117586797868	8.159090909090908
1.0	1.0	0.0	0.01043663965077887	10.227272727272727
1.0	1.0	0.0	0.01043663965077887	10.227272727272727
1.0	2.0	0.0	0.018963643466893394	8.863636363636363
1.0	2.0	0.0	0.018954599753033395	8.909090909090908
1.0	1.0	0.0	0.01126443254738492	2.2857142857142856
1.0	1.0	0.0	0.01126443254738492	2.2857142857142856
1.0	1.0	0.0	0.01126443254738492	2.2857142857142856
1.0	4.0	0.0	0.03360092914932299	5.681818181818182
1.0	3.0	0.0	0.023288669368324418	5.0227272727272725
1.0	3.0	0.0	0.025941761499362573	7.590909090909091
1.0	2.0	0.0	0.01614585148793795	6.159090909090909
1.0	3.0	0.0	0.028501720367114503	9.25
1.0	3.0	0.0	0.024272548125830743	5.909090909090909
1.0	3.0	0.0	0.02299466230891986	5.4772727272727275
1.0	3.0	0.0	0.023568976812399917	5.25
1.0	3.0	0.0	0.022891957229793675	4.931818181818182
1.0	2.0	0.0	0.016155391921550834	5.704545454545454
1.0	3.0	0.0	0.0231879444568706	5.590909090909091
1.0	3.0	0.0	0.023342821095491566	5.795454545454546
1.0	2.0	0.0	0.01582664463661572	5.136363636363637
1.0	2.0	0.0	0.01697119059194789	6.25
1.0	1.0	0.0	0.009446124628182813	6.659090909090909
1.0	1.0	0.0	0.009446124628182813	6.659090909090909
1.0	2.0	0.0	0.018264172524956296	6.840909090909091
1.0	3.0	0.0	0.02508455991982326	6.863636363636363
1.0	3.0	0.0	0.02421244164287094	5.2727272727272725
1.0	2.0	0.0	0.016451264659546966	6.4772727272727275
1.0	2.0	0.0	0.016501465066533962	6.681818181818182
1.0	2.0	0.0	0.016901592842334504	7.363636363636363
1.0	2.0	0.0	0.01692074744314552	7.568181818181818
1.0	3.0	0.0	0.023679838920389565	5.613636363636363
1.0	2.0	0.0	0.017282793043223253	7.704545454545454
1.0	3.0	0.0	0.0260900236461012	8.363636363636363
1.0	2.0	0.0	0.017491922072709717	8.454545454545455
1.0	2.0	0.0	0.016140843023031957	6.204545454545454
1.0	1.0	0.0	0.009669241821524531	8.568181818181818
1.0	3.0	0.0	0.023850940768986327	6.613636363636363
1.0	3.0	0.0	0.023833892046484582	6.659090909090909
1.0	3.0	0.0	0.025160401210516395	7.2272727272727275
1.0	2.0	0.0	0.01673005010392855	7.363636363636363
1.0	3.0	0.0	0.025661813789782804	7.931818181818182
1.0	3.0	0.0	0.025643207795186643	7.9772727272727275
1.0	1.0	0.0	0.01030673062792229	9.136363636363637
1.0	1.0	0.0	0.010420542575683698	9.840909090909092
1.0	1.0	0.0	0.010416280897199755	9.886363636363637
1.0	4.0	0.0	0.04167840047105279	1.4285714285714286
