Constant_feature	Degree	Clustering_coefficient	Pagerank	Aver_path_len
1.0	1.0	0.0	0.019291502619398188	6.071428571428571
1.0	1.0	0.0	0.019291502619398188	6.071428571428571
1.0	1.0	0.0	0.019291502619398188	6.071428571428571
1.0	1.0	0.0	0.019291502619398188	6.071428571428571
1.0	1.0	0.0	0.019291502619398188	6.071428571428571
1.0	1.0	0.0	0.019291502619398188	6.071428571428571
1.0	1.0	0.0	0.019291502619398188	6.071428571428571
1.0	1.0	0.0	0.019291502619398188	6.071428571428571
1.0	1.0	0.0	0.019291502619398188	6.071428571428571
1.0	1.0	0.0	0.019291502619398188	6.071428571428571
1.0	1.0	0.0	0.019291502619398188	6.071428571428571
1.0	1.0	0.0	0.019291502619398188	6.071428571428571
1.0	1.0	0.0	0.018326693197370163	5.321428571428571
1.0	1.0	0.0	0.018326693197370163	5.321428571428571
1.0	2.0	0.0	0.03179151353388387	4.535714285714286
1.0	4.0	0.0	0.0661281146824878	4.357142857142857
1.0	4.0	0.0	0.0661281146824878	4.357142857142857
1.0	2.0	0.0	0.032218991535485235	4.035714285714286
1.0	2.0	0.0	0.032218991535485235	4.035714285714286
1.0	3.0	0.0	0.0463090113471948	3.7857142857142856
1.0	3.0	0.0	0.046309011347194805	3.7857142857142856
1.0	2.0	0.0	0.03123287253829911	3.8214285714285716
1.0	4.0	0.0	0.07041252231756802	5.107142857142857
1.0	4.0	0.0	0.07041252231756802	5.107142857142857
1.0	4.0	0.0	0.07041252231756802	5.107142857142857
1.0	4.0	0.0	0.07041252231756802	5.107142857142857
1.0	2.0	0.0	0.03179151353388387	4.535714285714286
1.0	3.0	0.0	0.04817114297003821	4.5
1.0	1.0	0.0	0.017899215195768793	5.464285714285714
