Constant_feature	Degree	Clustering_coefficient	Pagerank	Aver_path_len
1.0	1.0	0.0	0.02780246720211564	6.65
1.0	2.0	0.0	0.0459686742084769	4.2
1.0	1.0	0.0	0.026948511601921542	5.9
1.0	2.0	0.0	0.04312527342820445	3.95
1.0	2.0	0.0	0.04683706539807776	4.3
1.0	2.0	0.0	0.0488789298855119	4.95
1.0	1.0	0.0	0.02780246720211564	6.65
1.0	3.0	0.0	0.06148839478237219	3.2
1.0	3.0	0.0	0.061198427805931016	3.15
1.0	3.0	0.0	0.064486150719266	3.85
1.0	3.0	0.0	0.06339870539988214	3.55
1.0	3.0	0.0	0.0626082021156079	3.3
1.0	2.0	0.0	0.04268654964571791	3.9
1.0	2.0	0.0	0.043346715083250845	4.3
1.0	2.0	0.0	0.04351503740253405	4.0
1.0	2.0	0.0	0.043475834390563003	4.25
1.0	1.0	0.0	0.02410823500679439	4.8
1.0	2.0	0.0	0.044620427845643074	3.75
1.0	3.0	0.0	0.07395325529243417	4.95
1.0	1.0	0.0	0.026948511601921542	5.9
1.0	3.0	0.0	0.07680216398165746	5.7
