Constant_feature	Degree	Clustering_coefficient	Pagerank	Aver_path_len
1.0	2.0	0.0	0.019832500092216262	6.069767441860465
1.0	1.0	0.0	0.01109915322012694	6.604651162790698
1.0	2.0	0.0	0.019581542706149282	7.023255813953488
1.0	2.0	0.0	0.01958119204282143	6.976744186046512
1.0	2.0	0.0	0.022885416930544036	7.465116279069767
1.0	2.0	0.0	0.022885416930544036	7.465116279069767
1.0	2.0	0.0	0.02299888827071763	8.162790697674419
1.0	1.0	0.0	0.011362011117415746	7.4186046511627906
1.0	2.0	0.0	0.018982716778891136	4.906976744186046
1.0	3.0	0.0	0.02736711647430623	4.72093023255814
1.0	3.0	0.0	0.027449477735783677	4.767441860465116
1.0	3.0	0.0	0.02713274114409179	4.767441860465116
1.0	3.0	0.0	0.027088769600330985	4.5813953488372094
1.0	3.0	0.0	0.02688863329929185	4.627906976744186
1.0	3.0	0.0	0.026876318213317853	4.5813953488372094
1.0	2.0	0.0	0.019407661408192466	5.604651162790698
1.0	3.0	0.0	0.029421209181714793	5.627906976744186
1.0	3.0	0.0	0.02853062576670142	5.232558139534884
1.0	2.0	0.0	0.018694779006231434	5.372093023255814
1.0	2.0	0.0	0.018691127348038183	5.325581395348837
1.0	3.0	0.0	0.02785255283345034	6.116279069767442
1.0	3.0	0.0	0.027850692936711295	6.069767441860465
1.0	2.0	0.0	0.02013031092064825	5.930232558139535
1.0	2.0	0.0	0.02013031092064825	5.930232558139535
1.0	3.0	0.0	0.028614022749484748	5.27906976744186
1.0	3.0	0.0	0.03099653453688162	6.534883720930233
1.0	3.0	0.0	0.03099653453688162	6.534883720930233
1.0	3.0	0.0	0.029090841706396437	5.790697674418604
1.0	2.0	0.0	0.019895931859834334	7.465116279069767
1.0	3.0	0.0	0.031219219888966917	7.232558139534884
1.0	2.0	0.0	0.020155854700097273	6.162790697674419
1.0	2.0	0.0	0.02032412894228754	6.674418604651163
1.0	2.0	0.0	0.02066696861349309	7.046511627906977
1.0	3.0	0.0	0.030299970506407772	6.441860465116279
1.0	2.0	0.0	0.02071741351525995	7.558139534883721
1.0	3.0	0.0	0.030240184687129905	7.186046511627907
1.0	1.0	0.0	0.012571497486053428	8.44186046511628
1.0	1.0	0.0	0.012571497486053428	8.44186046511628
1.0	1.0	0.0	0.012621908566922585	9.13953488372093
1.0	2.0	0.0	0.020977428306269693	8.069767441860465
1.0	2.0	0.0	0.020977428306269693	8.069767441860465
1.0	2.0	0.0	0.02140247868049695	8.953488372093023
1.0	2.0	0.0	0.02140247868049695	8.953488372093023
1.0	2.0	0.0	0.021536511365430454	9.837209302325581
