Constant_feature	Degree	Clustering_coefficient	Pagerank	Aver_path_len
1.0	1.0	0.0	0.0229217930527541	7.6
1.0	1.0	0.0	0.0229217930527541	7.6
1.0	0.0	0.0	0.0	0.0
1.0	2.0	0.0	0.03854967181816929	6.0
1.0	3.0	0.0	0.05629695775500733	4.96
1.0	2.0	0.0	0.03451230439191409	3.76
1.0	2.0	0.0	0.03286478553563453	4.8
1.0	2.0	0.0	0.03693314967087887	4.48
1.0	2.0	0.0	0.03599750062665784	4.08
1.0	3.0	0.0	0.04822695000330098	3.52
1.0	2.0	0.0	0.03981035971479405	5.76
1.0	2.0	0.0	0.03981035971479405	5.76
1.0	3.0	0.0	0.04807573905129157	3.84
1.0	3.0	0.0	0.04808815611253644	4.0
1.0	3.0	0.0	0.0483606048783661	4.32
1.0	3.0	0.0	0.048370400578555656	4.48
1.0	2.0	0.0	0.033898549782857654	4.48
1.0	2.0	0.0	0.04239151701772015	6.64
1.0	2.0	0.0	0.04239151701772015	6.64
1.0	2.0	0.0	0.03391963723165568	4.8
1.0	2.0	0.0	0.034003502968279066	4.96
1.0	2.0	0.0	0.03401697082828037	5.28
1.0	3.0	0.0	0.05209670300482268	5.12
1.0	2.0	0.0	0.03477738983864422	5.6
1.0	2.0	0.0	0.034769684693515525	5.6
1.0	2.0	0.0	0.034800815237571565	6.08
1.0	1.0	0.0	0.02119318642152402	6.96
