Constant_feature	Degree	Clustering_coefficient	Pagerank	Aver_path_len
1.0	1.0	0.0	0.01400481072753371	3.1666666666666665
1.0	1.0	0.0	0.014056565245526918	3.25
1.0	1.0	0.0	0.014189335398565754	3.4166666666666665
1.0	1.0	0.0	0.01436530715505916	3.6666666666666665
1.0	1.0	0.0	0.014688374138110201	4.0
1.0	1.0	0.0	0.014688374138110201	4.0
1.0	1.0	0.0	0.015066536766580315	4.416666666666667
1.0	2.0	0.0	0.025490656702507476	6.0
1.0	2.0	0.0	0.025490656702507476	6.0
1.0	2.0	0.0	0.02554445867707687	6.5
1.0	2.0	0.0	0.02258059860128371	4.153846153846154
1.0	2.0	0.0	0.02266267422164861	6.076923076923077
1.0	2.0	0.0	0.023161502102518796	6.153846153846154
1.0	1.0	0.0	0.01273519600124779	6.384615384615385
1.0	1.0	0.0	0.012926306101271004	7.6923076923076925
1.0	3.0	0.0	0.03835059942976398	2.25
1.0	3.0	0.0	0.03852065920487613	2.3333333333333335
1.0	3.0	0.0	0.038963215982358204	2.5
1.0	3.0	0.0	0.03955224446275803	2.75
1.0	3.0	0.0	0.03261002170257551	4.153846153846154
1.0	3.0	0.0	0.03324288071322249	4.423076923076923
1.0	3.0	0.0	0.032443887543951076	4.769230769230769
1.0	2.0	0.0	0.02244521526905316	4.115384615384615
1.0	3.0	0.0	0.03245643605848637	5.346153846153846
1.0	2.0	0.0	0.022307456536835177	4.730769230769231
1.0	2.0	0.0	0.022274189495569186	5.076923076923077
1.0	1.0	0.0	0.012472323422325675	5.384615384615385
1.0	3.0	0.0	0.03411922961984776	5.423076923076923
1.0	3.0	0.0	0.040629152438192165	3.0833333333333335
1.0	3.0	0.0	0.03327033390167913	4.269230769230769
1.0	2.0	0.0	0.027924824912565146	3.5
1.0	2.0	0.0	0.022897693171015195	4.769230769230769
1.0	2.0	0.0	0.022897693171015195	4.769230769230769
1.0	3.0	0.0	0.034756284636629824	6.730769230769231
1.0	3.0	0.0	0.03472437229790201	5.115384615384615
1.0	3.0	0.0	0.03472437229790201	5.115384615384615
1.0	3.0	0.0	0.03482862139299055	5.615384615384615
1.0	1.0	0.0	0.013971130607763397	6.961538461538462
1.0	1.0	0.0	0.013971130607763397	6.961538461538462
1.0	1.0	0.0	0.013994678443411068	7.461538461538462
