Constant_feature	Degree	Clustering_coefficient	Pagerank	Aver_path_len
1.0	2.0	0.0	0.023626256053498676	5.527777777777778
1.0	1.0	0.0	0.013215980992542141	6.0
1.0	2.0	0.0	0.02330410428303017	6.305555555555555
1.0	2.0	0.0	0.023305348627621215	6.388888888888889
1.0	2.0	0.0	0.027311014458787558	6.666666666666667
1.0	2.0	0.0	0.027311014458787558	6.666666666666667
1.0	1.0	0.0	0.01394950052142201	7.416666666666667
1.0	2.0	0.0	0.022956475118364288	4.777777777777778
1.0	1.0	0.0	0.015123475435766014	9.5
1.0	3.0	0.0	0.0326647777808432	4.277777777777778
1.0	3.0	0.0	0.03271778119975592	4.194444444444445
1.0	3.0	0.0	0.03234007626977274	4.055555555555555
1.0	3.0	0.0	0.0324552857493156	4.25
1.0	3.0	0.0	0.032046553079754445	4.027777777777778
1.0	3.0	0.0	0.032076203997986254	4.111111111111111
1.0	2.0	0.0	0.02313390935844271	5.138888888888889
1.0	3.0	0.0	0.03504388327415621	5.027777777777778
1.0	3.0	0.0	0.03403003064981648	4.472222222222222
1.0	2.0	0.0	0.022263281675365405	4.722222222222222
1.0	2.0	0.0	0.022273651049822096	4.805555555555555
1.0	3.0	0.0	0.0331562093226952	5.416666666666667
1.0	3.0	0.0	0.033159951576434935	5.5
1.0	2.0	0.0	0.02402611817592808	5.166666666666667
1.0	2.0	0.0	0.02402611817592808	5.166666666666667
1.0	3.0	0.0	0.035055899387304516	5.361111111111111
1.0	3.0	0.0	0.03705284730988351	5.75
1.0	3.0	0.0	0.03705284730988351	5.75
1.0	2.0	0.0	0.023676967910399097	6.805555555555555
1.0	3.0	0.0	0.03748639209484908	6.444444444444445
1.0	2.0	0.0	0.024470979373942332	6.111111111111111
1.0	2.0	0.0	0.024470979373942332	6.111111111111111
1.0	2.0	0.0	0.025001394784597234	6.861111111111111
1.0	2.0	0.0	0.025001394784597234	6.861111111111111
1.0	3.0	0.0	0.03762573357840488	7.611111111111111
1.0	1.0	0.0	0.01499355405048191	7.638888888888889
1.0	1.0	0.0	0.01499355405048191	7.638888888888889
1.0	2.0	0.0	0.027600454705395433	8.527777777777779
