Constant_feature	Degree	Clustering_coefficient	Pagerank	Aver_path_len
1.0	2.0	0.0	0.055657078173394645	2.933333333333333
1.0	2.0	0.0	0.055657078173394645	2.933333333333333
1.0	3.0	0.0	0.07889120258688481	2.4
1.0	3.0	0.0	0.07889120258688481	2.4
1.0	3.0	0.0	0.0797589716081922	2.8
1.0	3.0	0.0	0.07975897160819219	2.8
1.0	2.0	0.0	0.05486881741254246	3.2
1.0	2.0	0.0	0.054868817412542466	3.2
1.0	2.0	0.0	0.05589181387205423	3.3333333333333335
1.0	2.0	0.0	0.05589181387205423	3.3333333333333335
1.0	3.0	0.0	0.08580144663051864	3.466666666666667
1.0	3.0	0.0	0.08580144663051864	3.466666666666667
1.0	2.0	0.0	0.057140783673709186	3.8666666666666667
1.0	2.0	0.0	0.05714078367370918	3.8666666666666667
1.0	1.0	0.0	0.03198988604270377	4.4
1.0	1.0	0.0	0.03198988604270377	4.4
