Constant_feature	Degree	Clustering_coefficient	Pagerank	Aver_path_len
1.0	1.0	0.0	0.038448422444073774	5.0
1.0	1.0	0.0	0.038448422444073774	5.0
1.0	2.0	0.0	0.059408359263604986	3.357142857142857
1.0	1.0	0.0	0.03435218520875492	4.5
1.0	3.0	0.0	0.08766505993536162	2.5714285714285716
1.0	3.0	0.0	0.08589824434957541	2.5714285714285716
1.0	2.0	0.0	0.06303302666154936	2.9285714285714284
1.0	3.0	0.0	0.08625512107027944	3.0
1.0	2.0	0.0	0.059700306886800954	3.142857142857143
1.0	2.0	0.0	0.06681270710551668	3.4285714285714284
1.0	2.0	0.0	0.060121341903718345	3.0714285714285716
1.0	2.0	0.0	0.06019070762360541	3.5
1.0	3.0	0.0	0.09228624553145538	3.5714285714285716
1.0	2.0	0.0	0.06143773148108514	4.0
1.0	3.0	0.0	0.105942118090545	4.071428571428571
