Constant_feature	Degree	Clustering_coefficient	Pagerank	Aver_path_len
1.0	1.0	0.0	0.021947488005833588	6.608695652173913
1.0	0.0	0.0	0.0	0.0
1.0	1.0	0.0	0.022408568825950447	5.739130434782608
1.0	2.0	0.0	0.03782677798057198	4.173913043478261
1.0	2.0	0.0	0.03876764711653235	5.130434782608695
1.0	1.0	0.0	0.021645718709427227	6.0
1.0	2.0	0.0	0.03971469165500456	6.3478260869565215
1.0	1.0	0.0	0.021933870315837642	6.695652173913044
1.0	4.0	0.0	0.07201402278032418	3.9130434782608696
1.0	3.0	0.0	0.05350459433850492	4.434782608695652
1.0	2.0	0.0	0.03642085874128033	4.173913043478261
1.0	2.0	0.0	0.03642085874128033	4.173913043478261
1.0	2.0	0.0	0.03739201228377891	4.0
1.0	2.0	0.0	0.04053732886338606	4.782608695652174
1.0	2.0	0.0	0.03679653288559525	4.869565217391305
1.0	3.0	0.0	0.05526404841671918	5.391304347826087
1.0	3.0	0.0	0.05611390879153018	4.434782608695652
1.0	2.0	0.0	0.038375024143260036	6.173913043478261
1.0	2.0	0.0	0.038375024143260036	6.173913043478261
1.0	2.0	0.0	0.039178178926153204	6.956521739130435
1.0	2.0	0.0	0.039178178926153204	6.956521739130435
1.0	3.0	0.0	0.05826193271241466	5.043478260869565
1.0	2.0	0.0	0.039425918293610196	7.739130434782608
1.0	3.0	0.0	0.05927111322032649	5.6521739130434785
1.0	3.0	0.0	0.059225701183264895	5.739130434782608
