Constant_feature	Degree	Clustering_coefficient	Pagerank	Aver_path_len
1.0	1.0	0.0	0.015349471751674823	7.352941176470588
1.0	0.0	0.0	0.0	0.0
1.0	1.0	0.0	0.013863204534834011	5.4411764705882355
1.0	2.0	0.0	0.02650042751508007	6.029411764705882
1.0	2.0	0.0	0.028512464466202973	7.117647058823529
1.0	3.0	0.0	0.035470304105182815	4.5588235294117645
1.0	2.0	0.0	0.02423939518861215	4.794117647058823
1.0	1.0	0.0	0.014111437070462413	7.0588235294117645
1.0	3.0	0.0	0.04597177153090872	8.411764705882353
1.0	3.0	0.0	0.03696363967900975	5.470588235294118
1.0	3.0	0.0	0.0351666897512377	5.264705882352941
1.0	2.0	0.0	0.024587344224709824	5.147058823529412
1.0	3.0	0.0	0.03514230267595103	4.852941176470588
1.0	3.0	0.0	0.03559129139355514	5.823529411764706
1.0	2.0	0.0	0.02776091546451316	6.382352941176471
1.0	2.0	0.0	0.024654243865005646	5.529411764705882
1.0	3.0	0.0	0.03620799957033685	6.5
1.0	3.0	0.0	0.03668669633435004	4.470588235294118
1.0	3.0	0.0	0.03751367891626783	6.088235294117647
1.0	2.0	0.0	0.025160659336805717	6.676470588235294
1.0	3.0	0.0	0.0357057921663112	4.5
1.0	2.0	0.0	0.02537503395518441	7.352941176470588
1.0	2.0	0.0	0.025834924147811175	7.529411764705882
1.0	2.0	0.0	0.024299501542083993	4.911764705882353
1.0	3.0	0.0	0.03556999479981546	4.970588235294118
1.0	3.0	0.0	0.035767672611111585	5.088235294117647
1.0	2.0	0.0	0.025902074173808777	8.205882352941176
1.0	3.0	0.0	0.03691176801917341	5.352941176470588
1.0	2.0	0.0	0.025124085498983217	5.823529411764706
1.0	2.0	0.0	0.025467626736885483	6.088235294117647
1.0	3.0	0.0	0.03845228033405863	6.205882352941177
1.0	2.0	0.0	0.02792874915808139	6.764705882352941
1.0	2.0	0.0	0.02921919081281551	7.5588235294117645
1.0	1.0	0.0	0.015687137002447733	8.088235294117647
1.0	1.0	0.0	0.016650115833363614	9.382352941176471
1.0	1.0	0.0	0.016650115833363614	9.382352941176471
