Constant_feature	Degree	Clustering_coefficient	Pagerank	Aver_path_len
1.0	2.0	0.0	0.024865467362651814	4.7272727272727275
1.0	2.0	0.0	0.025531631409938915	6.484848484848484
1.0	2.0	0.0	0.025543079907765363	6.636363636363637
1.0	2.0	0.0	0.02970170829448148	6.151515151515151
1.0	2.0	0.0	0.02970170829448148	6.151515151515151
1.0	2.0	0.0	0.029829391816655743	6.757575757575758
1.0	2.0	0.0	0.02599553623697758	4.848484848484849
1.0	3.0	0.0	0.037807442666373356	4.151515151515151
1.0	3.0	0.0	0.036198382120803826	3.8484848484848486
1.0	3.0	0.0	0.03716968493837866	4.303030303030303
1.0	3.0	0.0	0.03562263735831413	4.2727272727272725
1.0	3.0	0.0	0.03743073814527214	4.151515151515151
1.0	1.0	0.0	0.014283033912718446	5.121212121212121
1.0	3.0	0.0	0.03590905414996023	4.424242424242424
1.0	2.0	0.0	0.02455198782652131	4.9393939393939394
1.0	2.0	0.0	0.02464992165910849	5.090909090909091
1.0	2.0	0.0	0.026254335058791867	4.757575757575758
1.0	2.0	0.0	0.026254335058791867	4.757575757575758
1.0	3.0	0.0	0.03641483758162965	5.606060606060606
1.0	2.0	0.0	0.02645008862287203	5.454545454545454
1.0	3.0	0.0	0.036452039580553035	5.757575757575758
1.0	3.0	0.0	0.04028241471605373	5.242424242424242
1.0	3.0	0.0	0.04028241471605373	5.242424242424242
1.0	3.0	0.0	0.04053262517167152	5.848484848484849
1.0	3.0	0.0	0.039373190997034443	6.121212121212121
1.0	2.0	0.0	0.025924789547640013	7.0
1.0	2.0	0.0	0.027253062076336744	6.96969696969697
1.0	2.0	0.0	0.027253062076336744	6.96969696969697
1.0	2.0	0.0	0.02778025146425603	7.818181818181818
1.0	2.0	0.0	0.02778025146425603	7.818181818181818
1.0	1.0	0.0	0.016307361272676808	7.121212121212121
1.0	1.0	0.0	0.016307361272676808	7.121212121212121
1.0	2.0	0.0	0.02794218415932146	8.666666666666666
1.0	1.0	0.0	0.016363989062644333	7.7272727272727275
