Constant_feature	Degree	Clustering_coefficient	Pagerank	Aver_path_len
1.0	1.0	0.0	0.01681569196149843	9.882352941176471
1.0	1.0	0.0	0.01681569196149843	9.882352941176471
1.0	2.0	0.0	0.029473063532526315	6.323529411764706
1.0	1.0	0.0	0.014835605376432744	6.0588235294117645
1.0	1.0	0.0	0.015336612315443018	6.4411764705882355
1.0	1.0	0.0	0.016326212799394405	8.029411764705882
1.0	2.0	0.0	0.026510487016536154	4.882352941176471
1.0	3.0	0.0	0.04044758155240096	7.147058823529412
1.0	2.0	0.0	0.028116298878219363	6.205882352941177
1.0	3.0	0.0	0.038917170583474846	4.735294117647059
1.0	2.0	0.0	0.025889625540135824	4.9411764705882355
1.0	3.0	0.0	0.03929826867244296	5.411764705882353
1.0	3.0	0.0	0.03785855633649605	5.205882352941177
1.0	2.0	0.0	0.026248063559306083	6.029411764705882
1.0	3.0	0.0	0.039929891438537875	5.088235294117647
1.0	3.0	0.0	0.038453755444369096	6.529411764705882
1.0	2.0	0.0	0.025945751211541558	5.647058823529412
1.0	2.0	0.0	0.025945751211541558	5.647058823529412
1.0	3.0	0.0	0.041597242211010924	5.470588235294118
1.0	3.0	0.0	0.03866711397323912	6.705882352941177
1.0	2.0	0.0	0.02606852481376574	6.088235294117647
1.0	2.0	0.0	0.02606852481376574	6.088235294117647
1.0	2.0	0.0	0.02895028992570639	8.0
1.0	2.0	0.0	0.02895028992570639	8.0
1.0	2.0	0.0	0.026667151225000733	7.5588235294117645
1.0	2.0	0.0	0.026667151225000733	7.5588235294117645
1.0	2.0	0.0	0.031018143016386668	8.911764705882353
1.0	2.0	0.0	0.031018143016386668	8.911764705882353
1.0	3.0	0.0	0.04489466836873016	7.0588235294117645
1.0	2.0	0.0	0.02712988227713766	8.411764705882353
1.0	2.0	0.0	0.02712988227713766	8.411764705882353
1.0	2.0	0.0	0.03141361631942694	7.235294117647059
1.0	2.0	0.0	0.027275490346182086	9.264705882352942
1.0	1.0	0.0	0.016326212799394405	8.029411764705882
1.0	1.0	0.0	0.016993594074226154	8.205882352941176
