Constant_feature	Degree	Clustering_coefficient	Pagerank	Aver_path_len
1.0	2.0	0.0	0.024425257310749616	4.885714285714286
1.0	2.0	0.0	0.02476681916331579	5.857142857142857
1.0	2.0	0.0	0.027676801686194068	6.2
1.0	2.0	0.0	0.024798408057880913	5.285714285714286
1.0	1.0	0.0	0.01517760140576114	7.571428571428571
1.0	2.0	0.0	0.025947102305314888	6.142857142857143
1.0	2.0	0.0	0.02786558887076202	6.314285714285714
1.0	2.0	0.0	0.03084743299556342	8.371428571428572
1.0	1.0	0.0	0.014341354453207947	5.9714285714285715
1.0	1.0	0.0	0.014334497689605773	5.685714285714286
1.0	2.0	0.0	0.02506820614992834	4.542857142857143
1.0	4.0	0.0	0.05051002761140165	5.685714285714286
1.0	3.0	0.0	0.037298640821436094	5.285714285714286
1.0	3.0	0.0	0.03695163631503314	5.171428571428572
1.0	3.0	0.0	0.03567480708005652	5.0
1.0	3.0	0.0	0.035204679470575026	4.485714285714286
1.0	2.0	0.0	0.02626334736299032	5.857142857142857
1.0	3.0	0.0	0.03578028175752648	4.428571428571429
1.0	1.0	0.0	0.014142259304893112	6.6571428571428575
1.0	1.0	0.0	0.014142259304893112	6.6571428571428575
1.0	3.0	0.0	0.04133221813262201	6.6
1.0	2.0	0.0	0.025082831053924115	5.8
1.0	2.0	0.0	0.02905905904862095	7.457142857142857
1.0	4.0	0.0	0.05023500110004308	5.4
1.0	1.0	0.0	0.015232039728563313	7.171428571428572
1.0	3.0	0.0	0.03852400899871021	4.714285714285714
1.0	3.0	0.0	0.03854349256051611	5.0
1.0	2.0	0.0	0.025947102305314888	6.142857142857143
1.0	3.0	0.0	0.03974212706374526	7.571428571428571
1.0	3.0	0.0	0.03955870230567504	6.828571428571428
1.0	3.0	0.0	0.03955870230567504	6.828571428571428
1.0	1.0	0.0	0.014701012502454763	8.542857142857143
1.0	1.0	0.0	0.014644795733737776	7.8
1.0	1.0	0.0	0.014644795733737776	7.8
1.0	1.0	0.0	0.015317866888932538	7.285714285714286
1.0	1.0	0.0	0.016659235420637585	9.342857142857143
