Constant_feature	Degree	Clustering_coefficient	Pagerank	Aver_path_len
1.0	1.0	0.0	0.02317065931364237	4.571428571428571
1.0	2.0	0.0	0.04074913242718273	3.7142857142857144
1.0	1.0	0.0	0.02381044961905231	6.571428571428571
1.0	1.0	0.0	0.0249536556932089	5.428571428571429
1.0	3.0	0.0	0.05859357220926821	3.238095238095238
1.0	3.0	0.0	0.058599473411119096	3.142857142857143
1.0	2.0	0.0	0.039704157526881334	3.238095238095238
1.0	3.0	0.0	0.05948446975972469	3.619047619047619
1.0	3.0	0.0	0.05946861738381087	3.619047619047619
1.0	3.0	0.0	0.06115909032928317	3.619047619047619
1.0	3.0	0.0	0.06208270208341921	3.619047619047619
1.0	2.0	0.0	0.04151079016418986	4.285714285714286
1.0	2.0	0.0	0.04151079016418986	4.285714285714286
1.0	2.0	0.0	0.04149131314668164	4.380952380952381
1.0	2.0	0.0	0.04149131314668164	4.380952380952381
1.0	2.0	0.0	0.04249072066941721	4.9523809523809526
1.0	2.0	0.0	0.04249072066941721	4.9523809523809526
1.0	3.0	0.0	0.06421525042628178	5.619047619047619
1.0	2.0	0.0	0.04245783544955631	5.142857142857143
1.0	2.0	0.0	0.04245783544955631	5.142857142857143
1.0	2.0	0.0	0.042756759651673235	5.904761904761905
1.0	2.0	0.0	0.04535069130576175	4.476190476190476
