Constant_feature	Degree	Clustering_coefficient	Pagerank	Aver_path_len
1.0	2.0	0.0	0.0008379414047398734	6.173913043478261
1.0	1.0	0.0	0.00041130203725883436	5.478260869565218
1.0	1.0	0.0	0.00041130203725883436	5.478260869565218
1.0	1.0	0.0	0.00043024880468499414	6.260869565217392
1.0	2.0	0.0	0.0006906142482155579	3.4782608695652173
1.0	2.0	0.0	0.0006494741960874453	4.086956521739131
1.0	3.0	0.0	0.0011176339419276759	4.521739130434782
1.0	3.0	0.0	0.0009576720317432119	3.0434782608695654
1.0	3.0	0.0	0.0009516752104271089	3.217391304347826
1.0	3.0	0.0	0.000951691886846677	3.4782608695652173
1.0	3.0	0.0	0.0009562180424184487	3.652173913043478
1.0	3.0	0.0	0.0009561162844170931	3.9130434782608696
1.0	2.0	0.0	0.0007273740075093385	4.0
1.0	3.0	0.0	0.0010060707218513404	3.739130434782609
1.0	2.0	0.0	0.0006705061301720698	4.260869565217392
1.0	2.0	0.0	0.0006719574065112536	4.434782608695652
1.0	2.0	0.0	0.0007576938754341614	4.608695652173913
1.0	2.0	0.0	0.0006719951486397227	4.695652173913044
1.0	2.0	0.0	0.000686873940106941	4.521739130434782
1.0	2.0	0.0	0.000687546112491767	4.956521739130435
1.0	2.0	0.0	0.0006869040334954302	5.043478260869565
1.0	2.0	0.0	0.0006874011850173264	5.478260869565218
1.0	3.0	0.0	0.0011804894703909988	5.304347826086956
1.0	1.0	0.0	0.00045270603658757757	7.130434782608695
1.0	2.0	0.0	0.0007610602503092131	5.92
1.0	1.0	0.0	0.0004148423282546957	6.8
1.0	1.0	0.0	0.0004148423282546957	6.8
1.0	2.0	0.0	0.0006890300960405609	3.92
1.0	3.0	0.0	0.001228366900316916	6.64
1.0	2.0	0.0	0.0006479883335354693	4.24
1.0	3.0	0.0	0.0011284894413114493	5.84
1.0	3.0	0.0	0.0009569254078132186	3.44
1.0	2.0	0.0	0.0007271710190057724	4.48
1.0	2.0	0.0	0.000755212649717931	5.12
1.0	3.0	0.0	0.0009499044171024176	3.76
1.0	3.0	0.0	0.0009488836790440829	3.68
1.0	2.0	0.0	0.0007860139442535516	5.84
1.0	3.0	0.0	0.0009541212602458839	3.92
1.0	3.0	0.0	0.0009553542635237022	4.0
1.0	2.0	0.0	0.000669863111248007	4.4
1.0	2.0	0.0	0.0006687954402841364	4.24
1.0	2.0	0.0	0.0006684693715473153	4.48
1.0	2.0	0.0	0.0006709015725954233	4.64
1.0	3.0	0.0	0.0010280015221736008	5.04
1.0	3.0	0.0	0.001023895331181717	5.04
1.0	2.0	0.0	0.0006831659949612706	4.8
1.0	2.0	0.0	0.0006867349471540674	5.28
1.0	1.0	0.0	0.00044535668993333154	7.6
1.0	1.0	0.0	0.00044535668993333154	7.6
1.0	1.0	0.0	0.00041811188734472806	6.88
1.0	1.0	0.0	0.00045384294725573976	8.758620689655173
1.0	1.0	0.0	0.00045384294725573976	8.758620689655173
1.0	2.0	0.0	0.0007604205904573021	6.689655172413793
1.0	1.0	0.0	0.00041463246699631235	7.724137931034483
1.0	1.0	0.0	0.00041463246699631235	7.724137931034483
1.0	3.0	0.0	0.0011171265237174027	6.068965517241379
1.0	2.0	0.0	0.0006796978383434546	4.275862068965517
1.0	2.0	0.0	0.0006471091306213119	5.103448275862069
1.0	3.0	0.0	0.001128043213375882	6.758620689655173
1.0	2.0	0.0	0.0007394877419459257	5.517241379310345
1.0	2.0	0.0	0.0007268723394928227	5.0344827586206895
1.0	2.0	0.0	0.0007098535988610278	4.620689655172414
1.0	3.0	0.0	0.0009507602970957296	4.0
1.0	2.0	0.0	0.0007897585228453093	6.896551724137931
1.0	2.0	0.0	0.0007897585228453093	6.896551724137931
1.0	3.0	0.0	0.000947265379905908	4.413793103448276
1.0	3.0	0.0	0.0009462289026514938	4.344827586206897
1.0	3.0	0.0	0.0009523375043557541	4.689655172413793
1.0	3.0	0.0	0.0009535462844044604	4.758620689655173
1.0	2.0	0.0	0.0008380901475407369	7.793103448275862
1.0	2.0	0.0	0.0008380901475407369	7.793103448275862
1.0	2.0	0.0	0.0006685890438218175	5.103448275862069
1.0	2.0	0.0	0.0006674808576866801	4.9655172413793105
1.0	2.0	0.0	0.0006678147862107867	5.310344827586207
1.0	2.0	0.0	0.0006701998443227109	5.448275862068965
1.0	3.0	0.0	0.001027069981614827	5.793103448275862
1.0	3.0	0.0	0.001022890228377564	5.931034482758621
1.0	2.0	0.0	0.0006824551164137419	5.586206896551724
1.0	2.0	0.0	0.0006859496730471451	6.137931034482759
1.0	1.0	0.0	0.0004179131967921558	7.655172413793103
1.0	2.0	0.0	0.000762230084248192	5.409090909090909
1.0	1.0	0.0	0.00044559333923959766	6.409090909090909
1.0	1.0	0.0	0.0004152066170603682	6.136363636363637
1.0	1.0	0.0	0.0004152066170603682	6.136363636363637
1.0	2.0	0.0	0.0007110355981912015	3.8181818181818183
1.0	2.0	0.0	0.0006503464550440638	3.6363636363636362
1.0	3.0	0.0	0.0011298937965627425	5.181818181818182
1.0	3.0	0.0	0.0009702434214213636	3.1363636363636362
1.0	3.0	0.0	0.000956534769124048	3.3636363636363638
1.0	3.0	0.0	0.0009555429996341942	3.272727272727273
1.0	3.0	0.0	0.000957676910402213	3.409090909090909
1.0	3.0	0.0	0.0009589516054706308	3.5
1.0	2.0	0.0	0.0006724193224501988	3.9545454545454546
1.0	2.0	0.0	0.000671448554981971	3.772727272727273
1.0	2.0	0.0	0.0007658280144618101	4.590909090909091
1.0	2.0	0.0	0.0006702795501505037	3.909090909090909
1.0	2.0	0.0	0.0006728412294558363	4.090909090909091
1.0	3.0	0.0	0.0010306154815375166	4.545454545454546
1.0	3.0	0.0	0.0010257751167210597	4.409090909090909
1.0	2.0	0.0	0.0006851064176102576	4.2727272727272725
1.0	2.0	0.0	0.0006882136093119055	4.681818181818182
1.0	2.0	0.0	0.0008209781571811756	5.454545454545454
1.0	1.0	0.0	0.00041871518548605995	6.363636363636363
1.0	2.0	0.0	0.0007606476039209538	6.407407407407407
1.0	1.0	0.0	0.00041470295540207665	7.37037037037037
1.0	1.0	0.0	0.00041470295540207665	7.37037037037037
1.0	2.0	0.0	0.0006834757560782684	4.185185185185185
1.0	3.0	0.0	0.0012404180710422763	7.962962962962963
1.0	2.0	0.0	0.0006474939866720434	4.777777777777778
1.0	3.0	0.0	0.001128268546814234	6.407407407407407
1.0	2.0	0.0	0.0007583654986276173	5.7407407407407405
1.0	2.0	0.0	0.0007383037147297104	5.148148148148148
1.0	2.0	0.0	0.0007746800126027767	6.407407407407407
1.0	2.0	0.0	0.0007168703966080746	4.62962962962963
1.0	2.0	0.0	0.0007986075414252566	7.148148148148148
1.0	3.0	0.0	0.0009532229026253498	3.814814814814815
1.0	3.0	0.0	0.0009483721978586991	4.185185185185185
1.0	3.0	0.0	0.0009473408449972477	4.111111111111111
1.0	3.0	0.0	0.00095301550489361	4.407407407407407
1.0	3.0	0.0	0.0009542328126325471	4.481481481481482
1.0	2.0	0.0	0.0006690746777471151	4.851851851851852
1.0	2.0	0.0	0.0006679844326558712	4.703703703703703
1.0	2.0	0.0	0.0006681088498762146	5.0
1.0	2.0	0.0	0.0006705143497369779	5.148148148148148
1.0	1.0	0.0	0.00044907108666011376	8.925925925925926
1.0	1.0	0.0	0.00044907108666011376	8.925925925925926
1.0	3.0	0.0	0.0010274936145244693	5.518518518518518
1.0	3.0	0.0	0.0010232529890376275	5.592592592592593
1.0	2.0	0.0	0.0006827715092847203	5.296296296296297
1.0	2.0	0.0	0.0006862359085233222	5.814814814814815
1.0	1.0	0.0	0.0004180097528999311	7.37037037037037
1.0	2.0	0.0	0.0007613304963462492	5.5
1.0	1.0	0.0	0.0004114716735579897	5.583333333333333
1.0	1.0	0.0	0.0004114716735579897	5.583333333333333
1.0	2.0	0.0	0.0006936414168810096	3.625
1.0	2.0	0.0	0.0006494899175613819	4.041666666666667
1.0	2.0	0.0	0.0008501319116626601	6.625
1.0	3.0	0.0	0.001117663478217212	4.625
1.0	3.0	0.0	0.0009599979520045285	3.0833333333333335
1.0	3.0	0.0	0.0009522166585179184	3.2916666666666665
1.0	3.0	0.0	0.0009519581126814685	3.375
1.0	2.0	0.0	0.0007340334318911405	4.25
1.0	2.0	0.0	0.000767587911717316	4.958333333333333
1.0	3.0	0.0	0.0009569445601100752	3.75
1.0	3.0	0.0	0.0009565889254715952	3.8333333333333335
1.0	3.0	0.0	0.0010067865216157265	3.8333333333333335
1.0	2.0	0.0	0.0008045415620822774	5.75
1.0	2.0	0.0	0.0006704895777106636	4.0
1.0	2.0	0.0	0.0006720025005831052	4.541666666666667
1.0	2.0	0.0	0.000671712666709338	4.458333333333333
1.0	3.0	0.0	0.0010289496785850884	4.625
1.0	2.0	0.0	0.0006869195935025199	4.625
1.0	2.0	0.0	0.0006871421568989502	5.083333333333333
1.0	2.0	0.0	0.000687924478799733	5.083333333333333
1.0	1.0	0.0	0.0004587955442091643	7.583333333333333
1.0	1.0	0.0	0.0004183411347849852	6.458333333333333
1.0	2.0	0.0	0.0007608226809811032	6.185185185185185
1.0	1.0	0.0	0.00044909090407456974	8.703703703703704
1.0	1.0	0.0	0.00044909090407456974	8.703703703703704
1.0	1.0	0.0	0.00041121181966124716	6.2592592592592595
1.0	1.0	0.0	0.00041121181966124716	6.2592592592592595
1.0	2.0	0.0	0.0006838974571349747	3.962962962962963
1.0	2.0	0.0	0.0006484680022725361	4.777777777777778
1.0	3.0	0.0	0.0011166878053462475	5.296296296296297
1.0	2.0	0.0	0.0007384616240574608	4.925925925925926
1.0	2.0	0.0	0.000717149094818993	4.407407407407407
1.0	2.0	0.0	0.0007584856769519453	5.518518518518518
1.0	3.0	0.0	0.0009542481734783447	3.5925925925925926
1.0	3.0	0.0	0.0009494262943563306	3.888888888888889
1.0	3.0	0.0	0.0009490530215669889	3.962962962962963
1.0	2.0	0.0	0.0007747342678256996	6.185185185185185
1.0	3.0	0.0	0.000955429256670563	4.407407407407407
1.0	3.0	0.0	0.0009550377663420347	4.481481481481482
1.0	2.0	0.0	0.0007986649869559325	6.925925925925926
1.0	3.0	0.0	0.0010054466468829054	4.481481481481482
1.0	2.0	0.0	0.0006693848311450914	4.62962962962963
1.0	2.0	0.0	0.0006711701649457866	5.222222222222222
1.0	2.0	0.0	0.0006708698780333444	5.148148148148148
1.0	3.0	0.0	0.0010278151229815376	5.296296296296297
1.0	2.0	0.0	0.0006861460559385256	5.296296296296297
1.0	2.0	0.0	0.0006865020002376247	5.814814814814815
1.0	2.0	0.0	0.0006872817908855555	5.814814814814815
1.0	3.0	0.0	0.0012404399349177633	7.7407407407407405
1.0	1.0	0.0	0.0004180815777403737	7.148148148148148
1.0	2.0	0.0	0.0007608199923157516	5.52
1.0	1.0	0.0	0.00041122037941103905	5.6
1.0	1.0	0.0	0.00041122037941103905	5.6
1.0	2.0	0.0	0.0006945612817321258	3.52
1.0	3.0	0.0	0.0012139910263533518	5.6
1.0	2.0	0.0	0.0006500453379129449	4.08
1.0	3.0	0.0	0.0011184064933391364	4.64
1.0	3.0	0.0	0.0010988608520017442	4.08
1.0	3.0	0.0	0.000958793588860892	3.04
1.0	2.0	0.0	0.0007718312726174521	4.8
1.0	3.0	0.0	0.0009531161206642571	3.28
1.0	3.0	0.0	0.0009528746113520628	3.36
1.0	1.0	0.0	0.00040644685204989687	5.04
1.0	3.0	0.0	0.000956069203558066	3.76
1.0	3.0	0.0	0.0009557053826865034	3.84
1.0	3.0	0.0	0.0010059529746348184	3.84
1.0	2.0	0.0	0.0006699013259027089	4.0
1.0	2.0	0.0	0.0006725354669983408	4.56
1.0	2.0	0.0	0.0006722486646647282	4.48
1.0	1.0	0.0	0.00044125695471019567	6.56
1.0	1.0	0.0	0.00044125695471019567	6.56
1.0	3.0	0.0	0.0010297284748057084	4.64
1.0	2.0	0.0	0.0006874394226894859	4.64
1.0	2.0	0.0	0.0006866036970355766	5.12
1.0	2.0	0.0	0.0006873870635196742	5.12
1.0	1.0	0.0	0.0004185851031487937	6.48
1.0	2.0	0.0	0.0007615616987241679	5.304347826086956
1.0	1.0	0.0	0.00045379533085024477	6.869565217391305
1.0	1.0	0.0	0.00041159334553848284	5.391304347826087
1.0	1.0	0.0	0.00041159334553848284	5.391304347826087
1.0	2.0	0.0	0.0007012412940060823	3.5652173913043477
1.0	2.0	0.0	0.000650433684930497	3.8260869565217392
1.0	3.0	0.0	0.0011186396946387112	4.434782608695652
1.0	3.0	0.0	0.0009640914845696371	2.9565217391304346
1.0	3.0	0.0	0.0009545924426948932	3.130434782608696
1.0	3.0	0.0	0.0009544241256258112	3.217391304347826
1.0	3.0	0.0	0.0009578471353158871	3.5652173913043477
1.0	3.0	0.0	0.0009575170384195649	3.652173913043478
1.0	2.0	0.0	0.0007466588548136902	4.260869565217392
1.0	3.0	0.0	0.0010075645757348893	3.652173913043478
1.0	2.0	0.0	0.0007899205436863585	5.043478260869565
1.0	2.0	0.0	0.0006711633775836536	3.8260869565217392
1.0	2.0	0.0	0.0006727989227192743	4.3478260869565215
1.0	2.0	0.0	0.0006725178405064367	4.260869565217392
1.0	3.0	0.0	0.0010300545371594427	4.434782608695652
1.0	2.0	0.0	0.0006876687383138853	4.434782608695652
1.0	2.0	0.0	0.0006874685859308563	4.869565217391305
1.0	2.0	0.0	0.0006882533147495068	4.869565217391305
1.0	2.0	0.0	0.0008393913401980215	5.913043478260869
1.0	1.0	0.0	0.00041861694198520383	6.260869565217392
1.0	2.0	0.0	0.0007608226809811032	6.185185185185185
1.0	1.0	0.0	0.00041121181966124716	6.2592592592592595
1.0	1.0	0.0	0.00041121181966124716	6.2592592592592595
1.0	2.0	0.0	0.0006838974571349747	3.962962962962963
1.0	2.0	0.0	0.0007584856769519453	5.518518518518518
1.0	2.0	0.0	0.0006484680022725361	4.777777777777778
1.0	3.0	0.0	0.0012404399349177633	7.7407407407407405
1.0	3.0	0.0	0.0011166878053462475	5.296296296296297
1.0	3.0	0.0	0.000954248173478345	3.5925925925925926
1.0	3.0	0.0	0.0009494262943563306	3.888888888888889
1.0	3.0	0.0	0.0009490530215669889	3.962962962962963
1.0	2.0	0.0	0.0007171490948189931	4.407407407407407
1.0	2.0	0.0	0.0007384616240574608	4.925925925925926
1.0	3.0	0.0	0.000955429256670563	4.407407407407407
1.0	3.0	0.0	0.0009550377663420347	4.481481481481482
1.0	2.0	0.0	0.0007747342678256996	6.185185185185185
1.0	2.0	0.0	0.0007986649869559325	6.925925925925926
1.0	3.0	0.0	0.0010054466468829054	4.481481481481482
1.0	2.0	0.0	0.0006693848311450914	4.62962962962963
1.0	2.0	0.0	0.0006711701649457866	5.222222222222222
1.0	2.0	0.0	0.0006708698780333444	5.148148148148148
1.0	3.0	0.0	0.0010278151229815376	5.296296296296297
1.0	2.0	0.0	0.0006861460559385256	5.296296296296297
1.0	2.0	0.0	0.0006865020002376247	5.814814814814815
1.0	2.0	0.0	0.0006872817908855555	5.814814814814815
1.0	1.0	0.0	0.00044909090407456963	8.703703703703704
1.0	1.0	0.0	0.00044909090407456963	8.703703703703704
1.0	1.0	0.0	0.0004180815777403737	7.148148148148148
1.0	2.0	0.0	0.0007609163090792812	5.72
1.0	1.0	0.0	0.0004617666308753827	8.28
1.0	1.0	0.0	0.00041126284967106584	5.8
1.0	1.0	0.0	0.00041126284967106584	5.8
1.0	2.0	0.0	0.0006892180099259361	3.72
1.0	2.0	0.0	0.0006491698012680247	4.28
1.0	2.0	0.0	0.0007805300554048883	5.64
1.0	3.0	0.0	0.0011174130790883527	4.84
1.0	3.0	0.0	0.0009566525963544705	3.24
1.0	3.0	0.0	0.0009511534935372967	3.48
1.0	3.0	0.0	0.0009508466812490683	3.56
1.0	2.0	0.0	0.0007249373949167985	4.28
1.0	3.0	0.0	0.0009558895464817172	3.96
1.0	3.0	0.0	0.0009555122211105327	4.04
1.0	2.0	0.0	0.0007537328070198773	4.92
1.0	3.0	0.0	0.0010058395596048244	4.04
1.0	2.0	0.0	0.0006697365556274766	4.2
1.0	2.0	0.0	0.0006717642514154344	4.76
1.0	2.0	0.0	0.0006714703793623506	4.68
1.0	3.0	0.0	0.0010286372503814749	4.84
1.0	2.0	0.0	0.0006867039283970942	4.84
1.0	2.0	0.0	0.0006866476715857965	5.32
1.0	2.0	0.0	0.0006874286994013463	5.32
1.0	2.0	0.0	0.0008132658240228301	6.44
1.0	2.0	0.0	0.0008568131296339805	7.32
1.0	1.0	0.0	0.00041828730200012113	6.68
1.0	2.0	0.0	0.0007605616175976961	6.793103448275862
1.0	1.0	0.0	0.0004110806639257322	6.862068965517241
1.0	1.0	0.0	0.0004110806639257322	6.862068965517241
1.0	2.0	0.0	0.0007574208495103798	6.172413793103448
1.0	2.0	0.0	0.0006820313125882383	4.379310344827586
1.0	2.0	0.0	0.0006483982246882489	5.413793103448276
1.0	3.0	0.0	0.001116663583301424	5.896551724137931
1.0	2.0	0.0	0.0007811192145200191	7.482758620689655
1.0	2.0	0.0	0.0007981270284016766	8.241379310344827
1.0	2.0	0.0	0.0007676775086344417	6.793103448275862
1.0	2.0	0.0	0.0007322231430620752	5.137931034482759
1.0	2.0	0.0	0.00074587824707265	5.620689655172414
1.0	2.0	0.0	0.0007121862142314942	4.724137931034483
1.0	2.0	0.0	0.0008254253196603072	9.068965517241379
1.0	3.0	0.0	0.0009523232040269241	4.103448275862069
1.0	3.0	0.0	0.0009490736217474908	4.448275862068965
1.0	3.0	0.0	0.0009486827697334849	4.517241379310345
1.0	2.0	0.0	0.0008658611690447481	9.96551724137931
1.0	3.0	0.0	0.0009547793932782392	5.0
1.0	3.0	0.0	0.00095437463615392	5.068965517241379
1.0	3.0	0.0	0.0010048643249873956	5.068965517241379
1.0	2.0	0.0	0.0006689247606216194	5.206896551724138
1.0	1.0	0.0	0.0004659107623294446	10.931034482758621
1.0	2.0	0.0	0.0006711313447731826	5.827586206896552
1.0	2.0	0.0	0.0006708297326991219	5.758620689655173
1.0	3.0	0.0	0.0010277709347625199	5.896551724137931
1.0	2.0	0.0	0.0006861140674984822	5.896551724137931
1.0	2.0	0.0	0.0006861909444839988	6.448275862068965
1.0	2.0	0.0	0.0006869697450097842	6.448275862068965
1.0	1.0	0.0	0.0004180852405216329	7.758620689655173
1.0	1.0	0.0	0.0004526279268408041	7.928571428571429
1.0	1.0	0.0	0.0004526279268408041	7.928571428571429
1.0	2.0	0.0	0.0007603687222945697	6.178571428571429
1.0	1.0	0.0	0.0004109844887234454	6.25
1.0	1.0	0.0	0.0004109844887234454	6.25
1.0	3.0	0.0	0.0011095522376699397	5.25
1.0	2.0	0.0	0.0006811940825464747	3.857142857142857
1.0	2.0	0.0	0.0006484239652312624	4.785714285714286
1.0	3.0	0.0	0.0011167330148399517	5.285714285714286
1.0	2.0	0.0	0.0007292432433427518	4.714285714285714
1.0	2.0	0.0	0.0007097230520095011	4.25
1.0	3.0	0.0	0.0009512949072891005	3.5357142857142856
1.0	2.0	0.0	0.0007861934441979837	6.071428571428571
1.0	2.0	0.0	0.0007861934441979837	6.071428571428571
1.0	3.0	0.0	0.0009489938332586099	3.857142857142857
1.0	3.0	0.0	0.0009485959129545325	3.9285714285714284
1.0	3.0	0.0	0.0009543653676050417	4.392857142857143
1.0	3.0	0.0	0.0009539538807494894	4.464285714285714
1.0	3.0	0.0	0.001004483872773829	4.464285714285714
1.0	2.0	0.0	0.0008354964336508314	6.964285714285714
1.0	2.0	0.0	0.0008354964336508314	6.964285714285714
1.0	2.0	0.0	0.0006686357839059506	4.607142857142857
1.0	2.0	0.0	0.0006711704279323663	5.214285714285714
1.0	2.0	0.0	0.0006708684619949462	5.142857142857143
1.0	3.0	0.0	0.0010278343781072125	5.285714285714286
1.0	2.0	0.0	0.0006861551275647385	5.285714285714286
1.0	2.0	0.0	0.0006859736466744879	5.821428571428571
1.0	2.0	0.0	0.0006867523485363479	5.821428571428571
1.0	1.0	0.0	0.00041811404725846594	7.142857142857143
1.0	1.0	0.0	0.00046177984441449313	8.0
1.0	1.0	0.0	0.00041127315906005634	5.565217391304348
1.0	1.0	0.0	0.00041127315906005634	5.565217391304348
1.0	2.0	0.0	0.0006893074999658313	3.5652173913043477
1.0	2.0	0.0	0.0006493189639320369	4.173913043478261
1.0	2.0	0.0	0.0007805487898435003	5.391304347826087
1.0	3.0	0.0	0.0011174783342122342	4.608695652173913
1.0	3.0	0.0	0.0009568612761484152	3.130434782608696
1.0	3.0	0.0	0.0009512814968698002	3.3043478260869565
1.0	3.0	0.0	0.0009512726502182236	3.5652173913043477
1.0	2.0	0.0	0.0007249890653936751	4.086956521739131
1.0	3.0	0.0	0.0009560189741135161	3.739130434782609
1.0	3.0	0.0	0.0009559031465175287	4.0
1.0	2.0	0.0	0.0007537772025188864	4.695652173913044
1.0	3.0	0.0	0.0010059004889660177	3.8260869565217392
1.0	2.0	0.0	0.0006703423669453152	4.3478260869565215
1.0	2.0	0.0	0.0006718297219928372	4.521739130434782
1.0	2.0	0.0	0.0006718544481277149	4.782608695652174
1.0	2.0	0.0	0.0006867543010423155	4.608695652173913
1.0	2.0	0.0	0.0008132955484148143	6.173913043478261
1.0	2.0	0.0	0.0006874689001808696	5.043478260869565
1.0	2.0	0.0	0.0006867540854076543	5.130434782608695
1.0	2.0	0.0	0.0006873036561665484	5.565217391304348
1.0	2.0	0.0	0.000856821114721342	7.043478260869565
1.0	1.0	0.0	0.00038354644804848125	5.466666666666667
1.0	2.0	0.0	0.0007999888265061806	5.966666666666667
1.0	1.0	0.0	0.00040770035850626535	6.033333333333333
1.0	2.0	0.0	0.0007678605041952038	5.466666666666667
1.0	2.0	0.0	0.0007678605041952038	5.466666666666667
1.0	2.0	0.0	0.0007705986284787553	6.033333333333333
1.0	2.0	0.0	0.0007735349137149683	6.833333333333333
1.0	3.0	0.0	0.0009727686565767189	3.7
1.0	3.0	0.0	0.001010910327897924	4.3
1.0	2.0	0.0	0.0006918037460462944	5.133333333333334
1.0	3.0	0.0	0.0009535627759242889	3.3333333333333335
1.0	2.0	0.0	0.000694876870101257	5.233333333333333
1.0	3.0	0.0	0.0010256675473067653	4.5
1.0	3.0	0.0	0.0009746408433319473	3.566666666666667
1.0	3.0	0.0	0.0009774334319450069	3.8333333333333335
1.0	3.0	0.0	0.0011059288964709113	5.066666666666666
1.0	2.0	0.0	0.0006810593512020934	4.133333333333334
1.0	2.0	0.0	0.0006810593512020934	4.133333333333334
1.0	2.0	0.0	0.0006842231315913828	4.533333333333333
1.0	2.0	0.0	0.0006842231315913828	4.533333333333333
1.0	3.0	0.0	0.0010420673281559467	4.566666666666666
1.0	3.0	0.0	0.0010420673281559467	4.566666666666666
1.0	3.0	0.0	0.0010481505913592884	5.133333333333334
1.0	2.0	0.0	0.0006997702598836089	5.233333333333333
1.0	2.0	0.0	0.0006997702598836089	5.233333333333333
1.0	3.0	0.0	0.0010541286939149384	5.933333333333334
1.0	1.0	0.0	0.0004358148740512131	6.933333333333334
1.0	1.0	0.0	0.00042132107941873103	6.433333333333334
1.0	1.0	0.0	0.00042132107941873103	6.433333333333334
1.0	1.0	0.0	0.00042273203411260574	7.0
1.0	1.0	0.0	0.0004240938110307617	7.8
1.0	1.0	0.0	0.0003953376873723786	3.5454545454545454
1.0	1.0	0.0	0.0003903907987790518	3.1818181818181817
1.0	2.0	0.0	0.0006934734819214246	2.6363636363636362
1.0	3.0	0.0	0.0010005289013125759	2.090909090909091
1.0	3.0	0.0	0.0010046490830610513	2.090909090909091
1.0	3.0	0.0	0.0010449964960612414	2.272727272727273
1.0	2.0	0.0	0.0006965149300383049	2.4545454545454546
1.0	2.0	0.0	0.0006953016856003876	2.6363636363636362
1.0	2.0	0.0	0.0007098559520087901	2.6363636363636362
1.0	3.0	0.0	0.001061484472381474	2.6363636363636362
1.0	2.0	0.0	0.0007049651240296252	3.1818181818181817
1.0	2.0	0.0	0.0007072054845505343	3.1818181818181817
1.0	2.0	0.0	0.0006512989309874094	8.765625
1.0	2.0	0.0	0.0007008203300942009	7.84375
1.0	2.0	0.0	0.000667184798648174	6.59375
1.0	1.0	0.0	0.00036437564069788776	6.640625
1.0	1.0	0.0	0.0003753298636807259	8.609375
1.0	2.0	0.0	0.0007271135384083735	7.28125
1.0	1.0	0.0	0.00037613831521427323	7.578125
1.0	2.0	0.0	0.0006827563034551889	5.984375
1.0	1.0	0.0	0.00042027361725150813	9.75
1.0	1.0	0.0	0.0003840275138640857	8.34375
1.0	1.0	0.0	0.00042800906623169464	9.1875
1.0	1.0	0.0	0.0003890150841495962	7.265625
1.0	1.0	0.0	0.0003867927737131832	7.625
1.0	1.0	0.0	0.0003873485534643666	9.359375
1.0	2.0	0.0	0.0006860423670862585	7.703125
1.0	3.0	0.0	0.0011523501165817036	12.515625
1.0	3.0	0.0	0.0009284884589991456	6.21875
1.0	4.0	0.0	0.0012438770802868267	6.953125
1.0	4.0	0.0	0.0012811765236225255	6.765625
1.0	3.0	0.0	0.0009473338075224142	7.8125
1.0	3.0	0.0	0.000942060130636723	5.859375
1.0	4.0	0.0	0.0012845808005420986	5.65625
1.0	3.0	0.0	0.0010003931220332522	7.625
1.0	2.0	0.0	0.0006588537078713242	8.359375
1.0	4.0	0.0	0.0013328507471943281	6.265625
1.0	2.0	0.0	0.0006501816920368752	7.90625
1.0	3.0	0.0	0.0010030714449643962	6.59375
1.0	2.0	0.0	0.0006581168600034805	5.796875
1.0	3.0	0.0	0.0009759613599875075	6.03125
1.0	1.0	0.0	0.00036478446137236484	7.75
1.0	3.0	0.0	0.0009948360629646296	6.390625
1.0	3.0	0.0	0.000980678163583963	5.71875
1.0	3.0	0.0	0.001000081496303189	6.171875
1.0	1.0	0.0	0.00037631517686830473	7.25
1.0	1.0	0.0	0.00037631517686830473	7.25
1.0	1.0	0.0	0.00037641424508516423	7.15625
1.0	3.0	0.0	0.0011455125857528455	8.765625
1.0	3.0	0.0	0.0010258187410039673	7.359375
1.0	1.0	0.0	0.00042027361725150813	9.75
1.0	3.0	0.0	0.0011712230047341726	8.203125
1.0	3.0	0.0	0.0010448240169880605	6.28125
1.0	3.0	0.0	0.001017750429143891	8.1875
1.0	3.0	0.0	0.0010355801178372544	6.640625
1.0	1.0	0.0	0.00042800906623169464	9.1875
1.0	2.0	0.0	0.0007033857521924801	9.109375
1.0	2.0	0.0	0.0007033857521924801	9.109375
1.0	3.0	0.0	0.0009963435144154705	7.0625
1.0	2.0	0.0	0.0007174890306826389	10.03125
1.0	2.0	0.0	0.0007174890306826389	10.03125
1.0	2.0	0.0	0.0007209636130087216	10.953125
1.0	3.0	0.0	0.0010014639931688113	7.890625
1.0	2.0	0.0	0.0006968335446357563	8.8125
1.0	2.0	0.0	0.0006968335446357563	8.8125
1.0	3.0	0.0	0.0010392016018764088	8.375
1.0	2.0	0.0	0.0007116920082179836	9.734375
1.0	2.0	0.0	0.0007116920082179836	9.734375
1.0	3.0	0.0	0.0010171222848578698	9.109375
1.0	2.0	0.0	0.0007166188003752657	10.65625
1.0	2.0	0.0	0.0007005348149851441	9.9375
1.0	2.0	0.0	0.0007005348149851441	9.9375
1.0	2.0	0.0	0.0007084835094214538	10.765625
1.0	2.0	0.0	0.0007084835094214538	10.765625
1.0	3.0	0.0	0.0010603766474961776	11.59375
1.0	1.0	0.0	0.0004219902530138707	13.5
1.0	1.0	0.0	0.0004219902530138707	13.5
1.0	1.0	0.0	0.0004175723216630681	10.953846153846154
1.0	1.0	0.0	0.0004175723216630681	10.953846153846154
1.0	1.0	0.0	0.0004175723216630681	10.953846153846154
1.0	2.0	0.0	0.0006511530771385797	8.430769230769231
1.0	2.0	0.0	0.0007007964667747977	7.507692307692308
1.0	2.0	0.0	0.0006656734165977029	6.123076923076923
1.0	1.0	0.0	0.0003641870634256719	6.4
1.0	1.0	0.0	0.0003752587053105469	8.276923076923078
1.0	2.0	0.0	0.0007271127127335847	7.1692307692307695
1.0	1.0	0.0	0.0003760743952690019	7.3538461538461535
1.0	2.0	0.0	0.0006828232124125612	6.061538461538461
1.0	1.0	0.0	0.0004202715686059893	9.415384615384616
1.0	1.0	0.0	0.00038275132306632767	7.753846153846154
1.0	1.0	0.0	0.0004280108792204927	9.076923076923077
1.0	1.0	0.0	0.00038911849348186706	7.446153846153846
1.0	1.0	0.0	0.00038689977722702765	7.907692307692308
1.0	1.0	0.0	0.0003887921428076287	9.938461538461539
1.0	2.0	0.0	0.0006878724340676648	8.184615384615384
1.0	3.0	0.0	0.0009282084835040532	5.876923076923077
1.0	4.0	0.0	0.001243473484883585	6.615384615384615
1.0	4.0	0.0	0.0012807595180873534	6.430769230769231
1.0	3.0	0.0	0.00094729922174826	7.476923076923077
1.0	3.0	0.0	0.0009406540452930586	5.507692307692308
1.0	4.0	0.0	0.0012842289528936456	5.415384615384616
1.0	3.0	0.0	0.0010003584564750464	7.292307692307692
1.0	2.0	0.0	0.0006587118945164513	8.03076923076923
1.0	4.0	0.0	0.001332409894463928	6.030769230769231
1.0	2.0	0.0	0.0006501529642941896	7.569230769230769
1.0	3.0	0.0	0.0010030407246958337	6.369230769230769
1.0	2.0	0.0	0.0006578917823563661	5.661538461538462
1.0	3.0	0.0	0.0009759343617016474	5.907692307692308
1.0	1.0	0.0	0.00036476149180386956	7.415384615384616
1.0	3.0	0.0	0.0009946769041508296	6.276923076923077
1.0	3.0	0.0	0.0009806657724101798	5.6923076923076925
1.0	3.0	0.0	0.0009999441273902878	6.153846153846154
1.0	1.0	0.0	0.00037629197536185677	7.015384615384615
1.0	1.0	0.0	0.00037629197536185677	7.015384615384615
1.0	1.0	0.0	0.0003764130869693389	7.138461538461539
1.0	3.0	0.0	0.0011453572495237813	8.430769230769231
1.0	3.0	0.0	0.0010198950099309936	6.769230769230769
1.0	1.0	0.0	0.0004202715686059893	9.415384615384616
1.0	3.0	0.0	0.0011711425541676506	8.092307692307692
1.0	3.0	0.0	0.0010449927321971408	6.461538461538462
1.0	3.0	0.0	0.001009077544048775	7.476923076923077
1.0	3.0	0.0	0.0010362636374453493	6.923076923076923
1.0	1.0	0.0	0.0004280108792204927	9.076923076923077
1.0	2.0	0.0	0.0006913023434390281	8.276923076923078
1.0	2.0	0.0	0.0006958943803286671	8.4
1.0	3.0	0.0	0.0009971344437140755	7.446153846153846
1.0	3.0	0.0	0.001049341023026386	9.076923076923077
1.0	2.0	0.0	0.0007096895312101107	9.2
1.0	2.0	0.0	0.0007078787427514872	10.0
1.0	3.0	0.0	0.0010021706107310152	8.276923076923078
1.0	4.0	0.0	0.0015135902339818521	9.96923076923077
1.0	2.0	0.0	0.0006969722345925239	9.2
1.0	2.0	0.0	0.0006969722345925239	9.2
1.0	3.0	0.0	0.0010429093876710635	8.953846153846154
1.0	2.0	0.0	0.0007119719546170833	10.123076923076923
1.0	2.0	0.0	0.0007119719546170833	10.123076923076923
1.0	3.0	0.0	0.001025701459307228	9.784615384615385
1.0	2.0	0.0	0.0007166955840579671	11.046153846153846
1.0	2.0	0.0	0.0007074562504004126	10.707692307692307
1.0	2.0	0.0	0.0007074562504004126	10.707692307692307
1.0	2.0	0.0	0.0007201421213092383	11.63076923076923
1.0	2.0	0.0	0.0007201421213092383	11.63076923076923
1.0	2.0	0.0	0.0007237867454547703	12.553846153846154
1.0	1.0	0.0	0.00040066057130993345	11.306451612903226
1.0	2.0	0.0	0.0006512416935870893	8.32258064516129
1.0	2.0	0.0	0.0007008696375148506	7.403225806451613
1.0	2.0	0.0	0.0006673816386822742	6.145161290322581
1.0	1.0	0.0	0.0003643358402842105	6.290322580645161
1.0	1.0	0.0	0.0003753015960727006	8.161290322580646
1.0	2.0	0.0	0.0007271502158703654	6.951612903225806
1.0	1.0	0.0	0.00037611372988649474	7.193548387096774
1.0	2.0	0.0	0.0006828822664695	5.838709677419355
1.0	1.0	0.0	0.0004202941757320888	9.306451612903226
1.0	1.0	0.0	0.00038416162176217695	7.854838709677419
1.0	1.0	0.0	0.00042802318423386897	8.85483870967742
1.0	1.0	0.0	0.00038913204858406856	7.193548387096774
1.0	1.0	0.0	0.0003869062278218536	7.629032258064516
1.0	1.0	0.0	0.00038879279642387314	9.612903225806452
1.0	2.0	0.0	0.0006878757908719657	7.870967741935484
1.0	3.0	0.0	0.0009286096086258432	5.790322580645161
1.0	4.0	0.0	0.001243748986159856	6.516129032258065
1.0	4.0	0.0	0.001281048038158073	6.32258064516129
1.0	3.0	0.0	0.0009474139320717462	7.370967741935484
1.0	3.0	0.0	0.0009418417709129705	5.451612903225806
1.0	4.0	0.0	0.0012847596410819559	5.306451612903226
1.0	3.0	0.0	0.0010004741942134425	7.17741935483871
1.0	2.0	0.0	0.0006587971671298351	7.903225806451613
1.0	4.0	0.0	0.001332733614719312	5.903225806451613
1.0	2.0	0.0	0.0006502361949955965	7.467741935483871
1.0	3.0	0.0	0.0010031478685575176	6.209677419354839
1.0	2.0	0.0	0.000658086058169642	5.516129032258065
1.0	3.0	0.0	0.0009760460191374051	5.725806451612903
1.0	1.0	0.0	0.00036481412992298424	7.306451612903226
1.0	3.0	0.0	0.0009947767097226513	6.064516129032258
1.0	3.0	0.0	0.0009807860000124013	5.5
1.0	3.0	0.0	0.0010000641921471948	5.935483870967742
1.0	1.0	0.0	0.0003763493494407344	6.887096774193548
1.0	1.0	0.0	0.0003763493494407344	6.887096774193548
1.0	1.0	0.0	0.0003764421722028148	6.919354838709677
1.0	3.0	0.0	0.0011454429448813732	8.32258064516129
1.0	3.0	0.0	0.0010252227115438066	6.870967741935484
1.0	1.0	0.0	0.0004202941757320888	9.306451612903226
1.0	3.0	0.0	0.001171181057619753	7.870967741935484
1.0	3.0	0.0	0.0010450319216526336	6.209677419354839
1.0	3.0	0.0	0.001018157888199753	7.661290322580645
1.0	3.0	0.0	0.0010362857126014506	6.645161290322581
1.0	1.0	0.0	0.00042802318423386897	8.85483870967742
1.0	2.0	0.0	0.000702756589807567	8.548387096774194
1.0	2.0	0.0	0.000702756589807567	8.548387096774194
1.0	3.0	0.0	0.0009971446034191536	7.145161290322581
1.0	2.0	0.0	0.0007176587045287214	9.435483870967742
1.0	2.0	0.0	0.0007176587045287214	9.435483870967742
1.0	3.0	0.0	0.0010800636391819917	10.32258064516129
1.0	3.0	0.0	0.001002174702854249	7.967741935483871
1.0	2.0	0.0	0.0006969750062794818	8.887096774193548
1.0	2.0	0.0	0.0006969750062794818	8.887096774193548
1.0	3.0	0.0	0.0010429129487732518	8.629032258064516
1.0	2.0	0.0	0.0007119730177575056	9.806451612903226
1.0	2.0	0.0	0.0007119730177575056	9.806451612903226
1.0	3.0	0.0	0.0010257023924962576	9.451612903225806
1.0	2.0	0.0	0.0007166976226773275	10.725806451612904
1.0	2.0	0.0	0.0007074571553314458	10.370967741935484
1.0	2.0	0.0	0.0007074571553314458	10.370967741935484
1.0	2.0	0.0	0.0007201423235965235	11.290322580645162
1.0	2.0	0.0	0.0007201423235965235	11.290322580645162
1.0	2.0	0.0	0.0007237873774639397	12.209677419354838
1.0	2.0	0.0	0.0006512658718702345	8.25
1.0	2.0	0.0	0.0007007715930817008	7.333333333333333
1.0	2.0	0.0	0.000666065623850535	6.166666666666667
1.0	1.0	0.0	0.00036432326548223727	6.216666666666667
1.0	1.0	0.0	0.00037531427404844254	8.083333333333334
1.0	2.0	0.0	0.0007270918808565845	6.8
1.0	1.0	0.0	0.000376125754203301	7.083333333333333
1.0	2.0	0.0	0.0006828998325410006	5.683333333333334
1.0	1.0	0.0	0.00042025958248810666	9.233333333333333
1.0	1.0	0.0	0.00038311172233328433	7.933333333333334
1.0	2.0	0.0	0.0006987179461267465	8.733333333333333
1.0	1.0	0.0	0.0004280032179201104	8.7
1.0	1.0	0.0	0.00038913972049967917	7.016666666666667
1.0	1.0	0.0	0.00038689568344639806	7.433333333333334
1.0	1.0	0.0	0.0003887939290104978	9.383333333333333
1.0	2.0	0.0	0.0006878798056673409	7.65
1.0	3.0	0.0	0.0009282141057153754	5.733333333333333
1.0	4.0	0.0	0.0012437684346859614	6.45
1.0	4.0	0.0	0.0012810659334155873	6.25
1.0	3.0	0.0	0.0009472560116169957	7.3
1.0	3.0	0.0	0.0009415372359162516	5.416666666666667
1.0	4.0	0.0	0.001284217652262219	5.233333333333333
1.0	3.0	0.0	0.001000314556584606	7.1
1.0	2.0	0.0	0.0006588224030703873	7.816666666666666
1.0	4.0	0.0	0.00133275528425373	5.816666666666666
1.0	2.0	0.0	0.0006501249935970151	7.4
1.0	3.0	0.0	0.0010030001333767294	6.1
1.0	2.0	0.0	0.0006580833775235587	5.416666666666667
1.0	3.0	0.0	0.000975889496993519	5.6
1.0	1.0	0.0	0.00036474819360453054	7.233333333333333
1.0	3.0	0.0	0.00099481337675134	5.916666666666667
1.0	3.0	0.0	0.00098062660867587	5.366666666666666
1.0	3.0	0.0	0.0010001006956420358	5.783333333333333
1.0	1.0	0.0	0.0003762752632002729	6.8
1.0	1.0	0.0	0.0003762752632002729	6.8
1.0	1.0	0.0	0.00037639810499941217	6.766666666666667
1.0	3.0	0.0	0.0011454804161715785	8.25
1.0	3.0	0.0	0.001023252872542466	6.95
1.0	1.0	0.0	0.00042025958248810666	9.233333333333333
1.0	3.0	0.0	0.001171214136001752	7.716666666666667
1.0	3.0	0.0	0.001044971179039182	6.033333333333333
1.0	3.0	0.0	0.0010121344147052977	7.8
1.0	3.0	0.0	0.001036301416297129	6.45
1.0	1.0	0.0	0.0004280032179201104	8.7
1.0	2.0	0.0	0.0006987179461267465	8.733333333333333
1.0	3.0	0.0	0.0009971283072473698	6.933333333333334
1.0	2.0	0.0	0.0007097356970256418	9.666666666666666
1.0	2.0	0.0	0.0007097356970256418	9.666666666666666
1.0	3.0	0.0	0.0010021802213440096	7.75
1.0	2.0	0.0	0.0006969709326674854	8.666666666666666
1.0	2.0	0.0	0.0006969709326674854	8.666666666666666
1.0	3.0	0.0	0.0010429075717032792	8.4
1.0	2.0	0.0	0.0007119753156141673	9.583333333333334
1.0	2.0	0.0	0.0007119753156141673	9.583333333333334
1.0	3.0	0.0	0.0010257043753576119	9.216666666666667
1.0	2.0	0.0	0.0007166948229910161	10.5
1.0	2.0	0.0	0.0007074559679696789	10.133333333333333
1.0	2.0	0.0	0.0007074559679696789	10.133333333333333
1.0	2.0	0.0	0.0007201430355963104	11.05
1.0	2.0	0.0	0.0007201430355963104	11.05
1.0	2.0	0.0	0.0007237866208165148	11.966666666666667
1.0	2.0	0.0	0.0006512998726157136	8.133333333333333
1.0	2.0	0.0	0.0007008203043907078	7.216666666666667
1.0	2.0	0.0	0.0006671842206673227	6.016666666666667
1.0	1.0	0.0	0.00036438212627713286	6.133333333333334
1.0	1.0	0.0	0.00037533055787155104	7.966666666666667
1.0	2.0	0.0	0.0007271129258238219	6.75
1.0	1.0	0.0	0.00037614023006539627	7.0
1.0	2.0	0.0	0.0006828476550653619	5.7
1.0	1.0	0.0	0.00042027363038817274	9.116666666666667
1.0	1.0	0.0	0.000384027405850372	7.75
1.0	1.0	0.0	0.00042800894737348176	8.65
1.0	1.0	0.0	0.00038908478533464014	7.066666666666666
1.0	1.0	0.0	0.0003868092274807545	7.516666666666667
1.0	1.0	0.0	0.0003879661742970114	9.566666666666666
1.0	2.0	0.0	0.0007029704180385728	10.366666666666667
1.0	2.0	0.0	0.0006868460198428736	7.8
1.0	3.0	0.0	0.000928487837900114	5.616666666666666
1.0	4.0	0.0	0.0012438799035227577	6.333333333333333
1.0	4.0	0.0	0.0012811816921711441	6.133333333333334
1.0	3.0	0.0	0.0009473337681755021	7.183333333333334
1.0	3.0	0.0	0.000942069974464297	5.3
1.0	4.0	0.0	0.00128457665845042	5.15
1.0	3.0	0.0	0.0010003929933364718	6.983333333333333
1.0	2.0	0.0	0.0006588548708296033	7.7
1.0	4.0	0.0	0.0013328738722833086	5.733333333333333
1.0	2.0	0.0	0.0006501816562564253	7.283333333333333
1.0	3.0	0.0	0.001003070632288716	6.016666666666667
1.0	2.0	0.0	0.0006581449960078546	5.366666666666666
1.0	3.0	0.0	0.0009759581391242292	5.55
1.0	1.0	0.0	0.00036478434908062817	7.116666666666666
1.0	3.0	0.0	0.000994846813254561	5.866666666666666
1.0	3.0	0.0	0.000980673044532034	5.35
1.0	3.0	0.0	0.0010001216002520179	5.766666666666667
1.0	1.0	0.0	0.00037631428092797206	6.716666666666667
1.0	1.0	0.0	0.00037631428092797206	6.716666666666667
1.0	1.0	0.0	0.00037641241388855745	6.75
1.0	3.0	0.0	0.0011455133905289693	8.133333333333333
1.0	3.0	0.0	0.0010258220078196868	6.766666666666667
1.0	1.0	0.0	0.00042027363038817274	9.116666666666667
1.0	3.0	0.0	0.0011712278699730705	7.666666666666667
1.0	3.0	0.0	0.0010448384291842634	6.083333333333333
1.0	3.0	0.0	0.0010177503228848141	7.583333333333333
1.0	3.0	0.0	0.0010359421939235005	6.533333333333333
1.0	1.0	0.0	0.00042800894737348176	8.65
1.0	2.0	0.0	0.0007033864742272628	8.5
1.0	2.0	0.0	0.0007033864742272628	8.5
1.0	3.0	0.0	0.0009965433110063618	7.05
1.0	2.0	0.0	0.0007174890489162716	9.416666666666666
1.0	2.0	0.0	0.0007174890489162716	9.416666666666666
1.0	2.0	0.0	0.0007209640725832762	10.333333333333334
1.0	3.0	0.0	0.0010018280999324796	7.866666666666666
1.0	2.0	0.0	0.0006968425610337899	8.783333333333333
1.0	2.0	0.0	0.0006968425610337899	8.783333333333333
1.0	3.0	0.0	0.0010403986688618861	8.583333333333334
1.0	2.0	0.0	0.0007118522487840637	9.7
1.0	2.0	0.0	0.0007118522487840637	9.7
1.0	3.0	0.0	0.0010206304129414799	9.433333333333334
1.0	2.0	0.0	0.0007166098752047257	10.616666666666667
1.0	2.0	0.0	0.0007029704180385728	10.366666666666667
1.0	2.0	0.0	0.0007131026156928103	11.3
1.0	2.0	0.0	0.0007131026156928103	11.3
1.0	1.0	0.0	0.0004395465386595834	9.21951219512195
1.0	1.0	0.0	0.0004395465386595834	9.21951219512195
1.0	1.0	0.0	0.0004395465386595834	9.21951219512195
1.0	1.0	0.0	0.0004395465386595834	9.21951219512195
1.0	1.0	0.0	0.0004395465386595834	9.21951219512195
1.0	1.0	0.0	0.0004395465386595834	9.21951219512195
1.0	3.0	0.0	0.0009626900338164325	5.121951219512195
1.0	3.0	0.0	0.0009626900338164325	5.121951219512195
1.0	3.0	0.0	0.0009626900338164325	5.121951219512195
1.0	3.0	0.0	0.0010244523779027257	6.439024390243903
1.0	3.0	0.0	0.0010244523779027257	6.439024390243903
1.0	3.0	0.0	0.0010244523779027257	6.439024390243903
1.0	3.0	0.0	0.0010244523779027257	6.439024390243903
1.0	3.0	0.0	0.0010244523779027257	6.439024390243903
1.0	3.0	0.0	0.0010244523779027257	6.439024390243903
1.0	2.0	0.0	0.0006402321427269599	4.975609756097561
1.0	2.0	0.0	0.0006402321427269599	4.975609756097561
1.0	2.0	0.0	0.0006402321427269599	4.975609756097561
1.0	2.0	0.0	0.0006737748234920683	5.853658536585366
1.0	2.0	0.0	0.0006737748234920683	5.853658536585366
1.0	2.0	0.0	0.0006737748234920683	5.853658536585366
1.0	2.0	0.0	0.0006737748234920683	5.853658536585366
1.0	2.0	0.0	0.0006737748234920683	5.853658536585366
1.0	2.0	0.0	0.0006737748234920683	5.853658536585366
1.0	2.0	0.0	0.0006923168675559239	7.170731707317073
1.0	2.0	0.0	0.0006923168675559239	7.170731707317073
1.0	2.0	0.0	0.0006923168675559239	7.170731707317073
1.0	3.0	0.0	0.0009434839602452253	4.682926829268292
1.0	3.0	0.0	0.0009434839602452253	4.682926829268292
1.0	3.0	0.0	0.0009434839602452253	4.682926829268292
1.0	2.0	0.0	0.0007477687053662251	7.317073170731708
1.0	2.0	0.0	0.0007477687053662251	7.317073170731708
1.0	2.0	0.0	0.0007477687053662251	7.317073170731708
1.0	2.0	0.0	0.0007477687053662251	7.317073170731708
1.0	2.0	0.0	0.0007477687053662251	7.317073170731708
1.0	2.0	0.0	0.0007477687053662251	7.317073170731708
1.0	2.0	0.0	0.0008061734423919509	8.24390243902439
1.0	2.0	0.0	0.0008061734423919509	8.24390243902439
1.0	2.0	0.0	0.0008061734423919509	8.24390243902439
1.0	2.0	0.0	0.0008061734423919509	8.24390243902439
1.0	2.0	0.0	0.0008061734423919509	8.24390243902439
1.0	2.0	0.0	0.0008061734423919509	8.24390243902439
1.0	1.0	0.0	0.0004364963953530477	8.78
1.0	1.0	0.0	0.0004364963953530477	8.78
1.0	1.0	0.0	0.0004364963953530477	8.78
1.0	1.0	0.0	0.0004364963953530477	8.78
1.0	1.0	0.0	0.0004364963953530477	8.78
1.0	1.0	0.0	0.0004364963953530477	8.78
1.0	1.0	0.0	0.00045227803331662016	9.68
1.0	1.0	0.0	0.00045227803331662016	9.68
1.0	1.0	0.0	0.00045227803331662016	9.68
1.0	1.0	0.0	0.00045227803331662016	9.68
1.0	1.0	0.0	0.00045227803331662016	9.68
1.0	1.0	0.0	0.00045227803331662016	9.68
1.0	3.0	0.0	0.0010058805588906289	5.34
1.0	3.0	0.0	0.0010058805588906289	5.34
1.0	3.0	0.0	0.0010058805588906289	5.34
1.0	3.0	0.0	0.0011091789178962965	6.86
1.0	3.0	0.0	0.0011091789178962965	6.86
1.0	3.0	0.0	0.0011091789178962965	6.86
1.0	3.0	0.0	0.0011091789178962965	6.86
1.0	3.0	0.0	0.0011091789178962965	6.86
1.0	3.0	0.0	0.0011091789178962965	6.86
1.0	2.0	0.0	0.0006573415032815177	5.22
1.0	2.0	0.0	0.0006573415032815177	5.22
1.0	2.0	0.0	0.0006573415032815177	5.22
1.0	2.0	0.0	0.0007111637859619378	6.08
1.0	2.0	0.0	0.0007111637859619378	6.08
1.0	2.0	0.0	0.0007111637859619378	6.08
1.0	2.0	0.0	0.0007111637859619378	6.08
1.0	2.0	0.0	0.0007111637859619378	6.08
1.0	2.0	0.0	0.0007111637859619378	6.08
1.0	3.0	0.0	0.0009703691265567844	4.92
1.0	3.0	0.0	0.0009703691265567844	4.92
1.0	3.0	0.0	0.0009703691265567844	4.92
1.0	2.0	0.0	0.0007854237774973689	7.76
1.0	2.0	0.0	0.0007854237774973689	7.76
1.0	2.0	0.0	0.0007854237774973689	7.76
1.0	2.0	0.0	0.0007854237774973689	7.76
1.0	2.0	0.0	0.0007854237774973689	7.76
1.0	2.0	0.0	0.0007854237774973689	7.76
1.0	2.0	0.0	0.0008022584342209152	7.8
1.0	2.0	0.0	0.0008022584342209152	7.8
1.0	2.0	0.0	0.0008022584342209152	7.8
1.0	2.0	0.0	0.0008022584342209152	7.8
1.0	2.0	0.0	0.0008022584342209152	7.8
1.0	2.0	0.0	0.0008022584342209152	7.8
1.0	2.0	0.0	0.0008355704635137776	8.7
1.0	2.0	0.0	0.0008355704635137776	8.7
1.0	2.0	0.0	0.0008355704635137776	8.7
1.0	2.0	0.0	0.0008355704635137776	8.7
1.0	2.0	0.0	0.0008355704635137776	8.7
1.0	2.0	0.0	0.0008355704635137776	8.7
1.0	2.0	0.0	0.0007421678775232981	3.611111111111111
1.0	1.0	0.0	0.0003674816967618354	3.7222222222222223
1.0	1.0	0.0	0.00037228677261757115	3.6666666666666665
1.0	3.0	0.3333333333333333	0.0009533265974410678	3.5555555555555554
1.0	3.0	0.0	0.0009317391697011159	3.111111111111111
1.0	2.0	0.0	0.0006374734664972677	3.2222222222222223
1.0	2.0	1.0	0.0006579280041095431	4.444444444444445
1.0	2.0	1.0	0.000657928004109543	4.444444444444445
1.0	2.0	0.0	0.0006553432292326219	3.888888888888889
1.0	3.0	0.0	0.0009509037389212108	2.8333333333333335
1.0	3.0	0.0	0.0009379877003772108	3.388888888888889
1.0	3.0	0.0	0.0009320230121342928	2.6666666666666665
1.0	2.0	0.0	0.000666497984585581	4.611111111111111
1.0	2.0	0.0	0.0006572079220705277	4.166666666666667
1.0	3.0	0.0	0.0009339021975264115	2.7222222222222223
1.0	3.0	0.0	0.0009721521363505284	2.7777777777777777
1.0	3.0	0.0	0.0009916263982336787	2.7777777777777777
1.0	3.0	0.0	0.000987900236229534	2.7222222222222223
1.0	1.0	0.0	0.00040990534267882164	4.555555555555555
1.0	0.0	0.0	0.0	0.0
1.0	4.0	0.0	0.0012361349900041753	4.151515151515151
1.0	2.0	0.0	0.0006834064545517553	6.090909090909091
1.0	2.0	0.0	0.0006447133661153159	4.2727272727272725
1.0	3.0	0.0	0.0009665308300869358	4.818181818181818
1.0	3.0	0.0	0.0009665308300869358	4.818181818181818
1.0	3.0	0.0	0.0009665308300869358	4.818181818181818
1.0	3.0	0.0	0.0009691947484355613	4.454545454545454
1.0	2.0	0.0	0.0006808511865459789	5.666666666666667
1.0	2.0	0.0	0.0006808511865459789	5.666666666666667
1.0	2.0	0.0	0.0006808511865459789	5.666666666666667
1.0	2.0	0.0	0.0006808511865459789	5.666666666666667
1.0	2.0	0.0	0.0006808511865459789	5.666666666666667
1.0	2.0	0.0	0.0006808511865459789	5.666666666666667
1.0	2.0	0.0	0.0006702903955563551	4.818181818181818
1.0	2.0	0.0	0.0006702903955563551	4.818181818181818
1.0	2.0	0.0	0.0006996683224557531	6.515151515151516
1.0	2.0	0.0	0.0006996683224557531	6.515151515151516
1.0	2.0	0.0	0.0006996683224557531	6.515151515151516
1.0	2.0	0.0	0.0006996683224557531	6.515151515151516
1.0	2.0	0.0	0.0006996683224557531	6.515151515151516
1.0	2.0	0.0	0.0006996683224557531	6.515151515151516
1.0	2.0	0.0	0.0007057511510686716	7.363636363636363
1.0	2.0	0.0	0.0007057511510686716	7.363636363636363
1.0	2.0	0.0	0.0007057511510686716	7.363636363636363
1.0	2.0	0.0	0.0006746209695430352	5.181818181818182
1.0	2.0	0.0	0.0006746209695430352	5.181818181818182
1.0	3.0	0.0	0.0009908007604575127	5.545454545454546
1.0	2.0	0.0	0.0006900459274765583	6.696969696969697
1.0	3.0	0.0	0.0010211667191271094	7.363636363636363
1.0	2.0	0.0	0.0007058778959614554	8.212121212121213
1.0	2.0	0.0	0.0007058778959614554	8.212121212121213
1.0	2.0	0.0	0.0007184126902811507	9.06060606060606
1.0	2.0	0.0	0.0007184126902811507	9.06060606060606
1.0	2.0	0.0	0.0007228317421685248	9.909090909090908
1.0	2.0	0.0	0.0006511988710233463	8.390625
1.0	2.0	0.0	0.0007007861541670156	7.46875
1.0	2.0	0.0	0.0006658794474075464	6.125
1.0	1.0	0.0	0.00036424336196793836	6.359375
1.0	1.0	0.0	0.0003752812484795991	8.234375
1.0	2.0	0.0	0.0007271029892193682	7.09375
1.0	1.0	0.0	0.00037609522110986675	7.296875
1.0	2.0	0.0	0.0006828542941867925	5.984375
1.0	1.0	0.0	0.00042026610178107985	9.375
1.0	1.0	0.0	0.00038293626179235847	7.78125
1.0	1.0	0.0	0.0004280069267280029	9.0
1.0	1.0	0.0	0.0003891270326700099	7.359375
1.0	1.0	0.0	0.00038689777333864397	7.8125
1.0	1.0	0.0	0.0004208854401180006	11.09375
1.0	1.0	0.0	0.0004208854401180006	11.09375
1.0	1.0	0.0	0.0003887928456789724	9.828125
1.0	2.0	0.0	0.0006878753580062192	8.078125
1.0	3.0	0.0	0.001147665982826581	10.109375
1.0	3.0	0.0	0.0009282198100502391	5.84375
1.0	4.0	0.0	0.0012435942620116207	6.578125
1.0	4.0	0.0	0.0012808850533028615	6.390625
1.0	3.0	0.0	0.0009472815512309276	7.4375
1.0	3.0	0.0	0.0009410242281951368	5.484375
1.0	4.0	0.0	0.0012842369635832915	5.375
1.0	3.0	0.0	0.0010003405594079943	7.25
1.0	2.0	0.0	0.0006587567242421135	7.984375
1.0	4.0	0.0	0.0013325514105868197	5.984375
1.0	2.0	0.0	0.0006501417606703557	7.53125
1.0	3.0	0.0	0.0010030239872619055	6.3125
1.0	2.0	0.0	0.000657970623484721	5.609375
1.0	3.0	0.0	0.0009759162567819599	5.84375
1.0	1.0	0.0	0.00036475657204911526	7.375
1.0	3.0	0.0	0.0009947321254052477	6.203125
1.0	3.0	0.0	0.0009806507033421254	5.625
1.0	3.0	0.0	0.0010000076384347237	6.078125
1.0	1.0	0.0	0.00037628593239019	6.96875
1.0	1.0	0.0	0.00037628593239019	6.96875
1.0	1.0	0.0	0.000376406796043045	7.0625
1.0	3.0	0.0	0.0011454069624572858	8.390625
1.0	3.0	0.0	0.0010213217198399211	6.796875
1.0	1.0	0.0	0.00042026610178107985	9.375
1.0	3.0	0.0	0.0011711711381279604	8.015625
1.0	3.0	0.0	0.0010449830506047088	6.375
1.0	3.0	0.0	0.0010105441413903612	7.53125
1.0	3.0	0.0	0.0010362787759406835	6.828125
1.0	1.0	0.0	0.0004280069267280029	9.0
1.0	2.0	0.0	0.0006939749954230549	8.359375
1.0	2.0	0.0	0.0006976261996979659	8.453125
1.0	3.0	0.0	0.0009971312295823107	7.34375
1.0	3.0	0.0	0.0010544184188079919	9.1875
1.0	2.0	0.0	0.000711044766940539	9.28125
1.0	2.0	0.0	0.0007107700868831336	10.109375
1.0	3.0	0.0	0.0010021744121408236	8.171875
1.0	2.0	0.0	0.0006969713672986824	9.09375
1.0	2.0	0.0	0.0006969713672986824	9.09375
1.0	3.0	0.0	0.0010429082443387415	8.84375
1.0	2.0	0.0	0.0007119732703040028	10.015625
1.0	2.0	0.0	0.0007119732703040028	10.015625
1.0	3.0	0.0	0.00102570260099362	9.671875
1.0	2.0	0.0	0.0007166949785883924	10.9375
1.0	2.0	0.0	0.0007074559953374568	10.59375
1.0	2.0	0.0	0.0007074559953374568	10.59375
1.0	2.0	0.0	0.0007201424752514449	11.515625
1.0	2.0	0.0	0.0007201424752514449	11.515625
1.0	2.0	0.0	0.0007237865845825444	12.4375
1.0	2.0	0.0	0.0006513067691157617	8.370967741935484
1.0	2.0	0.0	0.0007008155575909592	7.451612903225806
1.0	2.0	0.0	0.0006671727186093935	6.225806451612903
1.0	1.0	0.0	0.00036441062213509877	6.306451612903226
1.0	1.0	0.0	0.00037533534999716555	8.209677419354838
1.0	2.0	0.0	0.0007270974127664829	6.935483870967742
1.0	1.0	0.0	0.0003761507884914177	7.209677419354839
1.0	2.0	0.0	0.0006831836776294539	5.758064516129032
1.0	1.0	0.0	0.000420271959257091	9.35483870967742
1.0	1.0	0.0	0.0003840234845564859	7.967741935483871
1.0	1.0	0.0	0.0004280023634972807	8.838709677419354
1.0	1.0	0.0	0.0003893381761295027	7.080645161290323
1.0	1.0	0.0	0.00038696587652943613	7.483870967741935
1.0	1.0	0.0	0.00038900686694246455	9.435483870967742
1.0	2.0	0.0	0.0006885865436299602	7.693548387096774
1.0	3.0	0.0	0.0009284722418106161	5.838709677419355
1.0	4.0	0.0	0.0012438978296840531	6.564516129032258
1.0	4.0	0.0	0.001281211881727272	6.370967741935484
1.0	3.0	0.0	0.0009473250626479777	7.419354838709677
1.0	3.0	0.0	0.0009421163382606828	5.5
1.0	4.0	0.0	0.0012845326223362746	5.32258064516129
1.0	3.0	0.0	0.00100038149609316	7.225806451612903
1.0	2.0	0.0	0.0006588631331401736	7.951612903225806
1.0	4.0	0.0	0.0013329797013094476	5.919354838709677
1.0	2.0	0.0	0.0006501760053526495	7.516129032258065
1.0	3.0	0.0	0.0010030501583589424	6.225806451612903
1.0	2.0	0.0	0.00065825612363505	5.5
1.0	3.0	0.0	0.0009759231226771573	5.709677419354839
1.0	1.0	0.0	0.0003647794094238404	7.354838709677419
1.0	3.0	0.0	0.0009948988127384888	6.048387096774194
1.0	3.0	0.0	0.0009806602851033354	5.451612903225806
1.0	3.0	0.0	0.0010002819417033152	5.887096774193548
1.0	1.0	0.0	0.00037630161225963167	6.903225806451613
1.0	1.0	0.0	0.00037630161225963167	6.903225806451613
1.0	1.0	0.0	0.0003763989952909638	6.870967741935484
1.0	3.0	0.0	0.0011455198891302484	8.370967741935484
1.0	3.0	0.0	0.0010258404868225901	6.983870967741935
1.0	1.0	0.0	0.000420271959257091	9.35483870967742
1.0	3.0	0.0	0.0011712572388475134	7.854838709677419
1.0	3.0	0.0	0.00104504374922892	6.096774193548387
1.0	3.0	0.0	0.0010177424899311491	7.806451612903226
1.0	3.0	0.0	0.001037282139717148	6.5
1.0	1.0	0.0	0.0004280023634972807	8.838709677419354
1.0	2.0	0.0	0.0007033917290945733	8.725806451612904
1.0	2.0	0.0	0.0007033917290945733	8.725806451612904
1.0	3.0	0.0	0.0009978864737392695	6.967741935483871
1.0	2.0	0.0	0.0007174855704347691	9.64516129032258
1.0	2.0	0.0	0.0007174855704347691	9.64516129032258
1.0	3.0	0.0	0.0010053108610423292	7.758064516129032
1.0	2.0	0.0	0.000720967943422877	10.564516129032258
1.0	3.0	0.0	0.0010502624787357153	8.64516129032258
1.0	2.0	0.0	0.0006980074865857138	8.67741935483871
1.0	3.0	0.0	0.001042946426982396	8.451612903225806
1.0	2.0	0.0	0.0007147554617955283	9.564516129032258
1.0	1.0	0.0	0.0003912936079629429	9.629032258064516
1.0	2.0	0.0	0.0007137719643671163	9.596774193548388
1.0	3.0	0.0	0.0010261563183476083	9.274193548387096
1.0	2.0	0.0	0.000717997847003202	10.483870967741936
1.0	2.0	0.0	0.0007073681891100823	10.193548387096774
1.0	2.0	0.0	0.0007073681891100823	10.193548387096774
1.0	2.0	0.0	0.0007203644848696165	11.112903225806452
1.0	2.0	0.0	0.0007203644848696165	11.112903225806452
1.0	2.0	0.0	0.000723682823738074	12.03225806451613
1.0	2.0	0.0	0.0006513001159579151	8.278688524590164
1.0	2.0	0.0	0.0007008205778557734	7.360655737704918
1.0	2.0	0.0	0.0006671856497662454	6.147540983606557
1.0	1.0	0.0	0.00036438539851032506	6.245901639344262
1.0	1.0	0.0	0.0003753307454138811	8.114754098360656
1.0	2.0	0.0	0.0007271145754178204	6.868852459016393
1.0	1.0	0.0	0.00037614092206496243	7.131147540983607
1.0	2.0	0.0	0.0006829225269297362	5.754098360655738
1.0	1.0	0.0	0.0004202737016835155	9.262295081967213
1.0	1.0	0.0	0.00038402772680364385	7.885245901639344
1.0	1.0	0.0	0.0004280094112095581	8.770491803278688
1.0	1.0	0.0	0.0003891448574634053	7.098360655737705
1.0	1.0	0.0	0.0003868992553802263	7.524590163934426
1.0	1.0	0.0	0.00038879425214846967	9.491803278688524
1.0	2.0	0.0	0.0006878812435115488	7.754098360655738
1.0	3.0	0.0	0.0009284895236184571	5.754098360655738
1.0	4.0	0.0	0.0012438808070320872	6.475409836065574
1.0	4.0	0.0	0.0012811834522352063	6.278688524590164
1.0	3.0	0.0	0.000942074536163313	5.426229508196721
1.0	3.0	0.0	0.0009473342544643686	7.327868852459017
1.0	4.0	0.0	0.0012845881552983923	5.262295081967213
1.0	3.0	0.0	0.0010003937143516469	7.131147540983607
1.0	2.0	0.0	0.0006588551770586871	7.852459016393443
1.0	4.0	0.0	0.0013328846127066496	5.852459016393443
1.0	2.0	0.0	0.000650181985390905	7.426229508196721
1.0	3.0	0.0	0.001003072760371278	6.147540983606557
1.0	2.0	0.0	0.0006581630679766559	5.459016393442623
1.0	3.0	0.0	0.0009759668651815043	5.655737704918033
1.0	1.0	0.0	0.0003647847244835975	7.262295081967213
1.0	3.0	0.0	0.0009948516185617137	5.983606557377049
1.0	3.0	0.0	0.000980710662750871	5.426229508196721
1.0	3.0	0.0	0.0010001462950796508	5.852459016393443
1.0	1.0	0.0	0.00037631622056801765	6.836065573770492
1.0	1.0	0.0	0.00037631622056801765	6.836065573770492
1.0	1.0	0.0	0.00037641801454786465	6.836065573770492
1.0	3.0	0.0	0.0011455135812258048	8.278688524590164
1.0	3.0	0.0	0.0010258231683488719	6.901639344262295
1.0	3.0	0.0	0.001017750838937729	7.721311475409836
1.0	1.0	0.0	0.0004202737016835155	9.262295081967213
1.0	3.0	0.0	0.001171229447916115	7.786885245901639
1.0	2.0	0.0	0.0007033866630346945	8.639344262295081
1.0	2.0	0.0	0.0007033866630346945	8.639344262295081
1.0	3.0	0.0	0.0010449960858864057	6.114754098360656
1.0	2.0	0.0	0.0007174892063981347	9.557377049180328
1.0	2.0	0.0	0.0007174892063981347	9.557377049180328
1.0	3.0	0.0	0.001036309946694188	6.540983606557377
1.0	2.0	0.0	0.0007209641708114733	10.475409836065573
1.0	1.0	0.0	0.0004280094112095581	8.770491803278688
1.0	3.0	0.0	0.0009971333382042718	7.032786885245901
1.0	3.0	0.0	0.001002182060199959	7.852459016393443
1.0	2.0	0.0	0.0006969718457808139	8.770491803278688
1.0	2.0	0.0	0.0006969718457808139	8.770491803278688
1.0	2.0	0.0	0.0007119759124964188	9.688524590163935
1.0	2.0	0.0	0.0007119759124964188	9.688524590163935
1.0	2.0	0.0	0.0007166953393042272	10.60655737704918
1.0	3.0	0.0	0.0010429088399896654	8.508196721311476
1.0	3.0	0.0	0.0010257048950096169	9.327868852459016
1.0	2.0	0.0	0.0007074561721731839	10.245901639344263
1.0	2.0	0.0	0.0007074561721731839	10.245901639344263
1.0	2.0	0.0	0.0007201431942159432	11.163934426229508
1.0	2.0	0.0	0.0007201431942159432	11.163934426229508
1.0	2.0	0.0	0.0007237867262913235	12.081967213114755
1.0	2.0	0.0	0.0006513001159579151	8.278688524590164
1.0	2.0	0.0	0.0007008205778557734	7.360655737704918
1.0	2.0	0.0	0.0006671856497662454	6.147540983606557
1.0	1.0	0.0	0.00036438539851032506	6.245901639344262
1.0	1.0	0.0	0.0003753307454138811	8.114754098360656
1.0	2.0	0.0	0.0007271145754178204	6.868852459016393
1.0	1.0	0.0	0.00037614092206496243	7.131147540983607
1.0	2.0	0.0	0.0006829225269297362	5.754098360655738
1.0	1.0	0.0	0.0004202737016835155	9.262295081967213
1.0	1.0	0.0	0.00038402772680364385	7.885245901639344
1.0	1.0	0.0	0.0004280094112095581	8.770491803278688
1.0	1.0	0.0	0.0003891448574634053	7.098360655737705
1.0	1.0	0.0	0.0003868992553802263	7.524590163934426
1.0	1.0	0.0	0.00038879425214846967	9.491803278688524
1.0	2.0	0.0	0.0006878812435115488	7.754098360655738
1.0	3.0	0.0	0.0009284895236184571	5.754098360655738
1.0	4.0	0.0	0.0012438808070320872	6.475409836065574
1.0	4.0	0.0	0.0012811834522352063	6.278688524590164
1.0	3.0	0.0	0.0009473342544643686	7.327868852459017
1.0	3.0	0.0	0.000942074536163313	5.426229508196721
1.0	4.0	0.0	0.0012845881552983923	5.262295081967213
1.0	3.0	0.0	0.0010003937143516469	7.131147540983607
1.0	2.0	0.0	0.0006588551770586871	7.852459016393443
1.0	4.0	0.0	0.0013328846127066496	5.852459016393443
1.0	2.0	0.0	0.000650181985390905	7.426229508196721
1.0	3.0	0.0	0.001003072760371278	6.147540983606557
1.0	2.0	0.0	0.0006581630679766559	5.459016393442623
1.0	3.0	0.0	0.0009759668651815043	5.655737704918033
1.0	1.0	0.0	0.0003647847244835975	7.262295081967213
1.0	3.0	0.0	0.0009948516185617137	5.983606557377049
1.0	3.0	0.0	0.000980710662750871	5.426229508196721
1.0	3.0	0.0	0.0010001462950796508	5.852459016393443
1.0	1.0	0.0	0.00037631622056801765	6.836065573770492
1.0	1.0	0.0	0.00037631622056801765	6.836065573770492
1.0	1.0	0.0	0.00037641801454786465	6.836065573770492
1.0	3.0	0.0	0.0011455135812258048	8.278688524590164
1.0	3.0	0.0	0.0010258231683488719	6.901639344262295
1.0	1.0	0.0	0.0004202737016835155	9.262295081967213
1.0	3.0	0.0	0.001171229447916115	7.786885245901639
1.0	3.0	0.0	0.0010449960858864057	6.114754098360656
1.0	3.0	0.0	0.001017750838937729	7.721311475409836
1.0	3.0	0.0	0.001036309946694188	6.540983606557377
1.0	1.0	0.0	0.0004280094112095581	8.770491803278688
1.0	3.0	0.0	0.0009971333382042718	7.032786885245901
1.0	2.0	0.0	0.0007033866630346945	8.639344262295081
1.0	2.0	0.0	0.0007033866630346945	8.639344262295081
1.0	3.0	0.0	0.001002182060199959	7.852459016393443
1.0	2.0	0.0	0.0006969718457808139	8.770491803278688
1.0	2.0	0.0	0.0006969718457808139	8.770491803278688
1.0	2.0	0.0	0.0007174892063981347	9.557377049180328
1.0	2.0	0.0	0.0007174892063981347	9.557377049180328
1.0	2.0	0.0	0.0007119759124964188	9.688524590163935
1.0	2.0	0.0	0.0007119759124964188	9.688524590163935
1.0	2.0	0.0	0.0007166953393042272	10.60655737704918
1.0	2.0	0.0	0.0007209641708114733	10.475409836065573
1.0	3.0	0.0	0.0010429088399896654	8.508196721311476
1.0	3.0	0.0	0.0010257048950096169	9.327868852459016
1.0	2.0	0.0	0.0007074561721731839	10.245901639344263
1.0	2.0	0.0	0.0007074561721731839	10.245901639344263
1.0	2.0	0.0	0.0007201431942159432	11.163934426229508
1.0	2.0	0.0	0.0007201431942159432	11.163934426229508
1.0	2.0	0.0	0.0007237867262913235	12.081967213114755
1.0	2.0	0.0	0.0006513173558740197	8.15
1.0	2.0	0.0	0.0007008206083408416	7.233333333333333
1.0	2.0	0.0	0.000667200971010623	6.033333333333333
1.0	1.0	0.0	0.00036450233783340356	6.15
1.0	1.0	0.0	0.0003753432098447658	7.983333333333333
1.0	2.0	0.0	0.0007271293120373154	6.766666666666667
1.0	1.0	0.0	0.00037617424247248974	7.016666666666667
1.0	2.0	0.0	0.0006849831480482112	5.716666666666667
1.0	1.0	0.0	0.0004202732938993185	9.133333333333333
1.0	1.0	0.0	0.0003840293778105303	7.766666666666667
1.0	1.0	0.0	0.0004280106579089409	8.666666666666666
1.0	1.0	0.0	0.0003907677342495919	7.083333333333333
1.0	1.0	0.0	0.00038917797310718965	7.533333333333333
1.0	2.0	0.0	0.0007697617906457745	9.45
1.0	1.0	0.0	0.0004097465281119834	9.583333333333334
1.0	2.0	0.0	0.0007141686050341437	7.816666666666666
1.0	3.0	0.0	0.0009285051298813334	5.633333333333334
1.0	4.0	0.0	0.0012439313394008358	6.35
1.0	4.0	0.0	0.001281274104394521	6.15
1.0	3.0	0.0	0.0009422501060811867	5.316666666666666
1.0	3.0	0.0	0.0009473338195544233	7.2
1.0	4.0	0.0	0.0012847815000890102	5.166666666666667
1.0	3.0	0.0	0.0010003943665233734	7.0
1.0	2.0	0.0	0.0006588762404869612	7.716666666666667
1.0	4.0	0.0	0.0013332929808780225	5.75
1.0	2.0	0.0	0.0006501819946043725	7.3
1.0	3.0	0.0	0.001003090956700869	6.033333333333333
1.0	2.0	0.0	0.0006587177516320229	5.383333333333334
1.0	3.0	0.0	0.0009761112211435694	5.566666666666666
1.0	1.0	0.0	0.0003647862222397178	7.133333333333334
1.0	3.0	0.0	0.0009950425653140796	5.883333333333334
1.0	3.0	0.0	0.0009815491301998543	5.366666666666666
1.0	3.0	0.0	0.0010009209805474082	5.783333333333333
1.0	1.0	0.0	0.0003763404654836826	6.733333333333333
1.0	1.0	0.0	0.0003763404654836826	6.733333333333333
1.0	1.0	0.0	0.0003765246356741527	6.766666666666667
1.0	3.0	0.0	0.0011455288047155664	8.15
1.0	3.0	0.0	0.0010258803226328495	6.783333333333333
1.0	3.0	0.0	0.0010177518850223157	7.6
1.0	1.0	0.0	0.0004202732938993185	9.133333333333333
1.0	3.0	0.0	0.0011713149903072886	7.683333333333334
1.0	2.0	0.0	0.0007033998635073899	8.516666666666667
1.0	2.0	0.0	0.0007033998635073899	8.516666666666667
1.0	3.0	0.0	0.0010488945915083027	6.1
1.0	2.0	0.0	0.0007174884257813718	9.433333333333334
1.0	2.0	0.0	0.0007174884257813718	9.433333333333334
1.0	2.0	0.0	0.0007209729403849413	10.35
1.0	3.0	0.0	0.0010459198392008223	6.55
1.0	1.0	0.0	0.0004280106579089409	8.666666666666666
1.0	3.0	0.0	0.001012372039215107	7.066666666666666
1.0	3.0	0.0	0.0010115782393390128	7.883333333333334
1.0	2.0	0.0	0.0007000930877250511	8.8
1.0	2.0	0.0	0.0007000930877250511	8.8
1.0	3.0	0.0	0.0011085234392706992	8.6
1.0	2.0	0.0	0.000715470926302645	9.716666666666667
1.0	2.0	0.0	0.000715470926302645	9.716666666666667
1.0	2.0	0.0	0.0007186359755959175	10.633333333333333
1.0	4.0	0.0	0.0015923676888050962	10.333333333333334
1.0	1.0	0.0	0.00043588779667643146	11.316666666666666
1.0	1.0	0.0	0.00043588779667643146	11.316666666666666
1.0	1.0	0.0	0.00043588779667643146	11.316666666666666
1.0	2.0	0.0	0.0006512999415790225	8.625
1.0	2.0	0.0	0.0007008163516995542	7.703125
1.0	2.0	0.0	0.0006671680778101558	6.453125
1.0	1.0	0.0	0.0003643815275833276	6.5
1.0	1.0	0.0	0.00037533067178576796	8.46875
1.0	2.0	0.0	0.0007270934348945215	7.140625
1.0	1.0	0.0	0.00037614063100915504	7.4375
1.0	2.0	0.0	0.000682719475401178	5.84375
1.0	1.0	0.0	0.0004202724746859651	9.609375
1.0	1.0	0.0	0.00038402324576162063	8.203125
1.0	1.0	0.0	0.00042800262131214575	9.046875
1.0	1.0	0.0	0.00038897326757631563	7.125
1.0	1.0	0.0	0.0003863307830114125	7.484375
1.0	1.0	0.0	0.0003886045897730822	9.40625
1.0	2.0	0.0	0.0006869382317424217	7.65625
1.0	3.0	0.0	0.0011447831311120426	10.234375
1.0	3.0	0.0	0.000928468071877914	6.078125
1.0	4.0	0.0	0.0012438802327643821	6.8125
1.0	4.0	0.0	0.001281182703457053	6.625
1.0	3.0	0.0	0.0009473266168705859	7.671875
1.0	3.0	0.0	0.0009420699397205434	5.71875
1.0	4.0	0.0	0.0012844698132401155	5.515625
1.0	3.0	0.0	0.0010003827814850904	7.484375
1.0	2.0	0.0	0.0006588550180646382	8.21875
1.0	4.0	0.0	0.0013328747615669258	6.125
1.0	2.0	0.0	0.0006501768998061915	7.765625
1.0	3.0	0.0	0.0010030452207704993	6.453125
1.0	2.0	0.0	0.00065812773540819	5.65625
1.0	3.0	0.0	0.0009758761293716504	5.890625
1.0	1.0	0.0	0.00036477936281578975	7.609375
1.0	3.0	0.0	0.000994847153975288	6.25
1.0	3.0	0.0	0.0009804052761971706	5.578125
1.0	3.0	0.0	0.0010001015831318512	6.03125
1.0	1.0	0.0	0.00037629335566849236	7.109375
1.0	1.0	0.0	0.00037629335566849236	7.109375
1.0	1.0	0.0	0.00037636449426342274	7.015625
1.0	3.0	0.0	0.0011455133198848728	8.625
1.0	3.0	0.0	0.001025822624770709	7.21875
1.0	1.0	0.0	0.0004202724746859651	9.609375
1.0	3.0	0.0	0.0011712288722463416	8.0625
1.0	3.0	0.0	0.0010439300752309868	6.140625
1.0	3.0	0.0	0.0010177431660054958	8.046875
1.0	3.0	0.0	0.001035069150509032	6.5
1.0	1.0	0.0	0.00042800262131214575	9.046875
1.0	2.0	0.0	0.0007033865276641028	8.96875
1.0	2.0	0.0	0.0007033865276641028	8.96875
1.0	3.0	0.0	0.0009938086232807383	6.921875
1.0	2.0	0.0	0.0007174865425823862	9.890625
1.0	2.0	0.0	0.0007174865425823862	9.890625
1.0	2.0	0.0	0.0007209640284885264	10.8125
1.0	3.0	0.0	0.0009961875856386226	7.65625
1.0	2.0	0.0	0.0006886809601778977	8.484375
1.0	2.0	0.0	0.0006919475043592005	8.578125
1.0	3.0	0.0	0.0010417565535190726	8.421875
1.0	3.0	0.0	0.00104883569443786	9.3125
1.0	2.0	0.0	0.0007064237838479142	9.40625
1.0	3.0	0.0	0.0010254297837445545	9.25
1.0	2.0	0.0	0.0007076440787865459	10.234375
1.0	2.0	0.0	0.0007071298275738379	10.171875
1.0	2.0	0.0	0.0007071298275738379	10.171875
1.0	1.0	0.0	0.000419740723192117	11.21875
1.0	1.0	0.0	0.000419740723192117	11.21875
1.0	2.0	0.0	0.0007200807136299885	11.09375
1.0	2.0	0.0	0.0007200807136299885	11.09375
1.0	2.0	0.0	0.0007235386596428995	12.015625
1.0	2.0	0.0	0.0006513077898011891	8.873015873015873
1.0	2.0	0.0	0.0007008221346898986	7.9523809523809526
1.0	2.0	0.0	0.0006671996977063904	6.714285714285714
1.0	1.0	0.0	0.0003644370601964391	6.777777777777778
1.0	1.0	0.0	0.00037533625184002137	8.714285714285714
1.0	2.0	0.0	0.0007271296306440155	7.412698412698413
1.0	1.0	0.0	0.0003761554667432408	7.698412698412699
1.0	2.0	0.0	0.0006838938141370938	6.174603174603175
1.0	1.0	0.0	0.00042027394565849507	9.857142857142858
1.0	1.0	0.0	0.00038403018826220514	8.46031746031746
1.0	1.0	0.0	0.0004280125070554782	9.317460317460318
1.0	1.0	0.0	0.0003899157521615375	7.476190476190476
1.0	1.0	0.0	0.0003881940074265956	7.857142857142857
1.0	2.0	0.0	0.0006942794991139768	9.11111111111111
1.0	1.0	0.0	0.000402312781161626	9.603174603174603
1.0	2.0	0.0	0.0007040479169233378	7.9523809523809526
1.0	3.0	0.0	0.0009285051272003954	6.333333333333333
1.0	4.0	0.0	0.001243903109602052	7.063492063492063
1.0	4.0	0.0	0.001281223145027975	6.873015873015873
1.0	3.0	0.0	0.0009473368176741743	7.920634920634921
1.0	3.0	0.0	0.0009421518228315681	5.984126984126984
1.0	4.0	0.0	0.0012847268609081396	5.7936507936507935
1.0	3.0	0.0	0.0010003980206764824	7.73015873015873
1.0	2.0	0.0	0.0006588645134956257	8.46031746031746
1.0	4.0	0.0	0.0013330637360385632	6.396825396825397
1.0	2.0	0.0	0.0006501838429703907	8.015873015873016
1.0	3.0	0.0	0.001003091885963071	6.714285714285714
1.0	2.0	0.0	0.0006584151221719953	5.9523809523809526
1.0	3.0	0.0	0.0009760713528759461	6.174603174603175
1.0	1.0	0.0	0.0003647874287248066	7.857142857142857
1.0	3.0	0.0	0.0009949355556231043	6.523809523809524
1.0	3.0	0.0	0.0009812302868460483	5.888888888888889
1.0	3.0	0.0	0.0010004961766551653	6.333333333333333
1.0	1.0	0.0	0.00037633666114627814	7.380952380952381
1.0	1.0	0.0	0.00037633666114627814	7.380952380952381
1.0	1.0	0.0	0.000376490102283771	7.317460317460317
1.0	3.0	0.0	0.001145520443131892	8.873015873015873
1.0	3.0	0.0	0.001025848171916123	7.476190476190476
1.0	1.0	0.0	0.00042027394565849507	9.857142857142858
1.0	3.0	0.0	0.0011712669321591452	8.333333333333334
1.0	3.0	0.0	0.0010472564046191636	6.492063492063492
1.0	3.0	0.0	0.001017754160214908	8.301587301587302
1.0	3.0	0.0	0.0010410086529460778	6.873015873015873
1.0	1.0	0.0	0.0004280125070554782	9.317460317460318
1.0	2.0	0.0	0.0007033925366949951	9.222222222222221
1.0	2.0	0.0	0.0007033925366949951	9.222222222222221
1.0	3.0	0.0	0.001005532493670884	7.317460317460317
1.0	2.0	0.0	0.000717489785739037	10.142857142857142
1.0	2.0	0.0	0.000717489785739037	10.142857142857142
1.0	2.0	0.0	0.0007209681335947251	11.063492063492063
1.0	3.0	0.0	0.001002519233593985	8.174603174603174
1.0	2.0	0.0	0.0006942794991139768	9.11111111111111
1.0	3.0	0.0	0.0010871655086634319	8.619047619047619
1.0	2.0	0.0	0.0007060294519539186	10.047619047619047
1.0	2.0	0.0	0.0007405440085537977	9.34920634920635
1.0	2.0	0.0	0.0007060294519539187	10.047619047619047
1.0	2.0	0.0	0.0007506483994568791	10.11111111111111
1.0	2.0	0.0	0.0007608753993489671	10.904761904761905
1.0	2.0	0.0	0.0007693954591275047	11.73015873015873
1.0	2.0	0.0	0.0007826594746427003	12.587301587301587
1.0	2.0	0.0	0.0007986827680841631	13.476190476190476
1.0	2.0	0.0	0.0008262387515839758	14.396825396825397
1.0	2.0	0.0	0.0008660278330962023	15.34920634920635
1.0	1.0	0.0	0.00046622344889807104	16.333333333333332
