Constant_feature	Degree	Clustering_coefficient	Pagerank	Aver_path_len
1.0	2.0	0.0	0.0012555197555277594	3.2222222222222223
1.0	2.0	0.0	0.0012555197555277594	3.2222222222222223
1.0	2.0	0.0	0.001133823374207865	3.4444444444444446
1.0	2.0	0.0	0.0011493319566360065	3.0555555555555554
1.0	1.0	0.0	0.0006572448049078247	4.611111111111111
1.0	1.0	0.0	0.0006307370405842926	3.888888888888889
1.0	4.0	0.0	0.002238251911407882	2.388888888888889
1.0	3.0	0.0	0.0016315416248176913	2.6666666666666665
1.0	3.0	0.0	0.0016418522083201468	2.4444444444444446
1.0	3.0	0.0	0.0016300532872002798	2.888888888888889
1.0	3.0	0.0	0.001639291929019996	2.6666666666666665
1.0	3.0	0.0	0.0016774487315019157	2.9444444444444446
1.0	2.0	0.0	0.0011339219103704867	3.6666666666666665
1.0	2.0	0.0	0.0011488245967706877	3.2777777777777777
1.0	2.0	0.0	0.0011483749644050167	3.9444444444444446
1.0	2.0	0.0	0.0011737125416153465	3.888888888888889
1.0	3.0	0.0	0.001766366680048057	3.6666666666666665
1.0	1.0	0.0	0.0006924290594734202	4.166666666666667
1.0	1.0	0.0	0.0006924290594734202	4.166666666666667
1.0	2.0	0.0	0.0011384317046394653	3.111111111111111
1.0	1.0	0.0	0.0006455841717751659	3.9444444444444446
1.0	1.0	0.0	0.0006536898630970995	4.055555555555555
1.0	1.0	0.0	0.0006513101207139425	4.444444444444445
1.0	3.0	0.0	0.0016281649553669863	2.4444444444444446
1.0	3.0	0.0	0.0016515485651889955	2.7222222222222223
1.0	4.0	0.0	0.002300998329597716	3.0
1.0	3.0	0.0	0.0016237635788845725	2.5
1.0	2.0	0.0	0.0011459055822534967	3.388888888888889
1.0	2.0	0.0	0.001161237769686507	3.5555555555555554
1.0	3.0	0.0	0.0016504084736509404	2.6666666666666665
1.0	3.0	0.0	0.0017318318410602493	3.0555555555555554
1.0	2.0	0.0	0.0011488107649042197	3.0555555555555554
1.0	1.0	0.0	0.0006455841717751659	3.9444444444444446
1.0	3.0	0.0	0.0017281082980535405	3.2222222222222223
1.0	3.0	0.0	0.001752731986541921	3.111111111111111
1.0	3.0	0.0	0.0017448134396974436	3.5
1.0	1.0	0.0	0.0006474341312175466	4.0
1.0	1.0	0.0	0.0006463174437108775	4.166666666666667
1.0	2.0	0.0	0.0011384317046394653	3.111111111111111
1.0	1.0	0.0	0.0006455841717751659	3.9444444444444446
1.0	1.0	0.0	0.0006536898630970995	4.055555555555555
1.0	1.0	0.0	0.0006513101207139425	4.444444444444445
1.0	3.0	0.0	0.0016281649553669863	2.4444444444444446
1.0	3.0	0.0	0.0016515485651889955	2.7222222222222223
1.0	4.0	0.0	0.002300998329597716	3.0
1.0	3.0	0.0	0.0016237635788845725	2.5
1.0	2.0	0.0	0.0011459055822534967	3.388888888888889
1.0	2.0	0.0	0.001161237769686507	3.5555555555555554
1.0	3.0	0.0	0.0016504084736509404	2.6666666666666665
1.0	3.0	0.0	0.0017318318410602493	3.0555555555555554
1.0	2.0	0.0	0.0011488107649042197	3.0555555555555554
1.0	3.0	0.0	0.001752731986541921	3.111111111111111
1.0	1.0	0.0	0.0006455841717751659	3.9444444444444446
1.0	3.0	0.0	0.0017281082980535405	3.2222222222222223
1.0	3.0	0.0	0.0017448134396974436	3.5
1.0	1.0	0.0	0.0006474341312175466	4.0
1.0	1.0	0.0	0.0006463174437108775	4.166666666666667
1.0	1.0	0.0	0.0006122996241928662	5.0
1.0	1.0	0.0	0.0006111339809587902	5.0
1.0	2.0	0.0	0.0013025727662486115	7.65625
1.0	3.0	0.0	0.0015868124551461499	4.0625
1.0	2.0	0.0	0.001048767698951994	4.71875
1.0	3.0	0.0	0.001543313799269678	3.875
1.0	3.0	0.0	0.0015364843529983357	4.15625
1.0	3.0	0.0	0.0015325077531204187	3.75
1.0	2.0	0.0	0.001100507186910544	4.53125
1.0	3.0	0.0	0.0016972749244446115	5.1875
1.0	3.0	0.0	0.0015231877605792162	3.75
1.0	2.0	0.0	0.0010975525884026746	4.8125
1.0	3.0	0.0	0.0015040777603292535	4.15625
1.0	2.0	0.0	0.0011314650409508346	5.46875
1.0	3.0	0.0	0.0015082266317675474	4.03125
1.0	3.0	0.0	0.001886124837237085	6.03125
1.0	3.0	0.0	0.0016147589281698526	4.03125
1.0	3.0	0.0	0.0016111878334832278	4.03125
1.0	3.0	0.0	0.00154364219652597	4.78125
1.0	3.0	0.0	0.001561632500577532	5.0625
1.0	1.0	0.0	0.0006933802774812603	7.0
1.0	1.0	0.0	0.0006933802774812603	7.0
1.0	2.0	0.0	0.0011019843006180082	5.625
1.0	3.0	0.0	0.0016381308573145455	4.59375
1.0	2.0	0.0	0.0011083663385441588	5.90625
1.0	2.0	0.0	0.0011358023454389053	6.46875
1.0	2.0	0.0	0.001137690839606646	6.75
1.0	2.0	0.0	0.0011485169840761331	5.3125
1.0	2.0	0.0	0.0011485169840761331	5.3125
1.0	2.0	0.0	0.0011769577325601444	6.03125
1.0	2.0	0.0	0.0011769577325601444	6.03125
1.0	3.0	0.0	0.001772520258891343	6.75
1.0	1.0	0.0	0.0007137529421347131	8.625
1.0	1.0	0.0	0.0006100937259641946	5.361111111111111
1.0	1.0	0.0	0.0006098265805422844	5.416666666666667
1.0	2.0	0.0	0.0013022328349494522	8.25
1.0	3.0	0.0	0.001582685936484233	4.5
1.0	2.0	0.0	0.0010497599606712777	5.055555555555555
1.0	3.0	0.0	0.001512294751121731	4.055555555555555
1.0	3.0	0.0	0.0015113913352623027	4.361111111111111
1.0	3.0	0.0	0.0015188271598736173	4.027777777777778
1.0	3.0	0.0	0.0015166727620348104	4.083333333333333
1.0	2.0	0.0	0.0010564616808354018	4.583333333333333
1.0	2.0	0.0	0.0010689408216397367	4.888888888888889
1.0	3.0	0.0	0.0014957159206200545	4.416666666666667
1.0	3.0	0.0	0.0015827998129314504	5.111111111111111
1.0	3.0	0.0	0.0015040186654602722	4.388888888888889
1.0	2.0	0.0	0.0010838133553418608	5.416666666666667
1.0	3.0	0.0	0.0016075978980630192	4.388888888888889
1.0	3.0	0.0	0.0016067415617943858	4.444444444444445
1.0	3.0	0.0	0.0015444203992319824	5.027777777777778
1.0	3.0	0.0	0.001568759495086884	5.333333333333333
1.0	3.0	0.0	0.0016397134417639387	5.805555555555555
1.0	2.0	0.0	0.001104489058149462	5.888888888888889
1.0	3.0	0.0	0.0016361316056450876	5.083333333333333
1.0	3.0	0.0	0.0016844968407020385	6.138888888888889
1.0	2.0	0.0	0.0011520584355352043	6.666666666666667
1.0	2.0	0.0	0.0011520584355352043	6.666666666666667
1.0	2.0	0.0	0.0011409942337891861	6.694444444444445
1.0	2.0	0.0	0.0011464871030721889	7.0
1.0	1.0	0.0	0.0006331357810970739	7.111111111111111
1.0	2.0	0.0	0.001147625491166411	5.833333333333333
1.0	2.0	0.0	0.001147625491166411	5.833333333333333
1.0	2.0	0.0	0.0011830399368546094	7.527777777777778
1.0	2.0	0.0	0.0011830399368546094	7.527777777777778
1.0	2.0	0.0	0.0011925069617065237	8.38888888888889
1.0	2.0	0.0	0.0011763656222528536	6.583333333333333
1.0	2.0	0.0	0.0011763656222528536	6.583333333333333
1.0	3.0	0.0	0.001771800060316571	7.333333333333333
1.0	1.0	0.0	0.0007135892893459065	9.222222222222221
1.0	2.0	0.0	0.001262679229710597	6.0
1.0	2.0	0.0	0.001271346299272095	6.25
1.0	3.0	0.0	0.001548425779777814	3.5
1.0	3.0	0.0	0.001699964959674396	5.107142857142857
1.0	3.0	0.0	0.0015237965435071098	3.5
1.0	3.0	0.0	0.0015383249552684535	3.857142857142857
1.0	2.0	0.0	0.0011028668118603358	3.9642857142857144
1.0	2.0	0.0	0.0011338393843160423	4.5
1.0	2.0	0.0	0.0011791826634731059	5.928571428571429
1.0	2.0	0.0	0.0011791826634731059	5.928571428571429
1.0	3.0	0.0	0.0015577761302442827	3.857142857142857
1.0	2.0	0.0	0.0010817907770273598	4.392857142857143
1.0	3.0	0.0	0.001555231242881035	4.0
1.0	2.0	0.0	0.0012038637921650346	6.75
1.0	2.0	0.0	0.0012038637921650346	6.75
1.0	2.0	0.0	0.0012109076028708782	7.571428571428571
1.0	3.0	0.0	0.0015658257290754166	3.892857142857143
1.0	2.0	0.0	0.001094115995478523	4.785714285714286
1.0	3.0	0.0	0.0015983936052328801	4.428571428571429
1.0	2.0	0.0	0.0011079436412302082	4.678571428571429
1.0	2.0	0.0	0.0011081560387567922	4.535714285714286
1.0	2.0	0.0	0.0011143340460534278	4.714285714285714
1.0	3.0	0.0	0.0016942148511461847	5.107142857142857
1.0	3.0	0.0	0.0017114827223924465	5.357142857142857
1.0	2.0	0.0	0.0011400708953911785	5.214285714285714
1.0	2.0	0.0	0.0011479966363191025	5.392857142857143
1.0	2.0	0.0	0.0011528547890108517	5.928571428571429
1.0	1.0	0.0	0.0006960230025767361	6.964285714285714
1.0	1.0	0.0	0.0006999443966316675	7.214285714285714
1.0	2.0	0.0	0.001255879469193805	3.1538461538461537
1.0	1.0	0.0	0.000734288327035526	5.0
1.0	1.0	0.0	0.0007704114554252382	5.769230769230769
1.0	2.0	0.0	0.0013117782988258818	3.6153846153846154
1.0	2.0	0.0	0.0012834417978306552	3.3076923076923075
1.0	2.0	0.0	0.0012232841644594528	3.1538461538461537
1.0	3.0	0.0	0.00202182360970285	4.076923076923077
1.0	3.0	0.0	0.0017677682574784917	3.3076923076923075
1.0	2.0	0.0	0.0012102046903493795	3.923076923076923
1.0	2.0	0.0	0.0012102046903493795	3.923076923076923
1.0	2.0	0.0	0.001227095569959565	4.538461538461538
1.0	2.0	0.0	0.001227095569959565	4.538461538461538
1.0	2.0	0.0	0.0012320362414994148	5.153846153846154
1.0	2.0	0.0	0.0014275011571635338	4.846153846153846
1.0	1.0	0.0	0.0006964486547209838	7.357142857142857
1.0	1.0	0.0	0.0006964486547209838	7.357142857142857
1.0	1.0	0.0	0.0006964486547209838	7.357142857142857
1.0	2.0	0.0	0.001305726896705921	6.785714285714286
1.0	2.0	0.0	0.001310319498338468	7.464285714285714
1.0	1.0	0.0	0.0006934730806439041	6.321428571428571
1.0	1.0	0.0	0.0006934730806439041	6.321428571428571
1.0	2.0	0.0	0.001142553598911635	4.25
1.0	2.0	0.0	0.001113398486407308	4.321428571428571
1.0	2.0	0.0	0.001128517580485916	4.785714285714286
1.0	2.0	0.0	0.0011530004755767593	4.5
1.0	3.0	0.0	0.0017042055896951073	4.821428571428571
1.0	3.0	0.0	0.0016515742076000034	4.071428571428571
1.0	3.0	0.0	0.0016316114711458483	4.571428571428571
1.0	3.0	0.0	0.0016400301749319739	5.035714285714286
1.0	3.0	0.0	0.0016972602176624641	4.535714285714286
1.0	2.0	0.0	0.00117297285847755	5.357142857142857
1.0	3.0	0.0	0.0017300314108154354	5.642857142857143
1.0	2.0	0.0	0.001137226426028958	5.107142857142857
1.0	2.0	0.0	0.0011761935557271929	5.5
1.0	2.0	0.0	0.0011418086265746643	5.571428571428571
1.0	3.0	0.0	0.0017801596559692508	5.892857142857143
1.0	2.0	0.0	0.0011616078415255153	6.107142857142857
1.0	3.0	0.0	0.0017885416781797774	6.571428571428571
1.0	2.0	0.0	0.0011939334043647115	6.035714285714286
1.0	4.0	0.0	0.0025296355648979606	6.392857142857143
1.0	3.0	0.0	0.001884820464213876	5.357142857142857
1.0	1.0	0.0	0.0007155532934538259	7.75
1.0	1.0	0.0	0.0007174238738412116	8.428571428571429
1.0	1.0	0.0	0.000696385705275209	9.694444444444445
1.0	1.0	0.0	0.000696385705275209	9.694444444444445
1.0	1.0	0.0	0.000696385705275209	9.694444444444445
1.0	1.0	0.0	0.0007217575172602195	9.5
1.0	1.0	0.0	0.000663305202133146	7.638888888888889
1.0	1.0	0.0	0.0007217575172602195	9.5
1.0	1.0	0.0	0.0007496725147241915	11.055555555555555
1.0	1.0	0.0	0.0007496725147241915	11.055555555555555
1.0	1.0	0.0	0.000693111680850931	8.222222222222221
1.0	1.0	0.0	0.000693111680850931	8.222222222222221
1.0	2.0	0.0	0.001217217363323145	7.138888888888889
1.0	2.0	0.0	0.0011370988043707645	5.722222222222222
1.0	2.0	0.0	0.0011119577279790635	6.222222222222222
1.0	2.0	0.0	0.0011277763098702254	6.805555555555555
1.0	3.0	0.0	0.0018430374185518749	7.666666666666667
1.0	2.0	0.0	0.0012788260919577743	8.416666666666666
1.0	2.0	0.0	0.0013240276910493794	9.222222222222221
1.0	3.0	0.0	0.0016803307560248819	5.722222222222222
1.0	2.0	0.0	0.0011438966146547643	5.694444444444445
1.0	3.0	0.0	0.0017065060233491303	6.305555555555555
1.0	3.0	0.0	0.0017826187549805884	6.666666666666667
1.0	3.0	0.0	0.0019830388729504926	8.527777777777779
1.0	2.0	0.0	0.0011538119537467194	5.916666666666667
1.0	2.0	0.0	0.0011538119537467194	5.916666666666667
1.0	2.0	0.0	0.0011582696847112922	6.111111111111111
1.0	2.0	0.0	0.0011582696847112922	6.111111111111111
1.0	3.0	0.0	0.0016481898102056556	5.805555555555555
1.0	3.0	0.0	0.0016305909684733338	6.638888888888889
1.0	3.0	0.0	0.0016391414999541649	7.222222222222222
1.0	3.0	0.0	0.0016954272588362842	6.388888888888889
1.0	3.0	0.0	0.0020769560877334694	10.083333333333334
1.0	2.0	0.0	0.001136764644131073	7.277777777777778
1.0	3.0	0.0	0.0017296569375334359	7.916666666666667
1.0	2.0	0.0	0.001141444330094062	7.861111111111111
1.0	2.0	0.0	0.0011613024395255972	8.5
1.0	4.0	0.0	0.0025293287870766647	8.722222222222221
1.0	3.0	0.0	0.0018837337919437815	7.25
1.0	2.0	0.0	0.00126825786559422	5.2105263157894735
1.0	3.0	0.0	0.0016038018220343258	3.1052631578947367
1.0	2.0	0.0	0.0011120528053583081	3.736842105263158
1.0	2.0	0.0	0.0011384250598691138	3.8947368421052633
1.0	2.0	0.0	0.0011182045568027036	4.052631578947368
1.0	2.0	0.0	0.0011731331788127257	4.894736842105263
1.0	1.0	0.0	0.0006458557147970142	5.2105263157894735
1.0	1.0	0.0	0.0006551547018673739	5.368421052631579
1.0	3.0	0.0	0.00164010961161035	3.210526315789474
1.0	3.0	0.0	0.001611297806590117	3.263157894736842
1.0	3.0	0.0	0.001632187262585123	3.736842105263158
1.0	2.0	0.0	0.001146040406863094	3.6315789473684212
1.0	2.0	0.0	0.001146040406863094	3.6315789473684212
1.0	3.0	0.0	0.0017508794210592854	4.473684210526316
1.0	3.0	0.0	0.0017273754232375424	4.2631578947368425
1.0	2.0	0.0	0.0011684790115577765	4.052631578947368
1.0	2.0	0.0	0.0011684790115577765	4.052631578947368
1.0	3.0	0.0	0.0017584178870919138	4.421052631578948
1.0	2.0	0.0	0.0013680405262733097	6.052631578947368
1.0	1.0	0.0	0.0007432150899073113	7.0
1.0	3.0	0.0	0.0016515274413000508	2.75
1.0	1.0	0.0	0.0006455762552487153	4.2
1.0	2.0	0.0	0.0011023438275400937	3.3
1.0	4.0	0.0	0.0023647372186135656	3.95
1.0	2.0	0.0	0.0011463658714914503	3.5
1.0	2.0	0.0	0.001175829112433049	3.8
1.0	3.0	0.0	0.00163337985088209	2.95
1.0	3.0	0.0	0.0016275056170946536	2.8
1.0	3.0	0.0	0.0017316642799449656	3.25
1.0	1.0	0.0	0.0006581300950359959	4.9
1.0	1.0	0.0	0.0006581300950359959	4.9
1.0	2.0	0.0	0.0012097272598135538	3.4
1.0	3.0	0.0	0.0016190842097791223	3.1
1.0	3.0	0.0	0.0019664847919979053	4.15
1.0	3.0	0.0	0.0016265389137914447	3.25
1.0	2.0	0.0	0.0011399969325604795	3.85
1.0	1.0	0.0	0.0007160336744230696	5.1
1.0	1.0	0.0	0.0007160336744230696	5.1
1.0	2.0	0.0	0.0011370731985575339	4.0
1.0	2.0	0.0	0.0011621249586285557	4.6
1.0	2.0	0.0	0.0011659326702537426	4.75
1.0	1.0	0.0	0.0006675054597844957	7.090909090909091
1.0	2.0	0.0	0.0011325493397057926	4.636363636363637
1.0	1.0	0.0	0.0006248992283960954	4.818181818181818
1.0	3.0	0.0	0.001599019921894213	3.6363636363636362
1.0	3.0	0.0	0.0016151986755761805	3.6818181818181817
1.0	2.0	0.0	0.0010880305239234613	3.727272727272727
1.0	2.0	0.0	0.0011079989230314228	3.772727272727273
1.0	2.0	0.0	0.0010878693002599063	3.5454545454545454
1.0	3.0	0.0	0.0015879189643002506	3.409090909090909
1.0	3.0	0.0	0.0016228906874219465	4.181818181818182
1.0	3.0	0.0	0.0017130917430799655	4.818181818181818
1.0	3.0	0.0	0.0016146385283287343	3.9545454545454546
1.0	3.0	0.0	0.0016577866168509205	3.8636363636363638
1.0	3.0	0.0	0.0017349791334741618	5.045454545454546
1.0	3.0	0.0	0.0016554922754902297	4.090909090909091
1.0	2.0	0.0	0.0011100367851936284	3.909090909090909
1.0	1.0	0.0	0.0006416920150879124	5.7727272727272725
1.0	1.0	0.0	0.0006483726579161915	6.0
1.0	2.0	0.0	0.0011610393625909837	4.7727272727272725
1.0	2.0	0.0	0.0011610393625909837	4.7727272727272725
1.0	2.0	0.0	0.0011893052495407562	5.454545454545454
1.0	2.0	0.0	0.0011893052495407562	5.454545454545454
1.0	3.0	0.0	0.00180110470190336	6.136363636363637
1.0	2.0	0.0	0.0011325895007372802	4.380952380952381
1.0	1.0	0.0	0.0006249655665721952	4.571428571428571
1.0	3.0	0.0	0.0015992335174867742	3.4285714285714284
1.0	3.0	0.0	0.001614126279474898	3.619047619047619
1.0	2.0	0.0	0.0010881466364109724	3.5238095238095237
1.0	2.0	0.0	0.0011075820074533907	3.619047619047619
1.0	3.0	0.0	0.001587400569445379	3.238095238095238
1.0	3.0	0.0	0.001623023291906673	3.9047619047619047
1.0	2.0	0.0	0.0010879602155788853	3.4285714285714284
1.0	3.0	0.0	0.0017129813614918644	4.523809523809524
1.0	3.0	0.0	0.0016144097629551823	3.7142857142857144
1.0	3.0	0.0	0.0016574542004609975	3.619047619047619
1.0	3.0	0.0	0.0017349541093430857	4.761904761904762
1.0	3.0	0.0	0.001655024103785963	4.095238095238095
1.0	2.0	0.0	0.0011101328050698667	3.8095238095238093
1.0	1.0	0.0	0.0006417132453386289	5.476190476190476
1.0	1.0	0.0	0.000648367782889769	5.714285714285714
1.0	2.0	0.0	0.0011594767038951078	4.857142857142857
1.0	2.0	0.0	0.0011594767038951078	4.857142857142857
1.0	2.0	0.0	0.0011881646529507842	5.619047619047619
1.0	2.0	0.0	0.0011881646529507842	5.619047619047619
1.0	2.0	0.0	0.001197644657272135	6.380952380952381
1.0	2.0	0.0	0.0013197958429382126	5.684210526315789
1.0	1.0	0.0	0.0007088090374043639	6.105263157894737
1.0	2.0	0.0	0.0012667420676542118	4.526315789473684
1.0	2.0	0.0	0.0012834179436568248	4.842105263157895
1.0	2.0	0.0	0.0012119386056220274	5.157894736842105
1.0	4.0	0.0	0.0027272353938987653	6.315789473684211
1.0	2.0	0.0	0.0012709671580420443	4.526315789473684
1.0	2.0	0.0	0.0012529277693518605	4.631578947368421
1.0	1.0	0.0	0.0007388640433855111	7.2631578947368425
1.0	1.0	0.0	0.0007388640433855111	7.2631578947368425
1.0	1.0	0.0	0.0007388640433855111	7.2631578947368425
1.0	2.0	0.0	0.0012812958687281684	4.631578947368421
1.0	2.0	0.0	0.001239402710201016	4.842105263157895
1.0	3.0	0.0	0.0019443452364012641	5.157894736842105
1.0	3.0	0.0	0.0017610996895321249	5.578947368421052
1.0	2.0	0.0	0.0012059036340816144	6.315789473684211
1.0	2.0	0.0	0.0012059036340816144	6.315789473684211
1.0	2.0	0.0	0.0012250622593432225	7.052631578947368
1.0	2.0	0.0	0.0012250622593432225	7.052631578947368
1.0	2.0	0.0	0.0012289463298953902	7.7894736842105265
1.0	1.0	0.0	0.0006632775567675384	5.935483870967742
1.0	1.0	0.0	0.0006510080602208054	5.741935483870968
1.0	3.0	0.0	0.0017564436152199036	4.516129032258065
1.0	3.0	0.0	0.001680708833469644	4.32258064516129
1.0	2.0	0.0	0.001184545303458392	5.548387096774194
1.0	2.0	0.0	0.0011686522091001793	5.354838709677419
1.0	1.0	0.0	0.0007628472951011494	8.0
1.0	2.0	0.0	0.001178095896448613	4.387096774193548
1.0	2.0	0.0	0.0011623276043338088	4.32258064516129
1.0	2.0	0.0	0.0012521665773931937	5.290322580645161
1.0	3.0	0.0	0.0016899001768149262	4.967741935483871
1.0	3.0	0.0	0.001785943347516184	4.967741935483871
1.0	2.0	0.0	0.0013259899996367229	6.129032258064516
1.0	3.0	0.0	0.0017448384852251848	4.774193548387097
1.0	2.0	0.0	0.0011744641051213728	5.806451612903226
1.0	2.0	0.0	0.0011744641051213728	5.806451612903226
1.0	3.0	0.0	0.0017393322442251329	6.193548387096774
1.0	2.0	0.0	0.0012004243501810962	6.645161290322581
1.0	2.0	0.0	0.0012004243501810962	6.645161290322581
1.0	3.0	0.0	0.0017271159411573304	6.0
1.0	2.0	0.0	0.0012076500363014796	7.483870967741935
1.0	2.0	0.0	0.0014119190173858525	7.032258064516129
1.0	2.0	0.0	0.0011964788384870606	7.032258064516129
1.0	2.0	0.0	0.0011964788384870606	7.032258064516129
1.0	2.0	0.0	0.001190992538651005	6.838709677419355
1.0	2.0	0.0	0.001190992538651005	6.838709677419355
1.0	2.0	0.0	0.0012175745024842729	7.870967741935484
1.0	2.0	0.0	0.0012175745024842729	7.870967741935484
1.0	2.0	0.0	0.0012133603777369816	7.67741935483871
1.0	2.0	0.0	0.0012133603777369816	7.67741935483871
1.0	2.0	0.0	0.0012225449457407512	8.709677419354838
1.0	2.0	0.0	0.0012188195416915999	8.516129032258064
1.0	1.0	0.0	0.000659070540533432	4.055555555555555
1.0	2.0	0.0	0.0011889513173847538	3.611111111111111
1.0	1.0	0.0	0.0006544658179105158	3.888888888888889
1.0	1.0	0.0	0.0006637760600590256	4.5
1.0	1.0	0.0	0.0006511067765661272	3.8333333333333335
1.0	3.0	0.0	0.0017537082647159114	3.1666666666666665
1.0	4.0	0.0	0.0023385344609121008	2.9444444444444446
1.0	3.0	0.0	0.0016831448922274425	2.6666666666666665
1.0	3.0	0.0	0.001680814372607466	2.7222222222222223
1.0	2.0	0.0	0.0012934414496349974	3.7777777777777777
1.0	2.0	0.0	0.0011679749858112334	3.3333333333333335
1.0	3.0	0.0	0.0017877292295169823	3.5555555555555554
1.0	2.0	0.0	0.0011636028792490424	2.9444444444444446
1.0	3.0	0.0	0.0017454349729090163	2.888888888888889
1.0	1.0	0.0	0.0007095039168837163	4.722222222222222
1.0	3.0	0.0	0.0017719735122098091	3.111111111111111
1.0	2.0	0.0	0.0012706555207155311	3.888888888888889
1.0	2.0	0.0	0.0013686385820124137	4.722222222222222
1.0	1.0	0.0	0.0007441476399563398	5.666666666666667
1.0	1.0	0.0	0.0006252825210442309	4.931034482758621
1.0	2.0	0.0	0.0012688714104161615	5.758620689655173
1.0	2.0	0.0	0.0012857303016925033	6.310344827586207
1.0	2.0	0.0	0.001285175224601172	6.379310344827586
1.0	1.0	0.0	0.0006996905998998596	7.482758620689655
1.0	1.0	0.0	0.0006996905998998596	7.482758620689655
1.0	3.0	0.0	0.001611678447470271	4.103448275862069
1.0	2.0	0.0	0.001097467660182741	4.275862068965517
1.0	3.0	0.0	0.0019068932297966244	6.517241379310345
1.0	2.0	0.0	0.001119271219814922	4.827586206896552
1.0	3.0	0.0	0.0016087146612394096	4.448275862068965
1.0	3.0	0.0	0.0016311130151226876	5.103448275862069
1.0	3.0	0.0	0.0016929245662309009	5.310344827586207
1.0	3.0	0.0	0.0016128939355450841	3.9655172413793105
1.0	3.0	0.0	0.0016578806027728737	3.9655172413793105
1.0	3.0	0.0	0.0016192018843794176	4.448275862068965
1.0	3.0	0.0	0.0016181093920580633	4.517241379310345
1.0	2.0	0.0	0.0010971558483131244	4.344827586206897
1.0	2.0	0.0	0.0011296536875067566	5.068965517241379
1.0	2.0	0.0	0.0011386648702883125	5.724137931034483
1.0	3.0	0.0	0.0017066445779808195	4.862068965517241
1.0	2.0	0.0	0.0011350227344079512	5.068965517241379
1.0	3.0	0.0	0.0017294368182998983	5.689655172413793
1.0	2.0	0.0	0.0011594819394937048	6.344827586206897
1.0	3.0	0.0	0.0017401905889107706	5.413793103448276
1.0	3.0	0.0	0.001738990225058807	5.482758620689655
1.0	1.0	0.0	0.000635820921484872	6.275862068965517
1.0	1.0	0.0	0.0006988535709048113	6.724137931034483
1.0	1.0	0.0	0.0007064722810073728	7.275862068965517
1.0	1.0	0.0	0.0007061940196747334	7.344827586206897
1.0	2.0	0.0	0.001256352185192264	4.260869565217392
1.0	1.0	0.0	0.0006432243184228461	4.869565217391305
1.0	2.0	0.0	0.0012835018465156764	5.130434782608695
1.0	1.0	0.0	0.0006499646677998287	5.043478260869565
1.0	3.0	0.0	0.0016899942292996554	4.0
1.0	3.0	0.0	0.0015917991353921858	3.3043478260869565
1.0	3.0	0.0	0.0015610517241217098	3.130434782608696
1.0	2.0	0.0	0.0010856651854283775	3.4782608695652173
1.0	3.0	0.0	0.0016085382529928394	3.652173913043478
1.0	2.0	0.0	0.00114058306195987	4.521739130434782
1.0	3.0	0.0	0.0015772212671316497	2.869565217391304
1.0	2.0	0.0	0.0011236041067261054	4.3478260869565215
1.0	3.0	0.0	0.0016007714371260584	3.217391304347826
1.0	3.0	0.0	0.0015882365699215108	3.0434782608695654
1.0	3.0	0.0	0.001681661852737519	3.391304347826087
1.0	2.0	0.0	0.0011257347360860328	4.173913043478261
1.0	1.0	0.0	0.0006349112301474527	4.956521739130435
1.0	3.0	0.0	0.0017180417117953256	3.9130434782608696
1.0	2.0	0.0	0.0011288439337878446	3.739130434782609
1.0	2.0	0.0	0.0011264087646460706	3.5652173913043477
1.0	3.0	0.0	0.0017353370596336138	4.260869565217392
1.0	3.0	0.0	0.001740580602201253	4.086956521739131
1.0	1.0	0.0	0.0006931694369509545	5.217391304347826
1.0	1.0	0.0	0.0007053397683823275	6.086956521739131
1.0	1.0	0.0	0.000699472832534477	5.565217391304348
1.0	1.0	0.0	0.0006532802263121366	4.695652173913044
1.0	1.0	0.0	0.000699472832534477	5.565217391304348
1.0	2.0	0.0	0.0012015547395955116	6.0
1.0	3.0	0.0	0.0016489269535719402	3.0434782608695654
1.0	4.0	0.0	0.0022354061119018065	2.9565217391304346
1.0	4.0	0.0	0.002231313902077112	3.3043478260869565
1.0	3.0	0.0	0.001741915214342726	3.652173913043478
1.0	2.0	0.0	0.0011555226888127171	4.0
1.0	2.0	0.0	0.001172309823313202	3.9130434782608696
1.0	2.0	0.0	0.0011530306025043626	3.8260869565217392
1.0	2.0	0.0	0.0011554077225494422	3.3043478260869565
1.0	3.0	0.0	0.0017292306632903625	3.8260869565217392
1.0	1.0	0.0	0.000630004734088968	3.9130434782608696
1.0	1.0	0.0	0.0006289244949637114	4.260869565217392
1.0	2.0	0.0	0.001174462773866422	4.3478260869565215
1.0	1.0	0.0	0.0006513498491131128	4.608695652173913
1.0	2.0	0.0	0.0011772210439868647	4.608695652173913
1.0	3.0	0.0	0.0017528699101223445	3.739130434782609
1.0	3.0	0.0	0.0019089224312922497	4.608695652173913
1.0	3.0	0.0	0.0017191326655085068	4.3478260869565215
1.0	2.0	0.0	0.0011846250642605063	5.173913043478261
1.0	2.0	0.0	0.0011846250642605061	5.173913043478261
1.0	2.0	0.0	0.0012015547395955116	6.0
1.0	0.0	0.0	0.0	0.0
1.0	2.0	0.0	0.001283476014199154	4.5
1.0	2.0	0.0	0.001116350523999972	3.2777777777777777
1.0	2.0	0.0	0.0012323438994855892	3.7222222222222223
1.0	2.0	0.0	0.0011299359740953128	3.1666666666666665
1.0	2.0	0.0	0.0011599769937816451	3.8333333333333335
1.0	3.0	0.0	0.0016725635513146785	3.0
1.0	3.0	0.0	0.0016219359108037884	2.8333333333333335
1.0	3.0	0.0	0.0016056864460260083	2.6666666666666665
1.0	3.0	0.0	0.0016053619835117755	2.9444444444444446
1.0	3.0	0.0	0.0016249803923614006	3.111111111111111
1.0	2.0	0.0	0.0011321056911667705	3.6666666666666665
1.0	2.0	0.0	0.0011372078216770123	3.3333333333333335
1.0	2.0	0.0	0.0011376981171908897	3.8333333333333335
1.0	2.0	0.0	0.0013411402052336606	4.555555555555555
1.0	2.0	0.0	0.0011596547813361295	4.388888888888889
1.0	2.0	0.0	0.0011624646429475246	4.555555555555555
1.0	3.0	0.0	0.0017370141568247297	3.6666666666666665
1.0	1.0	0.0	0.0007309729725197322	5.5
1.0	1.0	0.0	0.0007058051133400813	5.444444444444445
1.0	1.0	0.0	0.0006214521448029362	4.96
1.0	1.0	0.0	0.0006540452090157266	6.76
1.0	3.0	0.0	0.0016378104606848956	4.6
1.0	2.0	0.0	0.0011698626904419237	6.28
1.0	3.0	0.0	0.0015583026492878601	3.32
1.0	3.0	0.0	0.0015579277938757145	3.32
1.0	3.0	0.0	0.0015702967783786557	3.48
1.0	4.0	0.0	0.0021298753057036723	3.64
1.0	4.0	0.0	0.0021457700571794096	3.8
1.0	2.0	0.0	0.0010936185691831166	3.8
1.0	2.0	0.0	0.0010992198421053607	3.8
1.0	2.0	0.0	0.0010740975600593966	3.72
1.0	2.0	0.0	0.0010932407007171391	3.88
1.0	3.0	0.0	0.0015961402271717252	3.96
1.0	3.0	0.0	0.001645235743401862	4.0
1.0	3.0	0.0	0.0016218278167722444	4.36
1.0	2.0	0.0	0.0011063759101357764	4.2
1.0	2.0	0.0	0.0011348063847261701	4.52
1.0	1.0	0.0	0.0006070941162753894	4.6
1.0	1.0	0.0	0.0006106808026500915	4.76
1.0	2.0	0.0	0.001164700122553238	5.24
1.0	2.0	0.0	0.0011405872521329837	5.08
1.0	3.0	0.0	0.0017539295895192607	5.8
1.0	2.0	0.0	0.001145660712107876	5.44
1.0	2.0	0.0	0.001145660712107876	5.44
1.0	2.0	0.0	0.0011698626904419237	6.28
1.0	2.0	0.0	0.0011031203447413006	3.576923076923077
1.0	2.0	0.0	0.0012804177528032688	5.115384615384615
1.0	1.0	0.0	0.0006452328383041077	5.423076923076923
1.0	1.0	0.0	0.0006385547428280964	4.961538461538462
1.0	1.0	0.0	0.000654399060894025	5.730769230769231
1.0	1.0	0.0	0.0006694915615159608	7.1923076923076925
1.0	3.0	0.0	0.0016750541007464841	3.6538461538461537
1.0	3.0	0.0	0.0016233903411479733	3.3846153846153846
1.0	3.0	0.0	0.0016415528281312705	3.8846153846153846
1.0	2.0	0.0	0.0012087587021235918	4.3076923076923075
1.0	3.0	0.0	0.00173457985469009	4.230769230769231
1.0	3.0	0.0	0.0017290217604008825	4.461538461538462
1.0	3.0	0.0	0.001636647468879535	3.6923076923076925
1.0	2.0	0.0	0.0011642467042160631	4.730769230769231
1.0	3.0	0.0	0.0017068095685926102	4.0
1.0	2.0	0.0	0.0011281553648670058	4.1923076923076925
1.0	2.0	0.0	0.0012789329235160028	5.038461538461538
1.0	3.0	0.0	0.0016683933382910326	4.115384615384615
1.0	3.0	0.0	0.00203338901043895	5.846153846153846
1.0	3.0	0.0	0.001759858203784822	4.769230769230769
1.0	2.0	0.0	0.0011685043339418521	4.846153846153846
1.0	1.0	0.0	0.0007364124113838652	6.8076923076923075
1.0	1.0	0.0	0.0007364124113838652	6.8076923076923075
1.0	2.0	0.0	0.0011960133845583234	5.5
1.0	2.0	0.0	0.0011938852168740589	5.576923076923077
1.0	3.0	0.0	0.0018102043633081153	6.230769230769231
1.0	1.0	0.0	0.0007054156275856934	6.076923076923077
1.0	1.0	0.0	0.0006659723053174566	5.7
1.0	1.0	0.0	0.0006634470219167159	5.1
1.0	1.0	0.0	0.0006744428627645756	6.35
1.0	2.0	0.0	0.001367332750303716	6.0
1.0	1.0	0.0	0.000698542267545696	6.1
1.0	2.0	0.0	0.0011701500802513906	3.7
1.0	2.0	0.0	0.0011743822434282967	3.85
1.0	3.0	0.0	0.0017313686075243408	4.1
1.0	3.0	0.0	0.001715114610012637	3.65
1.0	3.0	0.0	0.0017940387615505479	4.75
1.0	2.0	0.0	0.0011775097245741472	3.9
1.0	2.0	0.0	0.001194013775458013	4.75
1.0	2.0	0.0	0.0011764058100154362	4.0
1.0	3.0	0.0	0.001768577921117092	4.5
1.0	3.0	0.0	0.0017871151041240325	4.15
1.0	2.0	0.0	0.0011889424936222738	4.25
1.0	3.0	0.0	0.0018215896466529955	5.4
1.0	2.0	0.0	0.0012155834142216265	5.4
1.0	2.0	0.0	0.0012215490398262902	6.05
1.0	3.0	0.0	0.0019043151600451492	5.15
1.0	1.0	0.0	0.0007438263485766746	6.95
1.0	2.0	0.0	0.0010633704730137537	3.210526315789474
1.0	2.0	0.0	0.0012321558106503671	4.052631578947368
1.0	3.0	0.0	0.001525178177803843	2.8421052631578947
1.0	2.0	0.0	0.0010630384781345399	3.5789473684210527
1.0	2.0	0.0	0.0011133352399545038	3.4210526315789473
1.0	2.0	0.0	0.0011469299389114532	3.9473684210526314
1.0	3.0	0.0	0.001556729253725781	3.210526315789474
1.0	3.0	0.0	0.0015595930332640584	2.789473684210526
1.0	3.0	0.0	0.0015421973458282522	3.1052631578947367
1.0	3.0	0.0	0.001575186149020328	3.0
1.0	3.0	0.0	0.0015746226009597459	3.736842105263158
1.0	3.0	0.0	0.0016720229219451745	3.3157894736842106
1.0	2.0	0.0	0.0011081390870007566	3.9473684210526314
1.0	2.0	0.0	0.0011146460444733841	4.473684210526316
1.0	3.0	0.0	0.0017270726071950235	3.736842105263158
1.0	2.0	0.0	0.001140932716647575	4.684210526315789
1.0	2.0	0.0	0.0011427133585614209	5.2105263157894735
1.0	1.0	0.0	0.0006456648602413988	4.684210526315789
1.0	2.0	0.0	0.0013410287410208059	4.894736842105263
1.0	1.0	0.0	0.0007308907319803127	5.842105263157895
1.0	2.0	0.0	0.0011374257805590326	4.0
1.0	1.0	0.0	0.0006439489054900483	4.7
1.0	1.0	0.0	0.0006693158016410638	5.6
1.0	1.0	0.0	0.0006693158016410638	5.6
1.0	3.0	0.0	0.0016421800703777122	3.05
1.0	2.0	0.0	0.001128853196876454	3.2
1.0	2.0	0.0	0.0011780391671749673	4.1
1.0	2.0	0.0	0.0011780391671749673	4.1
1.0	3.0	0.0	0.0016310193206880634	3.25
1.0	3.0	0.0	0.0016647196694250304	3.7
1.0	2.0	0.0	0.0011556999587694055	4.25
1.0	3.0	0.0	0.0017194183631581011	3.75
1.0	2.0	0.0	0.0011630144398804177	4.45
1.0	2.0	0.0	0.0011630144398804177	4.45
1.0	3.0	0.0	0.001698899687166149	3.45
1.0	2.0	0.0	0.0011917479950852429	5.2
1.0	2.0	0.0	0.0011917479950852429	5.2
1.0	2.0	0.0	0.0012107543654304653	5.3
1.0	3.0	0.0	0.001808595526784198	4.65
1.0	2.0	0.0	0.001199874769776862	5.95
1.0	3.0	0.0	0.001808595526784198	4.65
1.0	1.0	0.0	0.0006758136208755322	9.4375
1.0	1.0	0.0	0.0006656111113726988	8.0625
1.0	4.0	0.0	0.00232404504471408	5.1875
1.0	4.0	0.0	0.0023482594845268662	5.53125
1.0	1.0	0.0	0.0006506071896255582	6.15625
1.0	1.0	0.0	0.0006506071896255582	6.15625
1.0	1.0	0.0	0.0006326615278678765	5.59375
1.0	1.0	0.0	0.000655524362488148	6.5
1.0	1.0	0.0	0.000655524362488148	6.5
1.0	3.0	0.0	0.0016625614410618202	4.78125
1.0	2.0	0.0	0.0011540094253548988	5.125
1.0	2.0	0.0	0.0011689658241251688	5.71875
1.0	2.0	0.0	0.0011263814165097601	5.40625
1.0	3.0	0.0	0.001621802882594496	4.53125
1.0	3.0	0.0	0.001661164326461263	4.84375
1.0	3.0	0.0	0.001627888918756407	5.25
1.0	2.0	0.0	0.0011128136783948547	4.6875
1.0	3.0	0.0	0.0016820907929328613	4.625
1.0	2.0	0.0	0.0011330911496352718	5.5625
1.0	2.0	0.0	0.0011261079841801318	5.40625
1.0	2.0	0.0	0.0011331191035235826	5.5
1.0	3.0	0.0	0.0017277117749444743	6.125
1.0	3.0	0.0	0.0017286961450896526	6.3125
1.0	2.0	0.0	0.001193439126534378	6.90625
1.0	2.0	0.0	0.001193439126534378	6.90625
1.0	3.0	0.0	0.0017915653039624739	7.09375
1.0	2.0	0.0	0.0011923733862399476	7.15625
1.0	2.0	0.0	0.0012119073271036954	7.6875
1.0	2.0	0.0	0.0012119073271036954	7.6875
1.0	3.0	0.0	0.001829880435353889	8.46875
1.0	2.0	0.0	0.0012151317838808547	7.9375
1.0	2.0	0.0	0.0012142278918815018	8.0
1.0	2.0	0.0	0.001220558025304668	8.78125
1.0	1.0	0.0	0.0006695645464604187	5.947368421052632
1.0	1.0	0.0	0.0006422380286259203	4.578947368421052
1.0	3.0	0.0	0.0017016761336214933	3.736842105263158
1.0	2.0	0.0	0.0011171160730132361	3.4210526315789473
1.0	3.0	0.0	0.001655871491265913	3.8421052631578947
1.0	3.0	0.0	0.0018091165898518151	5.0
1.0	2.0	0.0	0.0011791139738779974	4.368421052631579
1.0	2.0	0.0	0.001210909947020601	5.7368421052631575
1.0	2.0	0.0	0.0011787720658294237	4.473684210526316
1.0	2.0	0.0	0.0012052893282639106	5.105263157894737
1.0	2.0	0.0	0.001133123894091401	3.4210526315789473
1.0	3.0	0.0	0.0016546671921934667	3.210526315789474
1.0	2.0	0.0	0.0011379352574480799	3.526315789473684
1.0	3.0	0.0	0.0016470481805037332	3.526315789473684
1.0	3.0	0.0	0.001716517113292348	3.6315789473684212
1.0	2.0	0.0	0.0011569320151827082	4.473684210526316
1.0	2.0	0.0	0.001151058827476516	4.157894736842105
1.0	3.0	0.0	0.0017707588300888554	5.105263157894737
1.0	2.0	0.0	0.0011781261913693536	4.7894736842105265
1.0	1.0	0.0	0.0006596118908552866	6.052631578947368
1.0	1.0	0.0	0.0006414560729197236	5.407407407407407
1.0	1.0	0.0	0.000662519395113048	5.703703703703703
1.0	3.0	0.0	0.0017322193261707388	4.925925925925926
1.0	3.0	0.0	0.0016654114889068621	4.7407407407407405
1.0	2.0	0.0	0.0011708166973582188	4.148148148148148
1.0	1.0	0.0	0.0007171778406210572	6.222222222222222
1.0	3.0	0.0	0.0017390481303083674	4.62962962962963
1.0	3.0	0.0	0.001690402243876282	4.148148148148148
1.0	3.0	0.0	0.0017118744874758856	4.444444444444445
1.0	3.0	0.0	0.0016818615610161424	5.333333333333333
1.0	1.0	0.0	0.0006474360557705893	5.888888888888889
1.0	1.0	0.0	0.0006497097397208434	5.592592592592593
1.0	2.0	0.0	0.0011709933565879718	6.148148148148148
1.0	2.0	0.0	0.0011709933565879718	6.148148148148148
1.0	2.0	0.0	0.0011917994947041755	4.222222222222222
1.0	2.0	0.0	0.0011976225394891467	6.962962962962963
1.0	2.0	0.0	0.0011976225394891467	6.962962962962963
1.0	2.0	0.0	0.0012053162791878578	7.777777777777778
1.0	3.0	0.0	0.0017877662676032459	4.37037037037037
1.0	3.0	0.0	0.0017395515100665625	5.2592592592592595
1.0	3.0	0.0	0.0017840619747727044	4.7407407407407405
1.0	3.0	0.0	0.0018338770769197824	7.481481481481482
1.0	2.0	0.0	0.0011982457420464739	6.0
1.0	2.0	0.0	0.0011982457420464739	6.0
1.0	2.0	0.0	0.0012158263455474645	6.7407407407407405
1.0	2.0	0.0	0.0012158263455474645	6.7407407407407405
1.0	1.0	0.0	0.0006773102880707072	8.444444444444445
1.0	2.0	0.0	0.0013106347005405622	5.2592592592592595
1.0	1.0	0.0	0.0006662363274124246	5.363636363636363
1.0	1.0	0.0	0.0006619368691785092	4.681818181818182
1.0	1.0	0.0	0.0007101318210526693	5.136363636363637
1.0	3.0	0.0	0.001816966075409348	5.0
1.0	3.0	0.0	0.001816966075409348	5.0
1.0	2.0	0.0	0.001188522479066157	3.590909090909091
1.0	3.0	0.0	0.0017941928399536464	4.409090909090909
1.0	3.0	0.0	0.0017397062753741822	3.8181818181818183
1.0	3.0	0.0	0.0017941928399536466	4.409090909090909
1.0	1.0	0.0	0.0006662363274124246	5.363636363636363
1.0	1.0	0.0	0.0006729326257562376	5.954545454545454
1.0	1.0	0.0	0.0006729326257562377	5.954545454545454
1.0	2.0	0.0	0.0011983919440817937	3.4545454545454546
1.0	3.0	0.0	0.0017830864287181857	3.409090909090909
1.0	3.0	0.0	0.0017819221073201344	3.727272727272727
1.0	3.0	0.0	0.0017394593598913685	4.2272727272727275
1.0	3.0	0.0	0.0019425683192723186	4.181818181818182
1.0	2.0	0.0	0.0011984607911793236	5.0
1.0	2.0	0.0	0.0011984607911793236	5.0
1.0	1.0	0.0	0.0007101318210526693	5.136363636363637
1.0	2.0	0.0	0.0012170190813848385	5.7727272727272725
1.0	2.0	0.0	0.0012170190813848385	5.7727272727272725
1.0	2.0	0.0	0.0012242917986827232	6.545454545454546
1.0	1.0	0.0	0.0006922138341640765	4.176470588235294
1.0	1.0	0.0	0.0006922138341640765	4.176470588235294
1.0	3.0	0.0	0.001631458963027137	2.5294117647058822
1.0	2.0	0.0	0.0011270893126081425	3.2941176470588234
1.0	2.0	0.0	0.0011483302100775124	3.588235294117647
1.0	3.0	0.0	0.001635416950391701	2.7058823529411766
1.0	3.0	0.0	0.001612168224703307	2.7058823529411766
1.0	3.0	0.0	0.0017009993015973163	2.6470588235294117
1.0	3.0	0.0	0.0016074994764284246	2.588235294117647
1.0	3.0	0.0	0.0016913628271984194	2.5294117647058822
1.0	3.0	0.0	0.0017108179309736713	3.176470588235294
1.0	2.0	0.0	0.0011436440227742802	3.411764705882353
1.0	2.0	0.0	0.0011344125008504635	3.411764705882353
1.0	1.0	0.0	0.0006378194006821955	3.588235294117647
1.0	3.0	0.0	0.0018823668278782509	3.235294117647059
1.0	2.0	0.0	0.0011653419576583882	4.117647058823529
1.0	2.0	0.0	0.0011634983899665144	4.117647058823529
1.0	1.0	0.0	0.0006412488481553505	4.117647058823529
1.0	4.0	0.0	0.002306756660575201	4.090909090909091
1.0	4.0	0.0	0.0023259326008358673	4.545454545454546
1.0	2.0	0.0	0.001132791884363724	4.03030303030303
1.0	2.0	0.0	0.001172469928441471	4.515151515151516
1.0	2.0	0.0	0.0010863472752851	4.242424242424242
1.0	2.0	0.0	0.001163282148149163	4.484848484848484
1.0	3.0	0.0	0.0015761904086502713	4.606060606060606
1.0	1.0	0.0	0.0006219759697796558	5.151515151515151
1.0	2.0	0.0	0.0011087882391235828	6.03030303030303
1.0	2.0	0.0	0.0011278786731653986	6.03030303030303
1.0	2.0	0.0	0.001164510945344182	7.515151515151516
1.0	1.0	0.0	0.0006427759756774361	7.636363636363637
1.0	3.0	0.0	0.00161418523756423	3.9696969696969697
1.0	3.0	0.0	0.0016127345737690976	4.0
1.0	3.0	0.0	0.001647942283811647	4.181818181818182
1.0	3.0	0.0	0.0015839793567873227	4.181818181818182
1.0	3.0	0.0	0.0019096209731821682	4.9393939393939394
1.0	3.0	0.0	0.0019096209731821682	4.9393939393939394
1.0	2.0	0.0	0.0011336656942168063	4.424242424242424
1.0	3.0	0.0	0.001919198100477755	5.393939393939394
1.0	3.0	0.0	0.001919198100477755	5.393939393939394
1.0	1.0	0.0	0.0006996118613217027	5.909090909090909
1.0	1.0	0.0	0.0006996118613217027	5.909090909090909
1.0	1.0	0.0	0.0006996118613217027	5.909090909090909
1.0	1.0	0.0	0.0006996118613217027	5.909090909090909
1.0	1.0	0.0	0.0007024102371617511	6.363636363636363
1.0	1.0	0.0	0.0007024102371617511	6.363636363636363
1.0	1.0	0.0	0.0007024102371617511	6.363636363636363
1.0	1.0	0.0	0.0007024102371617511	6.363636363636363
1.0	3.0	0.0	0.0015944290894522955	5.181818181818182
1.0	2.0	0.0	0.0010996583877757498	5.393939393939394
1.0	3.0	0.0	0.0016199506739385287	5.878787878787879
1.0	3.0	0.0	0.0017166561394829612	6.666666666666667
1.0	2.0	0.0	0.0011596321821218598	6.818181818181818
1.0	2.0	0.0	0.00129211632293119	4.4
1.0	2.0	0.0	0.0013630235649125448	5.75
1.0	1.0	0.0	0.0007113272060183349	6.9
1.0	1.0	0.0	0.0007113272060183349	6.9
1.0	1.0	0.0	0.0007154661101112915	5.95
1.0	2.0	0.0	0.0012423073431803374	4.0
1.0	3.0	0.0	0.001947885038685452	5.95
1.0	2.0	0.0	0.0012746190701748538	4.45
1.0	2.0	0.0	0.0011874296657956905	3.7
1.0	3.0	0.0	0.001731469232499805	3.85
1.0	2.0	0.0	0.0011858438734231379	4.3
1.0	2.0	0.0	0.0011858438734231379	4.3
1.0	3.0	0.0	0.0018036279500263156	3.65
1.0	3.0	0.0	0.0017897230625224568	5.2
1.0	2.0	0.0	0.0012000284390649221	4.75
1.0	2.0	0.0	0.0012000284390649221	4.75
1.0	2.0	0.0	0.001386157862215468	5.25
1.0	1.0	0.0	0.0007513326023065766	6.2
1.0	2.0	0.0	0.0014398582109229779	6.6
1.0	3.0	0.0	0.001959370182898438	5.0
1.0	1.0	0.0	0.0007754346926529157	7.55
