Constant_feature	Degree	Clustering_coefficient	Pagerank	Aver_path_len
1.0	2.0	0.0	0.03548629386373264	3.9166666666666665
1.0	2.0	0.0	0.03512308540593632	4.083333333333333
1.0	2.0	0.0	0.03672427393230636	4.583333333333333
1.0	1.0	0.0	0.02098204225539602	6.541666666666667
1.0	1.0	0.0	0.02093860929652674	6.0
1.0	1.0	0.0	0.020634178410523053	5.541666666666667
1.0	1.0	0.0	0.022442334099272085	6.875
1.0	1.0	0.0	0.020120470013998155	5.458333333333333
1.0	2.0	0.0	0.03566791586355337	4.333333333333333
1.0	3.0	0.0	0.05660834737760003	5.583333333333333
1.0	3.0	0.0	0.05646051494411267	5.041666666666667
1.0	3.0	0.0	0.055949887985967894	5.041666666666667
1.0	3.0	0.0	0.05544864230602783	4.583333333333333
1.0	3.0	0.0	0.05312827967146943	4.041666666666667
1.0	2.0	0.0	0.040984009285178126	5.916666666666667
1.0	3.0	0.0	0.05182442808040062	3.875
1.0	3.0	0.0	0.0519195119475942	4.25
1.0	3.0	0.0	0.05373426885509407	4.5
1.0	2.0	0.0	0.035540503079382155	4.708333333333333
1.0	3.0	0.0	0.053218016811278995	5.25
1.0	2.0	0.0	0.036914682852820575	6.041666666666667
1.0	2.0	0.0	0.036914682852820575	6.041666666666667
1.0	2.0	0.0	0.0376676910746844	6.833333333333333
1.0	2.0	0.0	0.0376676910746844	6.833333333333333
1.0	2.0	0.0	0.03789963865963904	7.625
