Constant_feature	Degree	Clustering_coefficient	Pagerank	Aver_path_len
1.0	2.0	0.0	0.027500425314826576	2.5
1.0	1.0	0.0	0.014334654406817334	4.214285714285714
1.0	1.0	0.0	0.014334654406817334	4.214285714285714
1.0	1.0	0.0	0.014334654406817334	4.214285714285714
1.0	1.0	0.0	0.014334654406817334	4.214285714285714
1.0	2.0	0.0	0.02649891256014756	3.2857142857142856
1.0	2.0	0.0	0.02649891256014756	3.2857142857142856
1.0	2.0	0.0	0.02649891256014756	3.2857142857142856
1.0	2.0	0.0	0.02649891256014756	3.2857142857142856
1.0	2.0	0.0	0.026473346627225912	3.357142857142857
1.0	2.0	0.0	0.026473346627225912	3.357142857142857
1.0	2.0	0.0	0.027708581364768337	2.625
1.0	2.0	0.0	0.027708581364768337	2.625
1.0	2.0	0.0	0.02837308206983627	3.0
1.0	2.0	0.0	0.02837308206983627	3.0
1.0	2.0	0.0	0.02964781859812322	3.625
1.0	2.0	0.0	0.02964781859812322	3.625
1.0	3.0	0.0	0.03923641866994127	3.2857142857142856
1.0	3.0	0.0	0.03923641866994127	3.2857142857142856
1.0	1.0	0.0	0.015904920694474262	4.5
1.0	1.0	0.0	0.015904920694474262	4.5
1.0	3.0	0.0	0.03622938995327203	2.642857142857143
1.0	3.0	0.0	0.03622938995327203	2.642857142857143
1.0	2.0	0.0	0.024328313927845114	2.7142857142857144
1.0	2.0	0.0	0.024328313927845114	2.7142857142857144
1.0	2.0	0.0	0.024328313927845114	2.7142857142857144
1.0	2.0	0.0	0.024328313927845114	2.7142857142857144
1.0	3.0	0.0	0.03631549131907987	2.5
1.0	3.0	0.0	0.03631549131907987	2.5
1.0	3.0	0.0	0.03631549131907987	2.5
1.0	3.0	0.0	0.03631549131907987	2.5
1.0	3.0	0.0	0.036267523381877595	2.5714285714285716
1.0	3.0	0.0	0.036267523381877595	2.5714285714285716
1.0	1.0	0.0	0.014488239867116101	4.214285714285714
1.0	1.0	0.0	0.014488239867116101	4.214285714285714
1.0	1.0	0.0	0.014488239867116101	4.214285714285714
1.0	1.0	0.0	0.014488239867116101	4.214285714285714
1.0	1.0	0.0	0.014477481821055762	4.285714285714286
1.0	1.0	0.0	0.014477481821055762	4.285714285714286
