Constant_feature	Degree	Clustering_coefficient	Pagerank	Aver_path_len
1.0	1.0	0.0	0.018813619602756917	8.074074074074074
1.0	2.0	0.0	0.03534206497750485	5.62962962962963
1.0	1.0	0.0	0.019496659039605294	6.962962962962963
1.0	1.0	0.0	0.019496659039605294	6.962962962962963
1.0	2.0	0.0	0.030434122014176997	4.37037037037037
1.0	2.0	0.0	0.031203627410670086	3.925925925925926
1.0	2.0	0.0	0.03190697615083019	4.37037037037037
1.0	3.0	0.0	0.05308573694819535	6.0
1.0	3.0	0.0	0.0442478482881997	3.5555555555555554
1.0	3.0	0.0	0.044436658890309594	3.925925925925926
1.0	3.0	0.0	0.044346710024904236	3.8518518518518516
1.0	3.0	0.0	0.04484022685771907	4.074074074074074
1.0	3.0	0.0	0.0447004865487758	4.0
1.0	2.0	0.0	0.031311360344374636	4.444444444444445
1.0	2.0	0.0	0.03141862211101156	4.7407407407407405
1.0	3.0	0.0	0.04747676623947437	4.7407407407407405
1.0	2.0	0.0	0.03140117093246679	4.592592592592593
1.0	3.0	0.0	0.04806297140419183	5.185185185185185
1.0	2.0	0.0	0.032081162067284306	5.037037037037037
1.0	2.0	0.0	0.03225892048826943	5.407407407407407
1.0	2.0	0.0	0.03233060718789175	5.555555555555555
1.0	3.0	0.0	0.04764395746757846	4.888888888888889
1.0	2.0	0.0	0.03301786275417905	5.62962962962963
1.0	2.0	0.0	0.03301786275417905	5.62962962962963
1.0	1.0	0.0	0.019475549228306247	6.592592592592593
1.0	2.0	0.0	0.0336709993428035	6.37037037037037
1.0	2.0	0.0	0.0336709993428035	6.37037037037037
1.0	3.0	0.0	0.050809792541931756	7.111111111111111
