Constant_feature	Degree	Clustering_coefficient	Pagerank	Aver_path_len
1.0	0.0	0.0	0.0	0.0
1.0	0.0	0.0	0.0	0.0
1.0	1.0	0.0	0.007421839821904664	5.0
1.0	1.0	0.0	0.007421839821904664	5.0
1.0	1.0	0.0	0.008566501212349645	4.090909090909091
1.0	1.0	0.0	0.008566501212349645	4.090909090909091
1.0	1.0	0.0	0.00793157799291307	3.1818181818181817
1.0	1.0	0.0	0.00793157799291307	3.1818181818181817
1.0	1.0	0.0	0.0075322851043039245	5.857142857142857
1.0	1.0	0.0	0.0075322851043039245	5.857142857142857
1.0	4.0	0.0	0.02514112264467073	3.4285714285714284
1.0	4.0	0.0	0.02514112264467073	3.4285714285714284
1.0	3.0	0.0	0.018405759278849375	3.0952380952380953
1.0	3.0	0.0	0.018405759278849375	3.0952380952380953
1.0	4.0	0.0	0.02644996668189016	4.0476190476190474
1.0	4.0	0.0	0.02644996668189016	4.0476190476190474
1.0	3.0	0.0	0.018161384622738773	2.9047619047619047
1.0	3.0	0.0	0.018161384622738773	2.9047619047619047
1.0	3.0	0.0	0.018218572461061476	2.9047619047619047
1.0	3.0	0.0	0.018218572461061476	2.9047619047619047
1.0	2.0	0.0	0.012850899568472057	3.4285714285714284
1.0	2.0	0.0	0.012850899568472057	3.4285714285714284
1.0	2.0	0.0	0.012955684565148957	3.8095238095238093
1.0	2.0	0.0	0.012955684565148957	3.8095238095238093
1.0	2.0	0.0	0.013251888390936295	4.285714285714286
1.0	2.0	0.0	0.013251888390936295	4.285714285714286
1.0	2.0	0.0	0.012719119629060114	3.238095238095238
1.0	2.0	0.0	0.012719119629060114	3.238095238095238
1.0	4.0	0.0	0.024782487187519707	3.0952380952380953
1.0	4.0	0.0	0.024782487187519707	3.0952380952380953
1.0	2.0	0.0	0.012674251843451868	3.380952380952381
1.0	2.0	0.0	0.012674251843451868	3.380952380952381
1.0	1.0	0.0	0.007127323544650897	4.380952380952381
1.0	1.0	0.0	0.007127323544650897	4.380952380952381
1.0	1.0	0.0	0.007421839821904664	5.0
1.0	1.0	0.0	0.007421839821904664	5.0
1.0	3.0	0.0	0.01871836935674143	3.5714285714285716
1.0	3.0	0.0	0.01871836935674143	3.5714285714285716
1.0	2.0	0.0	0.012789585151414954	3.5714285714285716
1.0	2.0	0.0	0.012789585151414954	3.5714285714285716
1.0	2.0	0.0	0.013086035057148716	3.761904761904762
1.0	2.0	0.0	0.013086035057148716	3.761904761904762
1.0	1.0	0.0	0.007046609272073472	4.0476190476190474
1.0	1.0	0.0	0.007046609272073472	4.0476190476190474
1.0	2.0	0.0	0.013421042322400956	4.428571428571429
1.0	2.0	0.0	0.013421042322400956	4.428571428571429
1.0	2.0	0.0	0.01314783571088809	4.238095238095238
1.0	2.0	0.0	0.01314783571088809	4.238095238095238
1.0	3.0	0.0	0.023649264456773605	3.1818181818181817
1.0	3.0	0.0	0.023649264456773605	3.1818181818181817
1.0	3.0	0.0	0.02153289168873356	2.272727272727273
1.0	3.0	0.0	0.02153289168873356	2.272727272727273
1.0	3.0	0.0	0.02020550972747457	4.904761904761905
1.0	3.0	0.0	0.02020550972747457	4.904761904761905
1.0	2.0	0.0	0.015027490969968598	2.6363636363636362
1.0	2.0	0.0	0.015027490969968598	2.6363636363636362
1.0	1.0	0.0	0.008566501212349645	4.090909090909091
1.0	1.0	0.0	0.008566501212349645	4.090909090909091
1.0	3.0	0.0	0.020549594349630888	2.272727272727273
1.0	3.0	0.0	0.020549594349630888	2.272727272727273
1.0	2.0	0.0	0.014017546904758711	2.8181818181818183
1.0	2.0	0.0	0.014017546904758711	2.8181818181818183
1.0	2.0	0.0	0.014017546904758711	2.8181818181818183
1.0	2.0	0.0	0.014017546904758711	2.8181818181818183
1.0	2.0	0.0	0.014187346511482693	3.3636363636363638
1.0	2.0	0.0	0.014187346511482693	3.3636363636363638
1.0	2.0	0.0	0.014187346511482693	3.3636363636363638
1.0	2.0	0.0	0.014187346511482693	3.3636363636363638
1.0	2.0	0.0	0.014236979520092268	3.909090909090909
1.0	2.0	0.0	0.014236979520092268	3.909090909090909
