Constant_feature	Degree	Clustering_coefficient	Pagerank	Aver_path_len
1.0	1.0	0.0	0.022933457678128183	7.4
1.0	1.0	0.0	0.022933457678128183	7.4
1.0	4.0	0.0	0.07405258183407201	4.28
1.0	2.0	0.0	0.03640233230397414	4.04
1.0	1.0	0.0	0.020507393940197995	5.24
1.0	2.0	0.0	0.0390139550549454	6.28
1.0	1.0	0.0	0.019543772355829964	5.84
1.0	1.0	0.0	0.01951083262177723	5.8
1.0	3.0	0.0	0.05115189168023343	4.12
1.0	3.0	0.0	0.05636543175313901	4.76
1.0	1.0	0.0	0.020507393940197995	5.24
1.0	3.0	0.0	0.05031657077143051	3.8
1.0	3.0	0.0	0.049792640353963025	4.32
1.0	3.0	0.0	0.04967898456657007	4.28
1.0	2.0	0.0	0.03532287044347346	3.88
1.0	2.0	0.0	0.03384486637760509	4.12
1.0	2.0	0.0	0.039843783001612974	5.56
1.0	2.0	0.0	0.039843783001612974	5.56
1.0	1.0	0.0	0.01919148341479298	5.08
1.0	3.0	0.0	0.05232634965565929	4.88
1.0	3.0	0.0	0.052214870670850344	4.84
1.0	3.0	0.0	0.05301994354516042	5.4
1.0	2.0	0.0	0.042414582316933486	6.44
1.0	2.0	0.0	0.042414582316933486	6.44
1.0	2.0	0.0	0.03544945329337153	5.44
1.0	1.0	0.0	0.021402735429406926	7.24
