Constant_feature	Degree	Clustering_coefficient	Pagerank	Aver_path_len
1.0	1.0	0.0	0.012519809036988273	9.333333333333334
1.0	2.0	0.0	0.02249624310822102	6.0
1.0	1.0	0.0	0.012522175850489075	7.17948717948718
1.0	2.0	0.0	0.022163805365855466	5.846153846153846
1.0	2.0	0.0	0.02121239952837724	7.641025641025641
1.0	4.0	0.0	0.04236622412580881	7.615384615384615
1.0	3.0	0.0	0.031016464217891802	7.076923076923077
1.0	3.0	0.0	0.030476558714321866	6.615384615384615
1.0	3.0	0.0	0.030404854746470464	6.256410256410256
1.0	4.0	0.0	0.044533836797323284	8.35897435897436
1.0	2.0	0.0	0.021645847662533635	7.256410256410256
1.0	2.0	0.0	0.021866631173846504	7.897435897435898
1.0	2.0	0.0	0.021361005026465447	6.794871794871795
1.0	3.0	0.0	0.03049251859327537	6.0
1.0	2.0	0.0	0.022359945897625303	8.538461538461538
1.0	2.0	0.0	0.02122597945459107	6.461538461538462
1.0	2.0	0.0	0.024004892735717556	8.538461538461538
1.0	2.0	0.0	0.021293090559088852	6.205128205128205
1.0	3.0	0.0	0.03080861087024738	5.846153846153846
1.0	2.0	0.0	0.021400573447402014	5.948717948717949
1.0	1.0	0.0	0.013301726359909886	9.512820512820513
1.0	2.0	0.0	0.024823147197303053	9.282051282051283
1.0	2.0	0.0	0.021670368535997037	5.897435897435898
1.0	2.0	0.0	0.021282684698372606	5.794871794871795
1.0	3.0	0.0	0.03180405189778407	5.743589743589744
1.0	1.0	0.0	0.013670775610750113	10.256410256410257
1.0	3.0	0.0	0.033407086691330065	6.205128205128205
1.0	3.0	0.0	0.03171330956281584	6.512820512820513
1.0	3.0	0.0	0.03092418500302154	6.9743589743589745
1.0	2.0	0.0	0.02203155312034676	7.384615384615385
1.0	3.0	0.0	0.031213629440483105	7.641025641025641
1.0	2.0	0.0	0.02226065569144943	8.051282051282051
1.0	2.0	0.0	0.02188176867663866	8.512820512820513
1.0	2.0	0.0	0.02131154921534397	8.307692307692308
1.0	3.0	0.0	0.031451925358284546	8.307692307692308
1.0	3.0	0.0	0.03148996659565091	8.974358974358974
1.0	2.0	0.0	0.02213023639339226	9.179487179487179
1.0	2.0	0.0	0.02214434545609776	9.846153846153847
1.0	2.0	0.0	0.022655971251799516	10.051282051282051
1.0	2.0	0.0	0.02265959633068818	10.717948717948717
