Constant_feature	Degree	Clustering_coefficient	Pagerank	Aver_path_len
1.0	1.0	0.0	0.007839405505452137	8.34920634920635
1.0	1.0	0.0	0.007839405505452137	8.34920634920635
1.0	1.0	0.0	0.007839405505452137	8.34920634920635
1.0	1.0	0.0	0.007839405505452137	8.34920634920635
1.0	2.0	0.0	0.01695107799853467	10.0
1.0	2.0	0.0	0.01695107799853467	10.0
1.0	2.0	0.0	0.01695107799853467	10.0
1.0	2.0	0.0	0.01695107799853467	10.0
1.0	1.0	0.0	0.008679681068967757	10.031746031746032
1.0	1.0	0.0	0.008679681068967757	10.031746031746032
1.0	1.0	0.0	0.008679681068967757	10.031746031746032
1.0	1.0	0.0	0.008679681068967757	10.031746031746032
1.0	3.0	0.0	0.020860708165789846	7.301587301587301
1.0	3.0	0.0	0.020860708165789846	7.301587301587301
1.0	3.0	0.0	0.020860708165789846	7.301587301587301
1.0	3.0	0.0	0.020860708165789846	7.301587301587301
1.0	2.0	0.0	0.013972368948770533	7.301587301587301
1.0	2.0	0.0	0.013972368948770533	7.301587301587301
1.0	2.0	0.0	0.013972368948770533	7.301587301587301
1.0	2.0	0.0	0.013972368948770533	7.301587301587301
1.0	2.0	0.0	0.013972368948770533	7.301587301587301
1.0	2.0	0.0	0.013972368948770533	7.301587301587301
1.0	2.0	0.0	0.013972368948770533	7.301587301587301
1.0	2.0	0.0	0.013972368948770533	7.301587301587301
1.0	3.0	0.0	0.020508199772004854	7.301587301587301
1.0	3.0	0.0	0.020508199772004854	7.301587301587301
1.0	3.0	0.0	0.020508199772004854	7.301587301587301
1.0	3.0	0.0	0.020508199772004854	7.301587301587301
1.0	3.0	0.0	0.020508199772004854	7.301587301587301
1.0	3.0	0.0	0.020508199772004854	7.301587301587301
1.0	3.0	0.0	0.020508199772004854	7.301587301587301
1.0	3.0	0.0	0.020508199772004854	7.301587301587301
1.0	3.0	0.0	0.020921679090379366	7.365079365079365
1.0	3.0	0.0	0.020921679090379366	7.365079365079365
1.0	3.0	0.0	0.020921679090379366	7.365079365079365
1.0	3.0	0.0	0.020921679090379366	7.365079365079365
1.0	2.0	0.0	0.01493749197742344	8.158730158730158
1.0	2.0	0.0	0.01493749197742344	8.158730158730158
1.0	2.0	0.0	0.01493749197742344	8.158730158730158
1.0	2.0	0.0	0.01493749197742344	8.158730158730158
1.0	2.0	0.0	0.014178721699306791	8.19047619047619
1.0	2.0	0.0	0.014178721699306791	8.19047619047619
1.0	2.0	0.0	0.014178721699306791	8.19047619047619
1.0	2.0	0.0	0.014178721699306791	8.19047619047619
1.0	2.0	0.0	0.014178721699306791	8.19047619047619
1.0	2.0	0.0	0.014178721699306791	8.19047619047619
1.0	2.0	0.0	0.014178721699306791	8.19047619047619
1.0	2.0	0.0	0.014178721699306791	8.19047619047619
1.0	3.0	0.0	0.021548552277565605	8.253968253968255
1.0	3.0	0.0	0.021548552277565605	8.253968253968255
1.0	3.0	0.0	0.021548552277565605	8.253968253968255
1.0	3.0	0.0	0.021548552277565605	8.253968253968255
1.0	1.0	0.0	0.00802666365899194	9.238095238095237
1.0	1.0	0.0	0.00802666365899194	9.238095238095237
1.0	1.0	0.0	0.00802666365899194	9.238095238095237
1.0	1.0	0.0	0.00802666365899194	9.238095238095237
1.0	3.0	0.0	0.023725273175089042	9.047619047619047
1.0	3.0	0.0	0.023725273175089042	9.047619047619047
1.0	3.0	0.0	0.023725273175089042	9.047619047619047
1.0	3.0	0.0	0.023725273175089042	9.047619047619047
1.0	1.0	0.0	0.009190886241641827	10.984126984126984
1.0	1.0	0.0	0.009190886241641827	10.984126984126984
1.0	1.0	0.0	0.009190886241641827	10.984126984126984
1.0	1.0	0.0	0.009190886241641827	10.984126984126984
