Constant_feature	Degree	Clustering_coefficient	Pagerank	Aver_path_len
1.0	0.0	0.0	0.0	0.0
1.0	1.0	0.0	0.015311974026275255	5.290322580645161
1.0	1.0	0.0	0.015392445922625727	5.548387096774194
1.0	1.0	0.0	0.01511290287529935	5.419354838709677
1.0	1.0	0.0	0.019017889072804512	9.741935483870968
1.0	3.0	0.0	0.038233244339635084	3.935483870967742
1.0	3.0	0.0	0.040824566308953106	4.645161290322581
1.0	2.0	0.0	0.028508339060428725	4.903225806451613
1.0	3.0	0.0	0.049588493192304815	6.967741935483871
1.0	2.0	0.0	0.03218837555933317	7.032258064516129
1.0	3.0	0.0	0.03776540249277978	3.870967741935484
1.0	3.0	0.0	0.03835253911044982	3.935483870967742
1.0	3.0	0.0	0.03888595889328682	4.193548387096774
1.0	3.0	0.0	0.03863635457676762	4.451612903225806
1.0	3.0	0.0	0.04062197411308403	4.32258064516129
1.0	3.0	0.0	0.03969759023779082	4.32258064516129
1.0	3.0	0.0	0.03909060532891041	4.516129032258065
1.0	3.0	0.0	0.040890211966245316	4.580645161290323
1.0	3.0	0.0	0.039958450799526465	4.451612903225806
1.0	2.0	0.0	0.029432773568815844	5.354838709677419
1.0	2.0	0.0	0.027029215613797813	4.580645161290323
1.0	2.0	0.0	0.027198161677986183	4.645161290322581
1.0	2.0	0.0	0.03124710809061972	6.129032258064516
1.0	2.0	0.0	0.02736736139544637	5.290322580645161
1.0	2.0	0.0	0.027524575476638252	5.354838709677419
1.0	2.0	0.0	0.02994075949527589	5.548387096774194
1.0	2.0	0.0	0.02811270602612072	6.129032258064516
1.0	2.0	0.0	0.028162510750163162	6.193548387096774
1.0	2.0	0.0	0.03108381280106279	6.258064516129032
1.0	1.0	0.0	0.0180019617305676	7.935483870967742
1.0	1.0	0.0	0.0180019617305676	7.935483870967742
1.0	2.0	0.0	0.033503005284676354	7.870967741935484
1.0	2.0	0.0	0.03531676848176074	8.774193548387096
