Constant_feature	Degree	Clustering_coefficient	Pagerank	Aver_path_len
1.0	0.0	0.0	0.0	0.0
1.0	1.0	0.0	0.02012885865191582	4.3478260869565215
1.0	1.0	0.0	0.021179051437815663	5.956521739130435
1.0	3.0	0.0	0.05037178487750525	3.608695652173913
1.0	2.0	0.0	0.038281640459487384	3.9130434782608696
1.0	2.0	0.0	0.03534382923461121	4.565217391304348
1.0	3.0	0.0	0.06690048446270165	6.0
1.0	3.0	0.0	0.04992080433968797	3.391304347826087
1.0	3.0	0.0	0.05099420706262392	3.130434782608696
1.0	3.0	0.0	0.051320408169565054	3.869565217391304
1.0	3.0	0.0	0.052961213213491544	3.391304347826087
1.0	3.0	0.0	0.05115025802478192	4.043478260869565
1.0	3.0	0.0	0.052087694331580336	3.608695652173913
1.0	3.0	0.0	0.053206324566486184	3.391304347826087
1.0	2.0	0.0	0.03518287313605732	4.3478260869565215
1.0	2.0	0.0	0.03615780379707119	4.043478260869565
1.0	2.0	0.0	0.035782106881686065	4.304347826086956
1.0	2.0	0.0	0.040500516179247194	4.521739130434782
1.0	2.0	0.0	0.03648107914284801	4.565217391304348
1.0	2.0	0.0	0.0424640644879021	5.217391304347826
1.0	2.0	0.0	0.03680512302244391	4.304347826086956
1.0	3.0	0.0	0.05670862958668975	5.0
1.0	2.0	0.0	0.03759534212366766	5.260869565217392
1.0	1.0	0.0	0.02423795140506633	6.956521739130435
1.0	1.0	0.0	0.02423795140506633	6.956521739130435
