Constant_feature	Degree	Clustering_coefficient	Pagerank	Aver_path_len
1.0	1.0	0.0	0.024102707189164553	7.380952380952381
1.0	2.0	0.0	0.04010750504185191	5.190476190476191
1.0	1.0	0.0	0.023153760309270844	4.714285714285714
1.0	1.0	0.0	0.02363375567892308	5.0
1.0	2.0	0.0	0.040171348148633566	4.666666666666667
1.0	2.0	0.0	0.04236900149199975	3.761904761904762
1.0	2.0	0.0	0.0426994114501837	3.857142857142857
1.0	3.0	0.0	0.05787095578396883	4.380952380952381
1.0	3.0	0.0	0.05828297137380959	5.0
1.0	3.0	0.0	0.05859233527422922	3.9523809523809526
1.0	2.0	0.0	0.04058485735738862	5.142857142857143
1.0	2.0	0.0	0.04072831866506549	5.761904761904762
1.0	3.0	0.0	0.06202675857714492	3.761904761904762
1.0	2.0	0.0	0.04150656933461083	5.904761904761905
1.0	2.0	0.0	0.041551270762460984	6.523809523809524
1.0	3.0	0.0	0.06199104152748953	4.428571428571429
1.0	3.0	0.0	0.06362969818533784	4.0476190476190474
1.0	2.0	0.0	0.04262082392237386	5.095238095238095
1.0	2.0	0.0	0.04262082392237386	5.095238095238095
1.0	2.0	0.0	0.043281350113447775	5.761904761904762
1.0	2.0	0.0	0.043281350113447775	5.761904761904762
1.0	3.0	0.0	0.0651933857768232	6.428571428571429
