Constant_feature	Degree	Clustering_coefficient	Pagerank	Aver_path_len
1.0	0.0	0.0	0.0	0.0
1.0	2.0	0.0	0.028959170901475064	4.580645161290323
1.0	2.0	0.0	0.02814329997744009	5.193548387096774
1.0	1.0	0.0	0.015038394931850994	5.258064516129032
1.0	1.0	0.0	0.015771838495326335	5.741935483870968
1.0	1.0	0.0	0.016786392408580885	6.193548387096774
1.0	3.0	0.0	0.037830488391246704	4.419354838709677
1.0	2.0	0.0	0.025948769217303335	4.935483870967742
1.0	2.0	0.0	0.03318097963327078	6.838709677419355
1.0	4.0	0.0	0.05409865510279491	4.0
1.0	3.0	0.0	0.038666476212005245	3.806451612903226
1.0	3.0	0.0	0.03900930596469235	4.225806451612903
1.0	3.0	0.0	0.0373271335952019	4.0
1.0	2.0	0.0	0.025765220463693242	4.903225806451613
1.0	2.0	0.0	0.025922293780830358	3.935483870967742
1.0	2.0	0.0	0.030437574560867122	4.903225806451613
1.0	3.0	0.0	0.03971261514507177	4.290322580645161
1.0	3.0	0.0	0.037290397388729114	4.354838709677419
1.0	3.0	0.0	0.037636360402008115	4.806451612903226
1.0	2.0	0.0	0.027493332787514993	5.0
1.0	3.0	0.0	0.04215810319689158	4.774193548387097
1.0	2.0	0.0	0.026065959266378946	5.387096774193548
1.0	1.0	0.0	0.016821310508031456	5.870967741935484
1.0	3.0	0.0	0.03883444585995435	5.967741935483871
1.0	3.0	0.0	0.038787567396413834	5.516129032258065
1.0	3.0	0.0	0.04553599224119538	5.225806451612903
1.0	2.0	0.0	0.027428854792622685	6.806451612903226
1.0	2.0	0.0	0.02741315530805593	6.354838709677419
1.0	2.0	0.0	0.031718407815331084	6.0
1.0	2.0	0.0	0.028119867505853727	7.645161290322581
1.0	2.0	0.0	0.028114408728940023	7.193548387096774
1.0	2.0	0.0	0.03507499177783431	7.741935483870968
1.0	1.0	0.0	0.01890823624259328	8.709677419354838
