Constant_feature	Degree	Clustering_coefficient	Pagerank	Aver_path_len
1.0	1.0	0.0	0.014124531733783934	8.277777777777779
1.0	1.0	0.0	0.013059839970740995	5.444444444444445
1.0	1.0	0.0	0.013051601317282151	5.166666666666667
1.0	3.0	0.0	0.03288590556271595	3.888888888888889
1.0	3.0	0.0	0.0328794942425667	3.8055555555555554
1.0	2.0	0.0	0.022846647711483918	4.944444444444445
1.0	2.0	0.0	0.022847442643460652	4.555555555555555
1.0	3.0	0.0	0.03320881987844067	4.305555555555555
1.0	3.0	0.0	0.03320630799952618	4.138888888888889
1.0	3.0	0.0	0.03452467457955462	4.472222222222222
1.0	3.0	0.0	0.03400520084174713	5.111111111111111
1.0	3.0	0.0	0.034495381838017494	4.194444444444445
1.0	3.0	0.0	0.03393948204342277	5.527777777777778
1.0	3.0	0.0	0.033944096962806654	4.472222222222222
1.0	3.0	0.0	0.03452865140848471	5.0
1.0	3.0	0.0	0.03452799423541353	4.833333333333333
1.0	2.0	0.0	0.02392023538675287	5.972222222222222
1.0	2.0	0.0	0.023896376960245838	6.388888888888889
1.0	2.0	0.0	0.023578468994371715	5.055555555555555
1.0	2.0	0.0	0.02429340333075888	5.861111111111111
1.0	2.0	0.0	0.02429340333075888	5.861111111111111
1.0	2.0	0.0	0.02429263224947961	5.694444444444445
1.0	2.0	0.0	0.02429263224947961	5.694444444444445
1.0	2.0	0.0	0.02447862904847695	6.833333333333333
1.0	2.0	0.0	0.024472058000577022	7.25
1.0	3.0	0.0	0.0356459868342682	5.694444444444445
1.0	2.0	0.0	0.024959030339728263	6.555555555555555
1.0	2.0	0.0	0.024959030339728263	6.555555555555555
1.0	2.0	0.0	0.024959114070926304	6.722222222222222
1.0	2.0	0.0	0.024959114070926304	6.722222222222222
1.0	2.0	0.0	0.025165787626990434	7.416666666666667
1.0	2.0	0.0	0.02516640697707964	7.583333333333333
1.0	2.0	0.0	0.024817447096880815	6.5
1.0	2.0	0.0	0.02480558611886482	6.555555555555555
1.0	3.0	0.0	0.03807629659158901	7.305555555555555
1.0	2.0	0.0	0.025357787625819455	7.361111111111111
1.0	2.0	0.0	0.025534499786849164	8.166666666666666
