Constant_feature	Degree	Clustering_coefficient	Pagerank	Aver_path_len
1.0	2.0	0.0	0.022542681910532034	5.184210526315789
1.0	2.0	0.0	0.02595110083719243	7.052631578947368
1.0	2.0	0.0	0.02595110083719243	7.052631578947368
1.0	2.0	0.0	0.02604801864480668	7.7105263157894735
1.0	2.0	0.0	0.026049646333477346	7.526315789473684
1.0	2.0	0.0	0.026049646333477346	7.526315789473684
1.0	2.0	0.0	0.02612517988380021	8.18421052631579
1.0	1.0	0.0	0.012928233910359998	6.2368421052631575
1.0	1.0	0.0	0.013965546287084137	7.131578947368421
1.0	3.0	0.0	0.03398496821668063	5.2631578947368425
1.0	3.0	0.0	0.03205581791659832	4.447368421052632
1.0	3.0	0.0	0.03204977457611866	4.473684210526316
1.0	2.0	0.0	0.022932119346308476	5.447368421052632
1.0	2.0	0.0	0.022607740424393244	5.473684210526316
1.0	3.0	0.0	0.03241095039342526	4.657894736842105
1.0	3.0	0.0	0.03227599036436753	4.526315789473684
1.0	1.0	0.0	0.012759091356708776	6.2368421052631575
1.0	3.0	0.0	0.03401195619305908	5.2368421052631575
1.0	2.0	0.0	0.022354868923872916	5.0
1.0	3.0	0.0	0.03454889744877114	5.2631578947368425
1.0	3.0	0.0	0.03296671569768597	4.921052631578948
1.0	3.0	0.0	0.03355614811202476	5.394736842105263
1.0	2.0	0.0	0.023023678556060058	5.578947368421052
1.0	2.0	0.0	0.023023678556060058	5.578947368421052
1.0	2.0	0.0	0.025337778299345505	6.157894736842105
1.0	3.0	0.0	0.03522861122465816	6.131578947368421
1.0	3.0	0.0	0.03522861122465816	6.131578947368421
1.0	2.0	0.0	0.02325889974216928	6.052631578947368
1.0	2.0	0.0	0.02325889974216928	6.052631578947368
1.0	3.0	0.0	0.03542430475911299	6.7894736842105265
1.0	3.0	0.0	0.03542535711533677	6.605263157894737
1.0	3.0	0.0	0.03542535711533677	6.605263157894737
1.0	3.0	0.0	0.03557600447696062	7.2631578947368425
1.0	1.0	0.0	0.01424162493113327	8.026315789473685
1.0	1.0	0.0	0.01424162493113327	8.026315789473685
1.0	1.0	0.0	0.014286180690611253	8.68421052631579
1.0	1.0	0.0	0.014286330892228045	8.5
1.0	1.0	0.0	0.014286330892228045	8.5
1.0	1.0	0.0	0.014320532902860755	9.157894736842104
