Constant_feature	Degree	Clustering_coefficient	Pagerank	Aver_path_len
1.0	1.0	0.0	0.014971746344856224	5.777777777777778
1.0	4.0	0.0	0.06795372621732788	1.2
1.0	2.0	0.0	0.0272110000246859	5.037037037037037
1.0	2.0	0.0	0.027614707186897052	6.666666666666667
1.0	1.0	0.0	0.018231760651814404	2.0
1.0	1.0	0.0	0.018231760651814404	2.0
1.0	1.0	0.0	0.018231760651814404	2.0
1.0	3.0	0.0	0.03896671264494278	5.2592592592592595
1.0	2.0	0.0	0.027756471559762498	6.592592592592593
1.0	2.0	0.0	0.027726578927869755	6.666666666666667
1.0	1.0	0.0	0.015169411355064461	6.888888888888889
1.0	1.0	0.0	0.015498344043393529	8.222222222222221
1.0	4.0	0.0	0.05447846202929904	5.851851851851852
1.0	1.0	0.0	0.015199303986957204	6.814814814814815
1.0	1.0	0.0	0.015199303986957204	6.814814814814815
1.0	3.0	0.0	0.03846250627031721	4.962962962962963
1.0	3.0	0.0	0.04075921218253517	5.925925925925926
1.0	3.0	0.0	0.041855614925527904	7.2592592592592595
1.0	2.0	0.0	0.02651092011836557	4.888888888888889
1.0	2.0	0.0	0.02645036623825742	4.962962962962963
1.0	3.0	0.0	0.04010062390406306	4.814814814814815
1.0	2.0	0.0	0.026599186498956352	4.888888888888889
1.0	3.0	0.0	0.039187028329973575	4.814814814814815
1.0	2.0	0.0	0.027809661433942395	5.333333333333333
1.0	2.0	0.0	0.02805108739083127	5.703703703703703
1.0	2.0	0.0	0.027991166708420202	6.148148148148148
1.0	3.0	0.0	0.04025938580809912	7.2592592592592595
1.0	2.0	0.0	0.027656914122761597	8.074074074074074
1.0	2.0	0.0	0.027656914122761597	8.074074074074074
1.0	2.0	0.0	0.028084760293653484	8.88888888888889
1.0	2.0	0.0	0.028084760293653484	8.88888888888889
1.0	2.0	0.0	0.028217261031900732	9.703703703703704
1.0	2.0	0.0	0.03509062025811187	1.6
1.0	1.0	0.0	0.018730959804411182	2.4
