Constant_feature	Degree	Clustering_coefficient	Pagerank	Aver_path_len
1.0	1.0	0.0	0.035130621171124435	4.642857142857143
1.0	2.0	0.0	0.061157888923613846	2.9285714285714284
1.0	2.0	0.0	0.06217382522557405	3.357142857142857
1.0	2.0	0.0	0.0635945756755822	4.214285714285714
1.0	1.0	0.0	0.035130621171124435	4.642857142857143
1.0	3.0	0.0	0.08935985411910936	3.5
1.0	2.0	0.0	0.061384215726079966	4.142857142857143
1.0	2.0	0.0	0.061384215726079966	4.142857142857143
1.0	3.0	0.0	0.09302987458974676	4.785714285714286
1.0	2.0	0.0	0.06099638943444003	3.142857142857143
1.0	1.0	0.0	0.03457593483271908	5.714285714285714
1.0	3.0	0.0	0.09014543576340553	2.857142857142857
1.0	2.0	0.0	0.06217382522557405	3.357142857142857
1.0	3.0	0.0	0.09488136120791313	3.7142857142857144
1.0	3.0	0.0	0.09488136120791313	3.7142857142857144
