Constant_feature	Degree	Clustering_coefficient	Pagerank	Aver_path_len
1.0	1.0	0.0	0.02632741576479597	4.526315789473684
1.0	1.0	0.0	0.02632741576479597	4.526315789473684
1.0	1.0	0.0	0.026527043173450587	6.947368421052632
1.0	2.0	0.0	0.04682077067005425	3.789473684210526
1.0	3.0	0.0	0.0717585634805658	6.0
1.0	2.0	0.0	0.04682077067005425	3.789473684210526
1.0	3.0	0.0	0.06830985976713247	4.105263157894737
1.0	3.0	0.0	0.06830985976713248	4.105263157894737
1.0	3.0	0.0	0.07109110476127994	3.5789473684210527
1.0	2.0	0.0	0.04693519861369553	4.7368421052631575
1.0	2.0	0.0	0.04693519861369553	4.7368421052631575
1.0	3.0	0.0	0.07175856348056582	6.0
1.0	3.0	0.0	0.07109110476127994	3.5789473684210527
1.0	2.0	0.0	0.046935198613695536	4.7368421052631575
1.0	2.0	0.0	0.046935198613695536	4.7368421052631575
1.0	2.0	0.0	0.04764742257766487	5.368421052631579
1.0	2.0	0.0	0.04764742257766487	5.368421052631579
1.0	2.0	0.0	0.047647422577664876	5.368421052631579
1.0	2.0	0.0	0.047647422577664876	5.368421052631579
1.0	1.0	0.0	0.02652704317345058	6.947368421052632
