Constant_feature	Degree	Clustering_coefficient	Pagerank	Aver_path_len
1.0	2.0	0.0	0.06341239484226315	3.8181818181818183
1.0	4.0	0.0	0.11425283237899166	2.1818181818181817
1.0	2.0	0.0	0.06094402609199876	2.909090909090909
1.0	2.0	0.0	0.06094402609199876	2.909090909090909
1.0	1.0	0.0	0.03126185239297731	3.090909090909091
1.0	1.0	0.0	0.03472222222352154	2.2
1.0	1.0	0.0	0.03472222222352154	2.2
1.0	1.0	0.0	0.03472222222352154	2.2
1.0	1.0	0.0	0.03472222222352154	2.2
1.0	1.0	0.0	0.031265410544700785	3.090909090909091
1.0	3.0	0.0	0.08569951659927047	2.1818181818181817
1.0	2.0	0.0	0.05844045399178525	2.5454545454545454
1.0	2.0	0.0	0.06039135344593932	3.090909090909091
1.0	1.0	0.0	0.03298112078779626	3.8181818181818183
1.0	1.0	0.0	0.03298112078779626	3.8181818181818183
1.0	1.0	0.0	0.03409255871114869	4.7272727272727275
1.0	3.0	0.0	0.09722222221962358	1.4
1.0	3.0	0.0	0.09722222221962357	1.4
