Constant_feature	Degree	Clustering_coefficient	Pagerank	Aver_path_len
1.0	1.0	0.0	0.023617501537781072	4.954545454545454
1.0	1.0	0.0	0.023617501537781072	4.954545454545454
1.0	1.0	0.0	0.022127947006404396	5.318181818181818
1.0	1.0	0.0	0.02209961685653896	5.090909090909091
1.0	1.0	0.0	0.021848153519291782	4.2727272727272725
1.0	2.0	0.0	0.03810386790891396	3.227272727272727
1.0	3.0	0.0	0.05635619608609812	3.6818181818181817
1.0	3.0	0.0	0.05791018017256326	3.227272727272727
1.0	3.0	0.0	0.056368723982619426	3.0
1.0	3.0	0.0	0.056153998511770095	3.4545454545454546
1.0	2.0	0.0	0.038628521763451454	3.4545454545454546
1.0	3.0	0.0	0.05833319657017195	3.3181818181818183
1.0	3.0	0.0	0.05926839474209408	4.363636363636363
1.0	3.0	0.0	0.06423355267863116	4.0
1.0	3.0	0.0	0.059171314128724194	4.136363636363637
1.0	3.0	0.0	0.05804173777133537	3.8181818181818183
1.0	2.0	0.0	0.04021637088520627	5.045454545454546
1.0	2.0	0.0	0.04019738187665357	4.818181818181818
1.0	2.0	0.0	0.04021431122664855	4.590909090909091
1.0	2.0	0.0	0.04021431122664855	4.590909090909091
1.0	2.0	0.0	0.04101037647718836	5.363636363636363
1.0	2.0	0.0	0.04101037647718836	5.363636363636363
1.0	2.0	0.0	0.04125646705629585	6.136363636363637
