Constant_feature	Degree	Clustering_coefficient	Pagerank	Aver_path_len
1.0	1.0	0.0	0.013578493969111942	5.714285714285714
1.0	1.0	0.0	0.013578493969111942	5.714285714285714
1.0	1.0	0.0	0.013947030359299744	5.942857142857143
1.0	1.0	0.0	0.013947030359299744	5.942857142857143
1.0	1.0	0.0	0.013919104113257991	6.057142857142857
1.0	1.0	0.0	0.013919104113257991	6.057142857142857
1.0	3.0	0.0	0.033320183972499855	3.3142857142857145
1.0	3.0	0.0	0.033320183972499855	3.3142857142857145
1.0	3.0	0.0	0.03427674814515404	3.7714285714285714
1.0	3.0	0.0	0.03427674814515404	3.7714285714285714
1.0	3.0	0.0	0.03421265984539226	3.8285714285714287
1.0	3.0	0.0	0.03421265984539226	3.8285714285714287
1.0	3.0	0.0	0.0350304473657487	4.228571428571429
1.0	3.0	0.0	0.0350304473657487	4.228571428571429
1.0	3.0	0.0	0.034983310076608945	4.285714285714286
1.0	3.0	0.0	0.034983310076608945	4.285714285714286
1.0	3.0	0.0	0.03600375733368647	4.742857142857143
1.0	3.0	0.0	0.03600375733368647	4.742857142857143
1.0	2.0	0.0	0.024428511321898747	4.571428571428571
1.0	2.0	0.0	0.024428511321898747	4.571428571428571
1.0	2.0	0.0	0.024317618145261576	4.685714285714286
1.0	2.0	0.0	0.024317618145261576	4.685714285714286
1.0	3.0	0.0	0.03723232407951614	4.9714285714285715
1.0	3.0	0.0	0.03723232407951614	4.9714285714285715
1.0	3.0	0.0	0.037139146304492415	5.085714285714285
1.0	3.0	0.0	0.037139146304492415	5.085714285714285
1.0	3.0	0.0	0.037894903274336506	5.314285714285714
1.0	3.0	0.0	0.037894903274336506	5.314285714285714
1.0	2.0	0.0	0.02531506308830592	5.771428571428571
1.0	2.0	0.0	0.02531506308830592	5.771428571428571
1.0	2.0	0.0	0.025059433389919505	5.485714285714286
1.0	2.0	0.0	0.025059433389919505	5.485714285714286
1.0	2.0	0.0	0.025195454708725005	5.942857142857143
1.0	2.0	0.0	0.025195454708725005	5.942857142857143
1.0	1.0	0.0	0.014145810506783953	6.285714285714286
1.0	1.0	0.0	0.014145810506783953	6.285714285714286
