Constant_feature	Degree	Clustering_coefficient	Pagerank	Aver_path_len
1.0	2.0	0.0	0.016535389031630092	8.117647058823529
1.0	2.0	0.0	0.0162291016118811	6.901960784313726
1.0	2.0	0.0	0.01675860853895178	6.2745098039215685
1.0	2.0	0.0	0.0175453521563576	7.529411764705882
1.0	1.0	0.0	0.009617950495236515	8.980392156862745
1.0	1.0	0.0	0.009620742756111186	9.137254901960784
1.0	2.0	0.0	0.01960272950103417	8.980392156862745
1.0	2.0	0.0	0.019356786563170993	8.313725490196079
1.0	2.0	0.0	0.019675505794075843	9.764705882352942
1.0	1.0	0.0	0.009728849515655945	7.686274509803922
1.0	1.0	0.0	0.00927180715889301	6.509803921568627
1.0	1.0	0.0	0.009405011999047468	7.294117647058823
1.0	1.0	0.0	0.009212540512092256	6.666666666666667
1.0	1.0	0.0	0.00927671795891034	6.627450980392157
1.0	3.0	0.0	0.028593448067548148	9.607843137254902
1.0	4.0	0.0	0.03245530522117227	7.294117647058823
1.0	3.0	0.0	0.025650612390004813	8.0
1.0	3.0	0.0	0.025893347111217938	8.705882352941176
1.0	3.0	0.0	0.02565991848282672	8.156862745098039
1.0	3.0	0.0	0.024364126663752466	7.450980392156863
1.0	3.0	0.0	0.02364710815375182	6.745098039215686
1.0	4.0	0.0	0.035601270178953634	8.03921568627451
1.0	3.0	0.0	0.02620979047325099	7.372549019607843
1.0	3.0	0.0	0.024230509850558038	5.8431372549019605
1.0	3.0	0.0	0.026841895680542533	8.823529411764707
1.0	3.0	0.0	0.02332047231122942	6.235294117647059
1.0	3.0	0.0	0.025224141784290728	6.745098039215686
1.0	4.0	0.0	0.034694142453454875	6.705882352941177
1.0	1.0	0.0	0.00922583623595619	8.27450980392157
1.0	2.0	0.0	0.016997587062179822	6.666666666666667
1.0	3.0	0.0	0.026853135758105863	8.196078431372548
1.0	3.0	0.0	0.023719667978529035	5.607843137254902
1.0	2.0	0.0	0.016907972788768093	6.470588235294118
1.0	3.0	0.0	0.023931730222821333	5.647058823529412
1.0	3.0	0.0	0.023337200154819118	5.8431372549019605
1.0	2.0	0.0	0.016498818931138547	6.705882352941177
1.0	3.0	0.0	0.023759467921943576	5.803921568627451
1.0	1.0	0.0	0.009932900920092164	9.019607843137255
1.0	3.0	0.0	0.023608570374158186	5.529411764705882
1.0	3.0	0.0	0.023707647733750965	5.490196078431373
1.0	3.0	0.0	0.02449705582461567	5.529411764705882
1.0	2.0	0.0	0.01618439973521361	5.607843137254902
1.0	3.0	0.0	0.024297019873374223	5.686274509803922
1.0	3.0	0.0	0.0249409137675225	6.313725490196078
1.0	1.0	0.0	0.009728849515655945	7.686274509803922
1.0	3.0	0.0	0.02451333680684792	5.647058823529412
1.0	1.0	0.0	0.010500807706024082	10.588235294117647
1.0	1.0	0.0	0.010500807706024082	10.588235294117647
1.0	1.0	0.0	0.009978558087006616	9.176470588235293
1.0	1.0	0.0	0.010744769553367308	9.96078431372549
1.0	1.0	0.0	0.010633172406884767	9.294117647058824
1.0	1.0	0.0	0.0107765905195976	10.745098039215685
