Constant_feature	Degree	Clustering_coefficient	Pagerank	Aver_path_len
1.0	1.0	0.0	0.019477969492457878	7.615384615384615
1.0	2.0	0.0	0.032627569569641315	4.5
1.0	1.0	0.0	0.01890672479953712	5.961538461538462
1.0	1.0	0.0	0.01842524970909267	4.923076923076923
1.0	3.0	0.0	0.04682197429707294	3.6153846153846154
1.0	2.0	0.0	0.03229945104613397	4.038461538461538
1.0	2.0	0.0	0.03250216587620891	4.230769230769231
1.0	1.0	0.0	0.018640123561337103	5.384615384615385
1.0	3.0	0.0	0.04662602549668431	3.769230769230769
1.0	3.0	0.0	0.04610212021227227	3.576923076923077
1.0	3.0	0.0	0.04620767843786254	3.5
1.0	3.0	0.0	0.04849671933239587	4.0
1.0	3.0	0.0	0.04802737101282321	4.269230769230769
1.0	1.0	0.0	0.018252631889096257	4.961538461538462
1.0	3.0	0.0	0.049789201843423864	4.423076923076923
1.0	3.0	0.0	0.050678481276991726	5.0
1.0	2.0	0.0	0.03363047391089351	5.076923076923077
1.0	3.0	0.0	0.0490729523506431	3.9615384615384617
1.0	3.0	0.0	0.04912975036075252	4.461538461538462
1.0	2.0	0.0	0.034553261280145055	5.8076923076923075
1.0	2.0	0.0	0.03448344038929352	5.884615384615385
1.0	2.0	0.0	0.03477130142394347	6.615384615384615
1.0	2.0	0.0	0.03411716336823267	5.1923076923076925
1.0	2.0	0.0	0.03411716336823267	5.1923076923076925
1.0	2.0	0.0	0.0348302198182878	5.923076923076923
1.0	2.0	0.0	0.0348302198182878	5.923076923076923
1.0	3.0	0.0	0.052582596058255715	6.653846153846154
