Constant_feature	Degree	Clustering_coefficient	Pagerank	Aver_path_len
1.0	2.0	0.0	0.023314845785066218	4.162162162162162
1.0	2.0	0.0	0.025473614799121136	5.5675675675675675
1.0	2.0	0.0	0.02276730389517044	6.837837837837838
1.0	2.0	0.0	0.022789591524814416	7.45945945945946
1.0	1.0	0.0	0.013523027826004176	5.351351351351352
1.0	1.0	0.0	0.01364345387317164	5.675675675675675
1.0	1.0	0.0	0.015074801122132168	7.945945945945946
1.0	2.0	0.0	0.0288415178207958	7.1891891891891895
1.0	1.0	0.0	0.014792190311354791	7.243243243243243
1.0	3.0	0.0	0.03216908052110349	5.297297297297297
1.0	4.0	0.0	0.04162367646101041	4.621621621621622
1.0	3.0	0.0	0.031198622510157568	4.081081081081081
1.0	2.0	0.0	0.022250243153138186	5.513513513513513
1.0	3.0	0.0	0.032640169821713805	4.0
1.0	2.0	0.0	0.022535641095114682	6.1891891891891895
1.0	2.0	0.0	0.022785234804511386	6.351351351351352
1.0	2.0	0.0	0.022153684281926732	4.972972972972973
1.0	3.0	0.0	0.03136658268099393	4.54054054054054
1.0	2.0	0.0	0.022291391402388047	5.837837837837838
1.0	3.0	0.0	0.033855446401631746	4.648648648648648
1.0	2.0	0.0	0.022242512584609967	5.837837837837838
1.0	3.0	0.0	0.03193250469473043	5.162162162162162
1.0	2.0	0.0	0.021767736447561605	5.243243243243243
1.0	2.0	0.0	0.021959908074861135	5.864864864864865
1.0	3.0	0.0	0.032420941035717174	5.945945945945946
1.0	3.0	0.0	0.03249505103938903	6.5675675675675675
1.0	3.0	0.0	0.0363069361986633	4.378378378378378
1.0	4.0	0.0	0.0489380125173621	4.702702702702703
1.0	1.0	0.0	0.014094546825114667	6.54054054054054
1.0	2.0	0.0	0.025614782158216085	5.405405405405405
1.0	2.0	0.0	0.023132179591267548	7.621621621621622
1.0	2.0	0.0	0.02580406523715801	5.45945945945946
1.0	2.0	0.0	0.02660048800617006	6.162162162162162
1.0	4.0	0.0	0.055308571985979396	6.972972972972973
1.0	3.0	0.0	0.040532599609194	6.27027027027027
1.0	1.0	0.0	0.015074801122132168	7.945945945945946
1.0	1.0	0.0	0.015074801122132168	7.945945945945946
1.0	1.0	0.0	0.015609441658420011	8.162162162162161
