Constant_feature	Degree	Clustering_coefficient	Pagerank	Aver_path_len
1.0	2.0	0.0	0.034744831390459946	4.37037037037037
1.0	1.0	0.0	0.01778770870893586	4.518518518518518
1.0	2.0	0.0	0.03620399407201321	4.62962962962963
1.0	1.0	0.0	0.018750228391417934	4.777777777777778
1.0	1.0	0.0	0.0177597035127307	5.2592592592592595
1.0	2.0	0.0	0.03133541403527394	5.407407407407407
1.0	2.0	0.0	0.03140991431490316	6.111111111111111
1.0	2.0	0.0	0.03151325925337539	4.7407407407407405
1.0	2.0	0.0	0.03194050214365036	4.925925925925926
1.0	3.0	0.0	0.046190867235565564	3.1481481481481484
1.0	3.0	0.0	0.044079782828929416	3.0
1.0	4.0	0.0	0.06318074804916252	3.5555555555555554
1.0	2.0	0.0	0.03135630746287792	4.074074074074074
1.0	3.0	0.0	0.0445526609733131	3.5185185185185186
1.0	3.0	0.0	0.04522757943820743	3.925925925925926
1.0	3.0	0.0	0.04428847218293561	3.3703703703703702
1.0	3.0	0.0	0.05059346046820897	3.814814814814815
1.0	3.0	0.0	0.04729372375983317	4.296296296296297
1.0	2.0	0.0	0.03030856000870254	3.962962962962963
1.0	2.0	0.0	0.030785103564091393	4.074074074074074
1.0	2.0	0.0	0.03768087522725247	5.2592592592592595
1.0	3.0	0.0	0.044836978730711505	4.555555555555555
1.0	2.0	0.0	0.030950425623227817	4.666666666666667
1.0	3.0	0.0	0.045084186619483796	5.2592592592592595
1.0	1.0	0.0	0.020528551252952654	6.222222222222222
1.0	2.0	0.0	0.03878413399699011	5.518518518518518
1.0	2.0	0.0	0.031806832502769264	6.185185185185185
1.0	1.0	0.0	0.021025194252023847	6.481481481481482
