Constant_feature	Degree	Clustering_coefficient	Pagerank	Aver_path_len
1.0	2.0	0.0	0.049065611303351644	3.176470588235294
1.0	2.0	0.0	0.05802550024823552	4.352941176470588
1.0	1.0	0.0	0.030293894078143233	4.588235294117647
1.0	2.0	0.0	0.052287148588838005	3.176470588235294
1.0	1.0	0.0	0.030288188227505036	4.647058823529412
1.0	3.0	0.0	0.07694544971562986	4.235294117647059
1.0	2.0	0.0	0.051187386571229086	4.411764705882353
1.0	2.0	0.0	0.05017920407798801	3.6470588235294117
1.0	2.0	0.0	0.05010654785226098	3.823529411764706
1.0	3.0	0.0	0.07179888073558743	3.0588235294117645
1.0	3.0	0.0	0.07172276165471311	3.235294117647059
1.0	1.0	0.0	0.02863935865181046	5.176470588235294
1.0	3.0	0.0	0.07382128816437734	2.8823529411764706
1.0	3.0	0.0	0.07330951016913212	2.823529411764706
1.0	2.0	0.0	0.05496063008618315	3.7058823529411766
1.0	3.0	0.0	0.08245815953281359	3.6470588235294117
1.0	2.0	0.0	0.061623318616553194	5.176470588235294
1.0	1.0	0.0	0.03328716172564785	6.117647058823529
