Constant_feature	Degree	Clustering_coefficient	Pagerank	Aver_path_len
1.0	0.0	0.0	0.0	0.0
1.0	1.0	0.0	0.015312109383178295	5.258064516129032
1.0	1.0	0.0	0.015392883040500514	5.516129032258065
1.0	1.0	0.0	0.01511420331872151	5.387096774193548
1.0	3.0	0.0	0.0382349615266657	3.903225806451613
1.0	3.0	0.0	0.040824969126738095	4.612903225806452
1.0	2.0	0.0	0.028545193345623797	4.870967741935484
1.0	3.0	0.0	0.049590693738750594	6.935483870967742
1.0	3.0	0.0	0.050686668149818974	7.838709677419355
1.0	3.0	0.0	0.037772495428918425	3.838709677419355
1.0	3.0	0.0	0.03836220992964466	3.903225806451613
1.0	3.0	0.0	0.03889010731227667	4.161290322580645
1.0	3.0	0.0	0.03864001844770269	4.419354838709677
1.0	3.0	0.0	0.03972339129468215	4.290322580645161
1.0	3.0	0.0	0.040625395094345526	4.290322580645161
1.0	3.0	0.0	0.03909236874275816	4.483870967741935
1.0	3.0	0.0	0.04089459973408941	4.548387096774194
1.0	3.0	0.0	0.039965416448294044	4.419354838709677
1.0	2.0	0.0	0.029434594869507377	5.32258064516129
1.0	2.0	0.0	0.027036267467253065	4.548387096774194
1.0	2.0	0.0	0.027207611665097782	4.612903225806452
1.0	2.0	0.0	0.031246513842937033	6.096774193548387
1.0	2.0	0.0	0.03000800870309047	5.516129032258065
1.0	2.0	0.0	0.0273676420088037	5.258064516129032
1.0	2.0	0.0	0.031194312144916077	6.225806451612903
1.0	2.0	0.0	0.027526841157418533	5.32258064516129
1.0	2.0	0.0	0.03236835408730576	7.0
1.0	2.0	0.0	0.02811458657794252	6.096774193548387
1.0	2.0	0.0	0.02816272236346706	6.161290322580645
1.0	1.0	0.0	0.018001537139877746	7.903225806451613
1.0	1.0	0.0	0.018001537139877746	7.903225806451613
1.0	1.0	0.0	0.018330893384897837	8.806451612903226
1.0	1.0	0.0	0.018330893384897837	8.806451612903226
