Constant_feature	Degree	Clustering_coefficient	Pagerank	Aver_path_len
1.0	2.0	0.0	0.027655405229702383	8.0
1.0	2.0	1.0	0.02529221903814182	5.848484848484849
1.0	2.0	0.0	0.027091124972649525	4.696969696969697
1.0	1.0	0.0	0.015754441818001844	7.090909090909091
1.0	1.0	0.0	0.01572305346615743	5.96969696969697
1.0	1.0	0.0	0.015772665647107362	6.424242424242424
1.0	1.0	0.0	0.01547286220402581	5.7272727272727275
1.0	2.0	0.0	0.02725704239522707	7.151515151515151
1.0	3.0	0.3333333333333333	0.03739974270989682	5.515151515151516
1.0	3.0	0.3333333333333333	0.03710349675796988	5.242424242424242
1.0	2.0	0.0	0.026547811285311494	5.696969696969697
1.0	2.0	0.0	0.025690402822920965	4.9393939393939394
1.0	2.0	0.0	0.027524500243999946	5.818181818181818
1.0	3.0	0.0	0.04251859750356543	6.0
1.0	2.0	0.0	0.02808412821576397	5.9393939393939394
1.0	3.0	0.0	0.04271378405048887	6.121212121212121
1.0	3.0	0.0	0.038728086351667426	4.575757575757576
1.0	3.0	0.0	0.04278479770127784	5.757575757575758
1.0	4.0	0.0	0.05688829610390787	5.181818181818182
1.0	3.0	0.0	0.04277432719906235	5.454545454545454
1.0	3.0	0.0	0.042608258968188956	5.0
1.0	1.0	0.0	0.01569757238488528	6.96969696969697
1.0	3.0	0.0	0.040115827714122206	5.0606060606060606
1.0	1.0	0.0	0.01577749452555783	6.7272727272727275
1.0	2.0	0.0	0.028254739199595005	4.878787878787879
1.0	1.0	0.0	0.015741776158726916	6.151515151515151
1.0	1.0	0.0	0.015741776158726916	6.151515151515151
1.0	3.0	0.0	0.041773500032163485	4.757575757575758
1.0	1.0	0.0	0.014976029437078365	6.03030303030303
1.0	2.0	0.0	0.026840326859273858	5.666666666666667
1.0	3.0	0.0	0.03954755247485843	6.333333333333333
1.0	2.0	0.0	0.02725040635304086	7.181818181818182
1.0	3.0	0.0	0.041505209043904034	7.96969696969697
1.0	1.0	0.0	0.015392744973031575	8.93939393939394
