Constant_feature	Degree	Clustering_coefficient	Pagerank	Aver_path_len
1.0	0.0	0.0	0.0	0.0
1.0	2.0	0.0	0.05284126875852728	4.5
1.0	2.0	0.0	0.04596420264415088	3.2777777777777777
1.0	2.0	0.0	0.050738596570026974	3.7222222222222223
1.0	2.0	0.0	0.04652243068260055	3.1666666666666665
1.0	2.0	0.0	0.047758731209972136	3.8333333333333335
1.0	3.0	0.0	0.0688125609922484	3.0
1.0	3.0	0.0	0.06678114153478815	2.8333333333333335
1.0	3.0	0.0	0.06606119551437624	2.6666666666666665
1.0	3.0	0.0	0.06609932695289975	2.9444444444444446
1.0	3.0	0.0	0.06685492393214651	3.111111111111111
1.0	2.0	0.0	0.04657807861893959	3.6666666666666665
1.0	2.0	0.0	0.046788132148628106	3.3333333333333335
1.0	2.0	0.0	0.04684283421833882	3.8333333333333335
1.0	2.0	0.0	0.055179710987179775	4.555555555555555
1.0	2.0	0.0	0.047746492291447507	4.388888888888889
1.0	2.0	0.0	0.04782755561317672	4.555555555555555
1.0	3.0	0.0	0.07146705754092517	3.6666666666666665
1.0	1.0	0.0	0.030094428541981487	5.5
1.0	1.0	0.0	0.029041331247645723	5.444444444444445
