Constant_feature	Degree	Clustering_coefficient	Pagerank	Aver_path_len
1.0	1.0	0.0	0.020359430444244576	4.3478260869565215
1.0	1.0	0.0	0.02044483881163504	4.608695652173913
1.0	3.0	0.0	0.05271824225743005	3.130434782608696
1.0	3.0	0.0	0.05511372193076623	3.652173913043478
1.0	3.0	0.0	0.051943919058986536	3.0434782608695654
1.0	3.0	0.0	0.05256210324052641	3.3043478260869565
1.0	3.0	0.0	0.0551600038296812	3.5652173913043477
1.0	2.0	0.0	0.03649224124278779	3.5652173913043477
1.0	3.0	0.0	0.053975539268024855	3.391304347826087
1.0	3.0	0.0	0.05426060382369856	3.652173913043478
1.0	3.0	0.0	0.05300842524897395	3.739130434782609
1.0	3.0	0.0	0.0530830883206787	4.0
1.0	1.0	0.0	0.020714398085448893	4.521739130434782
1.0	1.0	0.0	0.020700920854856177	4.608695652173913
1.0	3.0	0.0	0.055029237075588905	4.086956521739131
1.0	2.0	0.0	0.03716451248715143	4.521739130434782
1.0	2.0	0.0	0.0371906222211372	4.782608695652174
1.0	2.0	0.0	0.03827094021621779	4.869565217391305
1.0	2.0	0.0	0.03827094021621779	4.869565217391305
1.0	2.0	0.0	0.037989734571453715	5.304347826086956
1.0	2.0	0.0	0.03799780322088188	5.565217391304348
1.0	2.0	0.0	0.03909648464213414	5.6521739130434785
1.0	2.0	0.0	0.03909648464213414	5.6521739130434785
1.0	2.0	0.0	0.039355764289343786	6.434782608695652
