Constant_feature	Degree	Clustering_coefficient	Pagerank	Aver_path_len
1.0	1.0	0.0	0.037057296007872075	2.857142857142857
1.0	1.0	0.0	0.037057296007872075	2.857142857142857
1.0	1.0	0.0	0.038531129951681266	3.4285714285714284
1.0	1.0	0.0	0.038531129951681266	3.4285714285714284
1.0	2.0	0.0	0.0697929121639616	2.2857142857142856
1.0	2.0	0.0	0.0697929121639616	2.2857142857142856
1.0	1.0	0.0	0.03898393302568251	3.7142857142857144
1.0	1.0	0.0	0.03898393302568251	3.7142857142857144
1.0	2.0	0.0	0.06846449848846364	2.0
1.0	2.0	0.0	0.06846449848846364	2.0
1.0	3.0	0.0	0.10269202485867467	2.0
1.0	3.0	0.0	0.10269202485867467	2.0
1.0	2.0	0.0	0.07173473173750075	2.5714285714285716
1.0	2.0	0.0	0.07173473173750075	2.5714285714285716
1.0	2.0	0.0	0.07274347376616355	2.857142857142857
1.0	2.0	0.0	0.07274347376616355	2.857142857142857
