Constant_feature	Degree	Clustering_coefficient	Pagerank	Aver_path_len
1.0	2.0	0.0	0.033527406216822944	6.413793103448276
1.0	2.0	0.0	0.03348701079349036	5.862068965517241
1.0	2.0	0.0	0.03389997426280495	5.586206896551724
1.0	1.0	0.0	0.017572591835910895	5.724137931034483
1.0	2.0	0.0	0.033911617445138695	6.206896551724138
1.0	2.0	0.0	0.034043714174661996	6.896551724137931
1.0	3.0	0.0	0.04353462824040575	4.068965517241379
1.0	2.0	0.0	0.029438902338766827	4.896551724137931
1.0	2.0	0.0	0.029640375556129195	4.620689655172414
1.0	3.0	0.0	0.04255518368922612	4.413793103448276
1.0	3.0	0.0	0.04201172265122724	3.8620689655172415
1.0	3.0	0.0	0.042076746433046146	3.586206896551724
1.0	2.0	0.0	0.029715739780669	4.9655172413793105
1.0	2.0	0.0	0.02952791268388829	4.413793103448276
1.0	2.0	0.0	0.02906835074184108	3.8620689655172415
1.0	3.0	0.0	0.04538340027009237	5.517241379310345
1.0	3.0	0.0	0.04530630775843053	4.9655172413793105
1.0	3.0	0.0	0.04746271771635755	4.758620689655173
1.0	3.0	0.0	0.0437039517771384	4.206896551724138
1.0	2.0	0.0	0.030288951751205336	4.758620689655173
1.0	2.0	0.0	0.030357791633735073	4.896551724137931
1.0	3.0	0.0	0.04614554098228242	5.310344827586207
1.0	2.0	0.0	0.03091666721460322	5.448275862068965
1.0	2.0	0.0	0.036282055600328225	6.482758620689655
1.0	3.0	0.0	0.046410304327265714	6.0
1.0	1.0	0.0	0.018420253895491203	7.379310344827586
1.0	1.0	0.0	0.0184028995774643	6.827586206896552
1.0	1.0	0.0	0.01966071576022739	7.448275862068965
1.0	1.0	0.0	0.018593184053598725	7.172413793103448
1.0	1.0	0.0	0.018653380837750096	7.862068965517241
