Constant_feature	Degree	Clustering_coefficient	Pagerank	Aver_path_len
1.0	1.0	0.0	0.012471801057805126	8.181818181818182
1.0	1.0	0.0	0.012471801057805126	8.181818181818182
1.0	1.0	0.0	0.012471801057805126	8.181818181818182
1.0	1.0	0.0	0.012471801057805126	8.181818181818182
1.0	1.0	0.0	0.012471801057805126	8.181818181818182
1.0	1.0	0.0	0.012471801057805126	8.181818181818182
1.0	1.0	0.0	0.01246659680488598	8.136363636363637
1.0	1.0	0.0	0.01246659680488598	8.136363636363637
1.0	1.0	0.0	0.01246659680488598	8.136363636363637
1.0	1.0	0.0	0.01246659680488598	8.136363636363637
1.0	1.0	0.0	0.01246659680488598	8.136363636363637
1.0	1.0	0.0	0.01246659680488598	8.136363636363637
1.0	1.0	0.0	0.01246659680488598	8.136363636363637
1.0	1.0	0.0	0.01246659680488598	8.136363636363637
1.0	1.0	0.0	0.01246659680488598	8.136363636363637
1.0	1.0	0.0	0.01246659680488598	8.136363636363637
1.0	1.0	0.0	0.01246659680488598	8.136363636363637
1.0	1.0	0.0	0.01246659680488598	8.136363636363637
1.0	1.0	0.0	0.011879235662416537	7.340909090909091
1.0	1.0	0.0	0.011870080320689345	7.295454545454546
1.0	1.0	0.0	0.011870080320689345	7.295454545454546
1.0	1.0	0.0	0.011472665655583733	6.25
1.0	1.0	0.0	0.011709121652156648	6.7272727272727275
1.0	1.0	0.0	0.011709121652156648	6.7272727272727275
1.0	4.0	0.0	0.04292186871458443	6.363636363636363
1.0	2.0	0.0	0.02112967909577805	5.795454545454546
1.0	3.0	0.0	0.029220716403180913	4.840909090909091
1.0	3.0	0.0	0.029220716403180916	4.840909090909091
1.0	3.0	0.0	0.02926324913441985	4.840909090909091
1.0	2.0	0.0	0.02047577826171148	5.2727272727272725
1.0	2.0	0.0	0.02047577826171148	5.2727272727272725
1.0	3.0	0.0	0.03083622018476658	5.2727272727272725
1.0	2.0	0.0	0.019755535441331885	5.136363636363637
1.0	4.0	0.0	0.04288140031741895	6.318181818181818
1.0	4.0	0.0	0.04288140031741895	6.318181818181818
1.0	2.0	0.0	0.019768285320623448	5.136363636363637
1.0	2.0	0.0	0.019768285320623448	5.136363636363637
1.0	3.0	0.0	0.031621490592442056	5.75
1.0	3.0	0.0	0.031621490592442056	5.75
1.0	4.0	0.0	0.045551887020969906	7.204545454545454
1.0	4.0	0.0	0.045551887020969906	7.204545454545454
1.0	4.0	0.0	0.04552851458181771	7.159090909090909
1.0	4.0	0.0	0.04552851458181771	7.159090909090909
1.0	4.0	0.0	0.04552851458181771	7.159090909090909
1.0	4.0	0.0	0.04552851458181771	7.159090909090909
