Constant_feature	Degree	Clustering_coefficient	Pagerank	Aver_path_len
1.0	1.0	0.0	0.03711288799422182	4.571428571428571
1.0	1.0	0.0	0.03953505182741815	6.071428571428571
1.0	1.0	0.0	0.03953505182741815	6.071428571428571
1.0	2.0	0.0	0.06912576754826463	4.214285714285714
1.0	2.0	0.0	0.06830239090755794	3.857142857142857
1.0	2.0	0.0	0.07049751921011907	4.714285714285714
1.0	2.0	0.0	0.06784056967093785	3.642857142857143
1.0	2.0	0.0	0.07271868856730827	5.357142857142857
1.0	2.0	0.0	0.06764158797852944	3.5714285714285716
1.0	2.0	0.0	0.07628661460170308	6.142857142857143
1.0	3.0	0.0	0.10148587304416093	3.642857142857143
1.0	1.0	0.0	0.04099522774515672	7.071428571428571
1.0	2.0	0.0	0.0688450444355306	4.0
1.0	2.0	0.0	0.07051485587078456	4.5
1.0	3.0	0.0	0.10956286877088894	5.142857142857143
