Constant_feature	Degree	Clustering_coefficient	Pagerank	Aver_path_len
1.0	1.0	0.0	0.009067228539598477	10.418181818181818
1.0	1.0	0.0	0.008877615697583127	10.527272727272727
1.0	1.0	0.0	0.008643613505233875	8.345454545454546
1.0	1.0	0.0	0.009011960203068277	12.381818181818181
1.0	1.0	0.0	0.009813979056339225	14.018181818181818
1.0	1.0	0.0	0.009813979056339225	14.018181818181818
1.0	2.0	0.0	0.018171563709451992	12.690909090909091
1.0	2.0	0.0	0.018171563709451992	12.690909090909091
1.0	2.0	0.0	0.018217548195698867	13.454545454545455
1.0	3.0	0.0	0.02268000907394739	7.618181818181818
1.0	3.0	0.0	0.022583368955807016	8.49090909090909
1.0	3.0	0.0	0.022134927806692725	7.290909090909091
1.0	3.0	0.0	0.023942437165413763	10.709090909090909
1.0	2.0	0.0	0.015317476497159031	7.636363636363637
1.0	2.0	0.0	0.01585438552776378	8.327272727272728
1.0	2.0	0.0	0.01580416158045817	8.363636363636363
1.0	1.0	0.0	0.008976905521778673	9.709090909090909
1.0	2.0	0.0	0.01560189187339576	7.909090909090909
1.0	2.0	0.0	0.01560189187339576	7.909090909090909
1.0	2.0	0.0	0.015580482419212657	8.2
1.0	2.0	0.0	0.015580482419212657	8.2
1.0	2.0	0.0	0.01523077638610028	7.4363636363636365
1.0	3.0	0.0	0.022577961033639765	8.89090909090909
1.0	3.0	0.0	0.02212626978354787	7.654545454545454
1.0	2.0	0.0	0.015392814164431647	9.436363636363636
1.0	3.0	0.0	0.02364234756347722	9.545454545454545
1.0	3.0	0.0	0.022859985419206655	7.363636363636363
1.0	3.0	0.0	0.022773586009571675	9.981818181818182
1.0	3.0	0.0	0.02214791417095236	7.6909090909090905
1.0	3.0	0.0	0.022180884390637007	7.381818181818182
1.0	3.0	0.0	0.022936766849873405	10.636363636363637
1.0	2.0	0.0	0.01575774635869919	10.090909090909092
1.0	2.0	0.0	0.01567857084625637	8.527272727272727
1.0	2.0	0.0	0.015711664617531016	8.563636363636364
1.0	3.0	0.0	0.0240843224851902	11.4
1.0	2.0	0.0	0.01777236023521405	11.654545454545454
1.0	2.0	0.0	0.016276172228110997	11.472727272727273
1.0	3.0	0.0	0.02436546684255201	12.127272727272727
1.0	2.0	0.0	0.016122703025294678	9.4
1.0	3.0	0.0	0.024271361611352994	9.436363636363636
1.0	1.0	0.0	0.009784229244929697	12.636363636363637
1.0	3.0	0.0	0.026757517908240554	13.036363636363637
1.0	3.0	0.0	0.022924819921483444	7.927272727272728
1.0	3.0	0.0	0.023237402450102244	9.163636363636364
1.0	3.0	0.0	0.02397051978701068	8.727272727272727
1.0	2.0	0.0	0.015821164651065252	9.709090909090909
1.0	2.0	0.0	0.015868744474400683	8.763636363636364
1.0	3.0	0.0	0.023547453310587937	10.290909090909091
1.0	2.0	0.0	0.016269182912817835	11.054545454545455
1.0	2.0	0.0	0.016269182912817835	11.054545454545455
1.0	3.0	0.0	0.024730566580725706	11.745454545454546
1.0	3.0	0.0	0.024730566580725706	11.745454545454546
1.0	3.0	0.0	0.02482208700438876	12.50909090909091
1.0	1.0	0.0	0.009962877021569377	13.672727272727272
1.0	1.0	0.0	0.009962877021569377	13.672727272727272
1.0	1.0	0.0	0.009983661808922675	14.436363636363636
