Constant_feature	Degree	Clustering_coefficient	Pagerank	Aver_path_len
1.0	2.0	0.0	0.03603466140743569	5.3478260869565215
1.0	2.0	0.0	0.036067169472350016	5.826086956521739
1.0	2.0	0.0	0.03581200875048887	5.173913043478261
1.0	2.0	0.0	0.03607519730991866	5.826086956521739
1.0	3.0	0.0	0.05008964196737681	3.4782608695652173
1.0	3.0	0.0	0.049419837912391115	3.3043478260869565
1.0	3.0	0.0	0.049628571662955034	3.4782608695652173
1.0	2.0	0.0	0.03495657252251167	3.9565217391304346
1.0	2.0	0.0	0.035031511483251634	4.130434782608695
1.0	3.0	0.0	0.050444190960582974	3.9565217391304346
1.0	2.0	0.0	0.034087296429309966	3.4782608695652173
1.0	2.0	0.0	0.03414446753805381	3.652173913043478
1.0	3.0	0.0	0.049839446842776886	3.8260869565217392
1.0	3.0	0.0	0.05031258133404173	3.652173913043478
1.0	2.0	0.0	0.03444704300474702	4.0
1.0	2.0	0.0	0.03472532859212054	4.478260869565218
1.0	3.0	0.0	0.05130891377847924	4.521739130434782
1.0	3.0	0.0	0.05141497115101755	5.0
1.0	3.0	0.0	0.050709756986690835	4.3478260869565215
1.0	2.0	0.0	0.03523546408778788	4.304347826086956
1.0	3.0	0.0	0.05158837708348847	5.0
1.0	2.0	0.0	0.0354986552077184	4.826086956521739
1.0	2.0	0.0	0.03661247639422595	6.0
1.0	2.0	0.0	0.03651585812027902	5.913043478260869
