Constant_feature	Degree	Clustering_coefficient	Pagerank	Aver_path_len
1.0	2.0	0.0	0.04029869003144956	4.7272727272727275
1.0	3.0	0.0	0.05423942875072699	4.2272727272727275
1.0	2.0	0.0	0.03728242990115571	4.0
1.0	3.0	0.0	0.06575600347499512	6.318181818181818
1.0	2.0	0.0	0.037810735070102255	4.818181818181818
1.0	2.0	0.0	0.037909578678591946	5.045454545454546
1.0	2.0	0.0	0.03842182062805537	5.363636363636363
1.0	2.0	0.0	0.04530644077289883	6.181818181818182
1.0	2.0	0.0	0.04287059265275349	5.409090909090909
1.0	2.0	0.0	0.04814969405095333	7.045454545454546
1.0	3.0	0.0	0.05425177218381382	3.6818181818181817
1.0	3.0	0.0	0.05553158838087292	4.136363636363637
1.0	3.0	0.0	0.05390969792438984	4.0
1.0	3.0	0.0	0.05683756046224263	4.045454545454546
1.0	2.0	0.0	0.037673735452999846	3.8181818181818183
1.0	3.0	0.0	0.06024279125362051	5.545454545454546
1.0	1.0	0.0	0.02601490709134137	8.0
1.0	2.0	0.0	0.03948297793471235	4.545454545454546
1.0	2.0	0.0	0.03948297793471235	4.545454545454546
1.0	2.0	0.0	0.04018952949713754	5.045454545454546
1.0	2.0	0.0	0.04018952949713754	5.045454545454546
1.0	1.0	0.0	0.024073759187668287	7.2727272727272725
1.0	1.0	0.0	0.024073759187668287	7.2727272727272725
