Constant_feature	Degree	Clustering_coefficient	Pagerank	Aver_path_len
1.0	2.0	0.0	0.04026024267176842	4.380952380952381
1.0	1.0	0.0	0.022217364056693237	4.571428571428571
1.0	3.0	0.0	0.05685462945543385	3.4285714285714284
1.0	3.0	0.0	0.057364320504489835	3.619047619047619
1.0	2.0	0.0	0.03868359453622885	3.5238095238095237
1.0	2.0	0.0	0.03936293641876672	3.619047619047619
1.0	3.0	0.0	0.056416040580602414	3.238095238095238
1.0	3.0	0.0	0.0576967348245503	3.9047619047619047
1.0	2.0	0.0	0.038678618593462694	3.4285714285714284
1.0	3.0	0.0	0.06088586026635702	4.523809523809524
1.0	3.0	0.0	0.05737985641781185	3.7142857142857144
1.0	3.0	0.0	0.05890745339861794	3.619047619047619
1.0	3.0	0.0	0.06167015961002194	4.761904761904762
1.0	3.0	0.0	0.05883903008818499	4.095238095238095
1.0	2.0	0.0	0.039467072722637955	3.8095238095238093
1.0	1.0	0.0	0.022811090957319976	5.476190476190476
1.0	1.0	0.0	0.023046508315776797	5.714285714285714
1.0	2.0	0.0	0.04120676859264756	4.857142857142857
1.0	2.0	0.0	0.04120676859264756	4.857142857142857
1.0	2.0	0.0	0.04224075342055486	5.619047619047619
1.0	2.0	0.0	0.04224075342055486	5.619047619047619
1.0	2.0	0.0	0.042563442554870067	6.380952380952381
