Constant_feature	Degree	Clustering_coefficient	Pagerank	Aver_path_len
1.0	1.0	0.0	0.019893115441882953	4.666666666666667
1.0	2.0	0.0	0.03368967331798352	3.5
1.0	2.0	0.0	0.03509945355621405	3.9583333333333335
1.0	3.0	0.0	0.05947312704447564	5.208333333333333
1.0	2.0	0.0	0.03605092534745299	4.25
1.0	3.0	0.0	0.048890650410486604	3.0833333333333335
1.0	3.0	0.0	0.04950175919646182	3.25
1.0	3.0	0.0	0.049160400044029925	3.2083333333333335
1.0	3.0	0.0	0.049806800086573746	3.4166666666666665
1.0	3.0	0.0	0.05097144141140535	3.625
1.0	3.0	0.0	0.05110865111276243	3.75
1.0	3.0	0.0	0.05297874733670037	3.7083333333333335
1.0	3.0	0.0	0.053861481249451906	4.416666666666667
1.0	2.0	0.0	0.03589453735694448	4.416666666666667
1.0	2.0	0.0	0.03589453735694448	4.416666666666667
1.0	2.0	0.0	0.03595680088146608	4.541666666666667
1.0	2.0	0.0	0.03595680088146608	4.541666666666667
1.0	2.0	0.0	0.036894410543150874	5.208333333333333
1.0	2.0	0.0	0.036894410543150874	5.208333333333333
1.0	2.0	0.0	0.03694162744124605	5.333333333333333
1.0	2.0	0.0	0.03694162744124605	5.333333333333333
1.0	2.0	0.0	0.03720564612798318	6.0
1.0	2.0	0.0	0.03724801102761142	6.125
1.0	1.0	0.0	0.02184268242145451	6.166666666666667
1.0	1.0	0.0	0.02184268242145451	6.166666666666667
