Constant_feature	Degree	Clustering_coefficient	Pagerank	Aver_path_len
1.0	1.0	0.0	0.01910008175031165	5.24
1.0	2.0	0.0	0.03436693521708797	5.96
1.0	1.0	0.0	0.019607439190977058	7.52
1.0	3.0	0.0	0.04993999599433466	4.28
1.0	3.0	0.0	0.051932162360631626	6.48
1.0	3.0	0.0	0.05014102625704388	5.0
1.0	2.0	0.0	0.03430784978502969	4.76
1.0	2.0	0.0	0.03430784978502969	4.76
1.0	2.0	0.0	0.03426766164936956	4.52
1.0	2.0	0.0	0.03426766164936956	4.52
1.0	2.0	0.0	0.03425801823719219	5.48
1.0	3.0	0.0	0.051236053791414674	6.04
1.0	3.0	0.0	0.05084757787342864	4.28
1.0	3.0	0.0	0.04942773525076912	4.44
1.0	2.0	0.0	0.0355241432607558	6.84
1.0	2.0	0.0	0.0355241432607558	6.84
1.0	2.0	0.0	0.03343421124172031	4.84
1.0	2.0	0.0	0.03396141108631358	5.0
1.0	3.0	0.0	0.04919793695686146	5.24
1.0	3.0	0.0	0.049472045037652984	5.8
1.0	2.0	0.0	0.03624131194519787	7.64
1.0	2.0	0.0	0.03624131194519787	7.64
1.0	2.0	0.0	0.03397009813487913	5.4
1.0	2.0	0.0	0.03646188152700974	8.44
1.0	3.0	0.0	0.05253760367082752	6.56
1.0	1.0	0.0	0.01942585314083789	7.44
