Constant_feature	Degree	Clustering_coefficient	Pagerank	Aver_path_len
1.0	4.0	0.0	0.08557484762014739	2.4210526315789473
1.0	1.0	0.0	0.024253619446774587	3.3684210526315788
1.0	3.0	0.0	0.06527238620281456	2.8421052631578947
1.0	3.0	0.0	0.06527238620281456	2.8421052631578947
1.0	3.0	0.0	0.06527238620281456	2.8421052631578947
1.0	2.0	0.0	0.045576407506696365	3.5789473684210527
1.0	2.0	0.0	0.045576407506696365	3.5789473684210527
1.0	2.0	0.0	0.045576407506696365	3.5789473684210527
1.0	2.0	0.0	0.045576407506696365	3.5789473684210527
1.0	2.0	0.0	0.045576407506696365	3.5789473684210527
1.0	2.0	0.0	0.045576407506696365	3.5789473684210527
1.0	2.0	0.0	0.046654870324130265	4.315789473684211
1.0	2.0	0.0	0.046654870324130265	4.315789473684211
1.0	2.0	0.0	0.046654870324130265	4.315789473684211
1.0	2.0	0.0	0.046654870324130265	4.315789473684211
1.0	2.0	0.0	0.046654870324130265	4.315789473684211
1.0	2.0	0.0	0.046654870324130265	4.315789473684211
1.0	2.0	0.0	0.04698890244655811	5.052631578947368
1.0	2.0	0.0	0.04698890244655811	5.052631578947368
1.0	2.0	0.0	0.04698890244655811	5.052631578947368
