Constant_feature	Degree	Clustering_coefficient	Pagerank	Aver_path_len
1.0	1.0	0.0	0.044872021983333316	3.090909090909091
1.0	1.0	0.0	0.044872021983333316	3.090909090909091
1.0	1.0	0.0	0.044872021983333316	3.090909090909091
1.0	1.0	0.0	0.044872021983333316	3.090909090909091
1.0	1.0	0.0	0.044872021983333316	3.090909090909091
1.0	1.0	0.0	0.044872021983333316	3.090909090909091
1.0	3.0	0.0	0.12179464468333329	2.1818181818181817
1.0	3.0	0.0	0.12179464468333329	2.1818181818181817
1.0	3.0	0.0	0.12179464468333329	2.1818181818181817
1.0	3.0	0.0	0.12179464468333329	2.1818181818181817
1.0	3.0	0.0	0.12179464468333329	2.1818181818181817
1.0	3.0	0.0	0.12179464468333329	2.1818181818181817
