Constant_feature	Degree	Clustering_coefficient	Pagerank	Aver_path_len
1.0	1.0	0.0	0.021193014385807465	4.782608695652174
1.0	2.0	0.0	0.03983484360624169	7.391304347826087
1.0	1.0	0.0	0.020924531540245088	4.608695652173913
1.0	1.0	0.0	0.02115475119348642	4.956521739130435
1.0	1.0	0.0	0.021296462297436296	5.478260869565218
1.0	1.0	0.0	0.02132488639322183	5.826086956521739
1.0	3.0	0.0	0.05658550380211318	5.043478260869565
1.0	2.0	0.0	0.038082362452978996	3.739130434782609
1.0	2.0	0.0	0.03853091676225268	4.521739130434782
1.0	2.0	0.0	0.0389758424330801	5.826086956521739
1.0	2.0	0.0	0.0389758424330801	5.826086956521739
1.0	2.0	0.0	0.039632786513555826	6.608695652173913
1.0	2.0	0.0	0.039632786513555826	6.608695652173913
1.0	2.0	0.0	0.038643098780100804	4.086956521739131
1.0	3.0	0.0	0.05508799150065423	3.4782608695652173
1.0	3.0	0.0	0.05586032257507245	3.652173913043478
1.0	3.0	0.0	0.05444833640989227	3.8260869565217392
1.0	3.0	0.0	0.05464778004321717	4.173913043478261
1.0	3.0	0.0	0.05675521817496363	3.8260869565217392
1.0	3.0	0.0	0.05662601189694595	4.0
1.0	3.0	0.0	0.057100499459862175	4.521739130434782
1.0	3.0	0.0	0.057192858418825085	4.869565217391305
1.0	2.0	0.0	0.03873661794086784	5.217391304347826
1.0	2.0	0.0	0.0387567344725426	5.565217391304348
