Constant_feature	Degree	Clustering_coefficient	Pagerank	Aver_path_len
1.0	2.0	0.0	0.0221222415821216	5.108108108108108
1.0	2.0	0.0	0.022828868760292165	7.216216216216216
1.0	2.0	0.0	0.02283778385869606	7.243243243243243
1.0	2.0	0.0	0.026569155561565423	6.918918918918919
1.0	2.0	0.0	0.026569155561565423	6.918918918918919
1.0	2.0	0.0	0.026684210894670976	7.5675675675675675
1.0	2.0	0.0	0.027109991889858104	8.837837837837839
1.0	1.0	0.0	0.014102197308597388	8.945945945945946
1.0	2.0	0.0	0.02277332171426396	5.0
1.0	3.0	0.0	0.033660219882649486	4.594594594594595
1.0	3.0	0.0	0.032308004887428535	4.4324324324324325
1.0	3.0	0.0	0.032933873389012956	4.621621621621622
1.0	3.0	0.0	0.03180740471793021	4.918918918918919
1.0	3.0	0.0	0.033452189056759035	4.8108108108108105
1.0	1.0	0.0	0.012729927730323077	5.5675675675675675
1.0	3.0	0.0	0.03203706644825831	4.945945945945946
1.0	2.0	0.0	0.02193954970148424	5.621621621621622
1.0	2.0	0.0	0.022016997553523477	5.648648648648648
1.0	2.0	0.0	0.023475932878588953	5.45945945945946
1.0	2.0	0.0	0.023475932878588953	5.45945945945946
1.0	3.0	0.0	0.03255170587359952	6.324324324324325
1.0	3.0	0.0	0.03258201039187432	6.351351351351352
1.0	3.0	0.0	0.03420949004696335	5.4324324324324325
1.0	3.0	0.0	0.03602904745123279	6.0
1.0	3.0	0.0	0.03602904745123279	6.0
1.0	3.0	0.0	0.0362566975416879	6.648648648648648
1.0	2.0	0.0	0.023181573414574972	7.675675675675675
1.0	2.0	0.0	0.02369707330199705	6.027027027027027
1.0	2.0	0.0	0.02369707330199705	6.027027027027027
1.0	2.0	0.0	0.024010090186518673	6.621621621621622
1.0	2.0	0.0	0.024010090186518673	6.621621621621622
1.0	3.0	0.0	0.03570920108752584	7.216216216216216
1.0	1.0	0.0	0.014587776022565094	7.891891891891892
1.0	1.0	0.0	0.014587776022565094	7.891891891891892
1.0	1.0	0.0	0.014639384834684327	8.54054054054054
1.0	3.0	0.0	0.03823943628663788	7.972972972972973
1.0	2.0	0.0	0.028909126813016987	9.756756756756756
1.0	1.0	0.0	0.01563937352862914	10.72972972972973
