Constant_feature	Degree	Clustering_coefficient	Pagerank	Aver_path_len
1.0	1.0	0.0	0.02089614690025719	5.125
1.0	2.0	0.0	0.03724680967970882	4.541666666666667
1.0	2.0	0.0	0.03629296253456989	3.8333333333333335
1.0	2.0	0.0	0.03722833993556252	3.9583333333333335
1.0	2.0	0.0	0.03656719750107096	5.125
1.0	3.0	0.0	0.052450441650677165	4.333333333333333
1.0	3.0	0.0	0.051803099943505494	3.7916666666666665
1.0	3.0	0.0	0.05450067345010838	5.0
1.0	3.0	0.0	0.057113287909588695	6.416666666666667
1.0	2.0	0.0	0.03748512656921786	5.708333333333333
1.0	3.0	0.0	0.052450441650677165	4.333333333333333
1.0	2.0	0.0	0.037494843247576085	5.791666666666667
1.0	2.0	0.0	0.03827864425789067	7.208333333333333
1.0	2.0	0.0	0.03656719750107096	5.125
1.0	2.0	0.0	0.03656719750107096	5.125
1.0	2.0	0.0	0.038097122748747846	6.5
1.0	1.0	0.0	0.021134463789766227	7.375
1.0	2.0	0.0	0.03656719750107096	5.125
1.0	2.0	0.0	0.03740317982628251	5.916666666666667
1.0	2.0	0.0	0.03740317982628251	5.916666666666667
1.0	3.0	0.0	0.05631911023484845	4.166666666666667
1.0	2.0	0.0	0.03766348809394176	6.708333333333333
1.0	2.0	0.0	0.03740317982628251	5.916666666666667
1.0	2.0	0.0	0.03766348809394176	6.708333333333333
1.0	2.0	0.0	0.03740317982628251	5.916666666666667
