Constant_feature	Degree	Clustering_coefficient	Pagerank	Aver_path_len
1.0	2.0	0.0	0.02745256710352386	4.709677419354839
1.0	2.0	0.0	0.031613182668706954	6.129032258064516
1.0	2.0	0.0	0.031613182668706954	6.129032258064516
1.0	2.0	0.0	0.031735039888248176	6.709677419354839
1.0	1.0	0.0	0.015556031761407078	5.709677419354839
1.0	1.0	0.0	0.016136918100471728	7.064516129032258
1.0	3.0	0.0	0.039495492458497004	4.290322580645161
1.0	2.0	0.0	0.027236411676275128	4.645161290322581
1.0	2.0	0.0	0.02739044432467571	4.806451612903226
1.0	1.0	0.0	0.015707226197547816	5.774193548387097
1.0	3.0	0.0	0.03915193998394092	3.935483870967742
1.0	3.0	0.0	0.03881603219193876	3.935483870967742
1.0	3.0	0.0	0.04009253940503194	4.193548387096774
1.0	3.0	0.0	0.0389448701613027	4.032258064516129
1.0	3.0	0.0	0.04087495630360395	4.451612903225806
1.0	2.0	0.0	0.028025359253551877	4.774193548387097
1.0	2.0	0.0	0.028025359253551877	4.774193548387097
1.0	3.0	0.0	0.041941635567305596	4.806451612903226
1.0	1.0	0.0	0.01538747315883481	5.419354838709677
1.0	3.0	0.0	0.042906578024771096	5.225806451612903
1.0	3.0	0.0	0.042906578024771096	5.225806451612903
1.0	3.0	0.0	0.04143836908859937	4.741935483870968
1.0	3.0	0.0	0.04315072211164089	5.806451612903226
1.0	3.0	0.0	0.041542939204558677	5.32258064516129
1.0	3.0	0.0	0.043375420764466655	6.096774193548387
1.0	2.0	0.0	0.02883485098750795	6.161290322580645
1.0	2.0	0.0	0.029471605037511665	6.935483870967742
1.0	2.0	0.0	0.02943467627971981	7.0
1.0	1.0	0.0	0.017350597071143815	7.096774193548387
1.0	1.0	0.0	0.017350597071143815	7.096774193548387
1.0	2.0	0.0	0.02963429293259845	7.774193548387097
1.0	1.0	0.0	0.017406111274443706	7.67741935483871
