Constant_feature	Degree	Clustering_coefficient	Pagerank	Aver_path_len
1.0	2.0	0.0	0.04558371127791508	2.9444444444444446
1.0	1.0	0.0	0.028470112871421732	4.5
1.0	1.0	0.0	0.028470112871421732	4.5
1.0	3.0	0.0	0.07735517498525121	3.5555555555555554
1.0	3.0	0.0	0.06949006943622177	2.8333333333333335
1.0	3.0	0.0	0.06717616442824785	2.6666666666666665
1.0	2.0	0.0	0.04636956780313266	3.111111111111111
1.0	3.0	0.0	0.06753398390119614	3.388888888888889
1.0	3.0	0.0	0.06851503740685391	3.0555555555555554
1.0	3.0	0.0	0.06722300546547923	3.2222222222222223
1.0	2.0	0.0	0.04719201360039514	4.111111111111111
1.0	2.0	0.0	0.04708487447706099	3.9444444444444446
1.0	2.0	0.0	0.047886501002265935	3.7777777777777777
1.0	2.0	0.0	0.047886501002265935	3.7777777777777777
1.0	2.0	0.0	0.048154380672846116	4.833333333333333
1.0	2.0	0.0	0.048120011194679894	4.666666666666667
1.0	2.0	0.0	0.04904358524489801	4.5
1.0	2.0	0.0	0.04904358524489801	4.5
1.0	2.0	0.0	0.049401607113548365	5.222222222222222
