Constant_feature	Degree	Clustering_coefficient	Pagerank	Aver_path_len
1.0	2.0	0.0	0.04954630071584676	3.4705882352941178
1.0	1.0	0.0	0.028665617055490516	4.647058823529412
1.0	1.0	0.0	0.028271958647967714	4.647058823529412
1.0	4.0	0.0	0.0957461482400527	2.6470588235294117
1.0	3.0	0.0	0.07146429306759652	2.6470588235294117
1.0	2.0	0.0	0.04837224769327262	2.764705882352941
1.0	2.0	0.0	0.04829135446479349	2.764705882352941
1.0	3.0	0.0	0.07098561917565063	2.8823529411764706
1.0	3.0	0.0	0.07091545251003442	2.8823529411764706
1.0	2.0	0.0	0.05020796712532854	3.235294117647059
1.0	3.0	0.0	0.07545434574807038	3.1176470588235294
1.0	3.0	0.0	0.07703567492119716	3.7058823529411766
1.0	1.0	0.0	0.027097905625393576	3.588235294117647
1.0	2.0	0.0	0.051301315522898065	3.7058823529411766
1.0	3.0	0.0	0.07475062807824162	3.411764705882353
1.0	3.0	0.0	0.07572132925222581	3.7058823529411766
1.0	1.0	0.0	0.0281912540229631	4.0588235294117645
1.0	1.0	0.0	0.027980588132976183	4.352941176470588
