Constant_feature	Degree	Clustering_coefficient	Pagerank	Aver_path_len
1.0	2.0	0.0	0.024293444283802045	4.363636363636363
1.0	2.0	0.0	0.025424159546488353	5.393939393939394
1.0	2.0	0.0	0.02575687319195178	6.757575757575758
1.0	1.0	0.0	0.014344973240549026	5.757575757575758
1.0	2.0	0.0	0.025822196168058607	7.515151515151516
1.0	2.0	0.0	0.0296954716785126	6.363636363636363
1.0	2.0	0.0	0.02984647644173704	7.090909090909091
1.0	3.0	0.0	0.035830665807066474	3.8181818181818183
1.0	3.0	0.0	0.03573317217609322	4.121212121212121
1.0	3.0	0.0	0.03546032258247027	4.0606060606060606
1.0	3.0	0.0	0.03729589938381905	4.242424242424242
1.0	2.0	0.0	0.02440448276427846	4.121212121212121
1.0	3.0	0.0	0.0357110968618152	4.0606060606060606
1.0	3.0	0.0	0.036228627778726846	4.666666666666667
1.0	3.0	0.0	0.038010933810029596	4.787878787878788
1.0	3.0	0.0	0.03618975477295239	4.545454545454546
1.0	3.0	0.0	0.03692876538267874	5.333333333333333
1.0	2.0	0.0	0.026210160424050003	4.848484848484849
1.0	2.0	0.0	0.026243987715683342	4.96969696969697
1.0	2.0	0.0	0.02570915707843583	5.515151515151516
1.0	2.0	0.0	0.024845255489028367	5.212121212121212
1.0	3.0	0.0	0.04026980312406376	5.454545454545454
1.0	2.0	0.0	0.025231389625994062	5.303030303030303
1.0	2.0	0.0	0.02692172182474863	5.575757575757576
1.0	3.0	0.0	0.036825120619865676	5.878787878787879
1.0	2.0	0.0	0.025955090543368448	6.181818181818182
1.0	3.0	0.0	0.040566776203182345	6.181818181818182
1.0	3.0	0.0	0.037042060096549416	6.636363636363637
1.0	2.0	0.0	0.025408244499393013	5.96969696969697
1.0	2.0	0.0	0.02644558901209451	6.363636363636363
1.0	2.0	0.0	0.026520323771724596	7.03030303030303
1.0	2.0	0.0	0.02615176350817821	7.575757575757576
1.0	1.0	0.0	0.016304483286623272	7.333333333333333
1.0	1.0	0.0	0.016371757305986615	8.06060606060606
