Constant_feature	Degree	Clustering_coefficient	Pagerank	Aver_path_len
1.0	1.0	0.0	0.019985944429303452	9.931034482758621
1.0	1.0	0.0	0.019985944429303452	9.931034482758621
1.0	0.0	0.0	0.0	0.0
1.0	2.0	0.0	0.03340841769701927	7.448275862068965
1.0	3.0	0.0	0.04956259535817184	7.241379310344827
1.0	2.0	0.0	0.0298985743522632	4.827586206896552
1.0	2.0	0.0	0.028482001954555455	6.275862068965517
1.0	2.0	0.0	0.03276516353818424	5.793103448275862
1.0	2.0	0.0	0.03293790049358263	6.206896551724138
1.0	2.0	0.0	0.03246364765657775	5.448275862068965
1.0	2.0	0.0	0.03302548939213374	6.689655172413793
1.0	2.0	0.0	0.031971149877591185	5.172413793103448
1.0	2.0	0.0	0.031173897540992042	4.9655172413793105
1.0	2.0	0.0	0.034855427319566055	8.068965517241379
1.0	2.0	0.0	0.034855427319566055	8.068965517241379
1.0	3.0	0.0	0.041787616394702326	4.758620689655173
1.0	3.0	0.0	0.0416627036676941	5.172413793103448
1.0	3.0	0.0	0.0416733702681126	5.310344827586207
1.0	2.0	0.0	0.03700418041740491	8.96551724137931
1.0	2.0	0.0	0.03700418041740491	8.96551724137931
1.0	3.0	0.0	0.04190938127558905	5.724137931034483
1.0	3.0	0.0	0.04191777846757594	5.862068965517241
1.0	2.0	0.0	0.029376572993080614	5.862068965517241
1.0	2.0	0.0	0.029394655977740814	6.137931034482759
1.0	2.0	0.0	0.029469161309779154	6.413793103448276
1.0	2.0	0.0	0.02948073085046167	6.689655172413793
1.0	3.0	0.0	0.04514983563903918	6.551724137931035
1.0	2.0	0.0	0.030138901562078466	7.103448275862069
1.0	2.0	0.0	0.030132995502353106	6.9655172413793105
1.0	2.0	0.0	0.030158988588413732	7.517241379310345
1.0	1.0	0.0	0.01836736530975925	8.413793103448276
