Constant_feature	Degree	Clustering_coefficient	Pagerank	Aver_path_len
1.0	2.0	0.0	0.026813051228518747	2.5
1.0	2.0	0.0	0.026813051228518747	2.5
1.0	1.0	0.0	0.013361036462346227	2.9
1.0	1.0	0.0	0.013361036462346227	2.9
1.0	1.0	0.0	0.01342778309409793	3.2
1.0	1.0	0.0	0.01342778309409793	3.2
1.0	0.0	0.0	0.0	0.0
1.0	1.0	0.0	0.014076831180955304	3.3
1.0	1.0	0.0	0.014076831180955304	3.3
1.0	1.0	0.0	0.014076831180955304	3.3
1.0	1.0	0.0	0.014076831180955304	3.3
1.0	2.0	0.0	0.027015730284086298	2.625
1.0	2.0	0.0	0.027015730284086298	2.625
1.0	2.0	0.0	0.027015730284086298	2.625
1.0	2.0	0.0	0.027015730284086298	2.625
1.0	2.0	0.0	0.027663891564653202	3.0
1.0	2.0	0.0	0.027663891564653202	3.0
1.0	2.0	0.0	0.027663891564653202	3.0
1.0	2.0	0.0	0.027663891564653202	3.0
1.0	2.0	0.0	0.028906486586607306	3.625
1.0	2.0	0.0	0.028906486586607306	3.625
1.0	2.0	0.0	0.028906486586607306	3.625
1.0	2.0	0.0	0.028906486586607306	3.625
1.0	3.0	0.0	0.038590777935078785	2.4
1.0	3.0	0.0	0.038590777935078785	2.4
1.0	1.0	0.0	0.015507365950393828	4.5
1.0	1.0	0.0	0.015507365950393828	4.5
1.0	1.0	0.0	0.015507365950393828	4.5
1.0	1.0	0.0	0.015507365950393828	4.5
1.0	3.0	0.0	0.03583758404415617	1.9
1.0	3.0	0.0	0.03583758404415617	1.9
1.0	3.0	0.0	0.03620479550615774	2.0
1.0	3.0	0.0	0.03620479550615774	2.0
1.0	2.0	0.0	0.024222485759431707	2.4
1.0	2.0	0.0	0.024222485759431707	2.4
1.0	3.0	0.0	0.03642460302524643	2.3
1.0	3.0	0.0	0.03642460302524643	2.3
1.0	2.0	0.0	0.024378680364953317	2.7
1.0	2.0	0.0	0.024378680364953317	2.7
1.0	2.0	0.0	0.024398591446621036	2.8
1.0	2.0	0.0	0.024398591446621036	2.8
