Constant_feature	Degree	Clustering_coefficient	Pagerank	Aver_path_len
1.0	2.0	0.0	0.03930148398220036	3.869565217391304
1.0	1.0	0.0	0.0206466290045293	4.695652173913044
1.0	2.0	0.0	0.03600373096631218	4.869565217391305
1.0	2.0	0.0	0.03601891437923293	5.217391304347826
1.0	1.0	0.0	0.02330926140059405	5.608695652173913
1.0	3.0	0.0	0.05025678148574704	3.608695652173913
1.0	3.0	0.0	0.049554709976953326	3.260869565217391
1.0	3.0	0.0	0.04991976295086707	2.8260869565217392
1.0	3.0	0.0	0.05111370335052709	3.8260869565217392
1.0	3.0	0.0	0.05330947928977062	3.1739130434782608
1.0	2.0	0.0	0.035133839660777905	4.304347826086956
1.0	2.0	0.0	0.03531130353288511	4.434782608695652
1.0	3.0	0.0	0.049650412001472036	3.0
1.0	2.0	0.0	0.03425349980502231	3.782608695652174
1.0	3.0	0.0	0.05493128892560553	3.739130434782609
1.0	3.0	0.0	0.05003108412705468	3.347826086956522
1.0	2.0	0.0	0.03598106405329385	4.173913043478261
1.0	2.0	0.0	0.03443894567787399	3.5217391304347827
1.0	2.0	0.0	0.034568932155241414	3.869565217391304
1.0	3.0	0.0	0.051258887502987564	4.043478260869565
1.0	3.0	0.0	0.05130837912513623	4.391304347826087
1.0	3.0	0.0	0.0638117816220207	4.6521739130434785
1.0	2.0	0.0	0.03657686362330037	5.478260869565218
1.0	1.0	0.0	0.02330926140059405	5.608695652173913
