Constant_feature	Degree	Clustering_coefficient	Pagerank	Aver_path_len
1.0	1.0	0.0	0.029929865650214573	5.555555555555555
1.0	2.0	0.0	0.05283821899613027	4.111111111111111
1.0	1.0	0.0	0.026746300458209596	4.111111111111111
1.0	2.0	0.0	0.05334706665048597	4.444444444444445
1.0	3.0	0.0	0.07123937869917657	3.2777777777777777
1.0	2.0	0.0	0.05130128264469659	3.888888888888889
1.0	3.0	0.0	0.068526664417667	2.8333333333333335
1.0	3.0	0.0	0.06874268533625758	3.0
1.0	3.0	0.0	0.0822236928585223	4.611111111111111
1.0	2.0	0.0	0.047192180386831886	3.111111111111111
1.0	2.0	0.0	0.04811771745269162	3.4444444444444446
1.0	3.0	0.0	0.07161179064597989	3.1666666666666665
1.0	3.0	0.0	0.0714639059563603	3.2777777777777777
1.0	2.0	0.0	0.04756230704303346	3.3333333333333335
1.0	3.0	0.0	0.07247311859068087	3.611111111111111
1.0	1.0	0.0	0.029929865650214573	5.555555555555555
1.0	2.0	0.0	0.048443480925855376	3.7777777777777777
1.0	1.0	0.0	0.029040748387283644	5.055555555555555
1.0	1.0	0.0	0.02926972924970772	5.388888888888889
