Constant_feature	Degree	Clustering_coefficient	Pagerank	Aver_path_len
1.0	1.0	0.0	0.015793107151617778	6.516129032258065
1.0	3.0	0.0	0.03766072116504203	3.870967741935484
1.0	2.0	0.0	0.025769201643780076	4.096774193548387
1.0	2.0	0.0	0.0256882940909111	4.0
1.0	3.0	0.0	0.0367244151608878	3.3548387096774195
1.0	3.0	0.0	0.03740909351945709	3.4838709677419355
1.0	3.0	0.0	0.03703586708506551	3.5806451612903225
1.0	3.0	0.0	0.03813714765452153	4.0
1.0	3.0	0.0	0.03754962648637783	3.6451612903225805
1.0	3.0	0.0	0.03844222129149125	4.225806451612903
1.0	3.0	0.0	0.03942372977697073	4.129032258064516
1.0	3.0	0.0	0.03949445518390125	4.290322580645161
1.0	3.0	0.0	0.03955006049083472	4.516129032258065
1.0	2.0	0.0	0.02723371581387456	4.774193548387097
1.0	2.0	0.0	0.027292038755035428	5.0
1.0	2.0	0.0	0.027860223930725465	4.967741935483871
1.0	2.0	0.0	0.027860223930725465	4.967741935483871
1.0	3.0	0.0	0.04222902534069983	5.548387096774194
1.0	2.0	0.0	0.028073972646436806	5.774193548387097
1.0	2.0	0.0	0.027892913695752343	5.129032258064516
1.0	2.0	0.0	0.027892913695752343	5.129032258064516
1.0	2.0	0.0	0.027918830549412063	5.354838709677419
1.0	2.0	0.0	0.027918830549412063	5.354838709677419
1.0	2.0	0.0	0.02868751976797302	5.806451612903226
1.0	2.0	0.0	0.02868751976797302	5.806451612903226
1.0	2.0	0.0	0.028711671878159675	5.967741935483871
1.0	2.0	0.0	0.028711671878159675	5.967741935483871
1.0	2.0	0.0	0.028942424926733948	6.645161290322581
1.0	2.0	0.0	0.028730605310955813	6.193548387096774
1.0	2.0	0.0	0.028730605310955813	6.193548387096774
1.0	2.0	0.0	0.02896479215523518	6.806451612903226
1.0	2.0	0.0	0.02898255939516863	7.032258064516129
