Constant_feature	Degree	Clustering_coefficient	Pagerank	Aver_path_len
1.0	1.0	0.0	0.03081661886002559	4.4375
1.0	2.0	0.0	0.05364402731718509	3.125
1.0	1.0	0.0	0.03047558599615465	4.5
1.0	1.0	0.0	0.03284435168412955	5.25
1.0	1.0	0.0	0.030349930434576747	4.0
1.0	1.0	0.0	0.03097511337690427	4.875
1.0	3.0	0.0	0.0780410527092599	2.625
1.0	2.0	0.0	0.055442690870304547	3.5
1.0	3.0	0.0	0.08197766495315026	3.5625
1.0	3.0	0.0	0.07762914220489411	2.6875
1.0	2.0	0.0	0.0537640430492373	3.1875
1.0	3.0	0.0	0.08157756937234972	3.5
1.0	2.0	0.0	0.059915432949213705	4.3125
1.0	3.0	0.0	0.08156053209626542	3.0625
1.0	2.0	0.0	0.0542294245451501	3.0625
1.0	3.0	0.0	0.08311208271333312	3.5
1.0	3.0	0.0	0.08364473686786582	3.9375
