Constant_feature	Degree	Clustering_coefficient	Pagerank	Aver_path_len
1.0	0.0	0.0	0.0	0.0
1.0	2.0	0.0	0.03183753503160089	5.586206896551724
1.0	2.0	0.0	0.033284916988917924	7.275862068965517
1.0	1.0	0.0	0.018043640893985552	7.103448275862069
1.0	2.0	0.0	0.02804826792916925	5.586206896551724
1.0	3.0	0.0	0.04331005853124829	4.689655172413793
1.0	3.0	0.0	0.04067429068652098	4.551724137931035
1.0	3.0	0.0	0.040943210463325844	5.0
1.0	3.0	0.0	0.0424530861830637	4.413793103448276
1.0	3.0	0.0	0.04261804748016853	4.862068965517241
1.0	3.0	0.0	0.04151548900619553	4.275862068965517
1.0	3.0	0.0	0.04107508595662292	5.0
1.0	3.0	0.0	0.0416512308091204	4.724137931034483
1.0	3.0	0.0	0.041440440682493335	5.551724137931035
1.0	2.0	0.0	0.028781809499277694	4.482758620689655
1.0	2.0	0.0	0.029059818756148582	4.931034482758621
1.0	1.0	0.0	0.01606902317790221	5.379310344827586
1.0	2.0	0.0	0.029126991106910062	5.689655172413793
1.0	1.0	0.0	0.016118977189469884	5.827586206896552
1.0	2.0	0.0	0.029250796651241556	6.241379310344827
1.0	2.0	0.0	0.029404137057727604	5.137931034482759
1.0	3.0	0.0	0.04490409622142	6.379310344827586
1.0	2.0	0.0	0.030654506951227907	5.103448275862069
1.0	2.0	0.0	0.029967381513021293	6.931034482758621
1.0	2.0	0.0	0.03464683607735131	7.586206896551724
1.0	2.0	0.0	0.03594723367821191	8.413793103448276
1.0	2.0	0.0	0.03363367042264574	6.827586206896552
1.0	2.0	0.0	0.037833342635223685	9.310344827586206
1.0	3.0	0.0	0.049037304192889125	6.137931034482759
1.0	1.0	0.0	0.020357204149551725	10.275862068965518
1.0	1.0	0.0	0.018311570077346667	8.241379310344827
