Constant_feature	Degree	Clustering_coefficient	Pagerank	Aver_path_len
1.0	2.0	0.0	0.028300580453388437	5.333333333333333
1.0	2.0	0.0	0.028295256532544423	5.733333333333333
1.0	1.0	0.0	0.016247301046604642	7.366666666666666
1.0	1.0	0.0	0.015713174566109343	5.066666666666666
1.0	1.0	0.0	0.01564385975815859	5.233333333333333
1.0	2.0	0.0	0.02884369795719685	4.966666666666667
1.0	2.0	0.0	0.02822986228453009	4.4
1.0	3.0	0.0	0.04083243085192601	5.5
1.0	3.0	0.0	0.04016054174828333	4.933333333333334
1.0	4.0	0.0	0.056998002352581664	4.766666666666667
1.0	3.0	0.0	0.039838429611461335	4.366666666666666
1.0	3.0	0.0	0.04048988366203418	4.2
1.0	2.0	0.0	0.028497213426298743	6.3
1.0	1.0	0.0	0.016050668073694336	5.733333333333333
1.0	1.0	0.0	0.016050668073694336	5.733333333333333
1.0	3.0	0.0	0.043405022898543796	6.4
1.0	3.0	0.0	0.041623197035061066	4.1
1.0	3.0	0.0	0.041394810424510806	4.266666666666667
1.0	3.0	0.0	0.04036594846200288	4.0
1.0	3.0	0.0	0.04045615097049203	4.166666666666667
1.0	2.0	0.0	0.02781110240307878	4.233333333333333
1.0	3.0	0.0	0.04158826738180801	4.466666666666667
1.0	3.0	0.0	0.04288753279260143	4.633333333333334
1.0	1.0	0.0	0.016092572820514284	5.6
1.0	2.0	0.0	0.029205546222455282	5.533333333333333
1.0	3.0	0.0	0.04332981037630839	6.166666666666667
1.0	2.0	0.0	0.029959175125584422	7.0
1.0	2.0	0.0	0.029959175125584422	7.0
1.0	2.0	0.0	0.030518316523122303	7.833333333333333
1.0	2.0	0.0	0.030518316523122303	7.833333333333333
1.0	2.0	0.0	0.030693484516703153	8.666666666666666
