Constant_feature	Degree	Clustering_coefficient	Pagerank	Aver_path_len
1.0	2.0	0.0	0.02359544435155033	5.527777777777778
1.0	1.0	0.0	0.013202529029107735	6.0
1.0	2.0	0.0	0.027304323859984138	6.666666666666667
1.0	2.0	0.0	0.027304323859984138	6.666666666666667
1.0	1.0	0.0	0.013946185537708537	7.416666666666667
1.0	3.0	0.0	0.03265490353867191	4.194444444444445
1.0	2.0	0.0	0.022162774385097152	4.75
1.0	2.0	0.0	0.022897128056277374	4.722222222222222
1.0	1.0	0.0	0.015120006500372977	9.444444444444445
1.0	3.0	0.0	0.03258239412507108	4.222222222222222
1.0	3.0	0.0	0.0323011815297191	4.194444444444445
1.0	3.0	0.0	0.03225791797127862	4.055555555555555
1.0	3.0	0.0	0.03173438371955462	4.055555555555555
1.0	3.0	0.0	0.03187401494632906	4.027777777777778
1.0	2.0	0.0	0.023095298195458108	5.083333333333333
1.0	3.0	0.0	0.03259713317371793	4.722222222222222
1.0	3.0	0.0	0.03499908267951897	5.027777777777778
1.0	3.0	0.0	0.03399124512719115	4.472222222222222
1.0	3.0	0.0	0.03299356600773175	5.083333333333333
1.0	2.0	0.0	0.023280363666696367	5.583333333333333
1.0	3.0	0.0	0.03501185530890732	5.305555555555555
1.0	2.0	0.0	0.02401053543918981	5.166666666666667
1.0	2.0	0.0	0.02401053543918981	5.166666666666667
1.0	2.0	0.0	0.02341843734545484	5.944444444444445
1.0	2.0	0.0	0.023996554197110206	6.444444444444445
1.0	2.0	0.0	0.02403954471458975	6.805555555555555
1.0	3.0	0.0	0.03703942815255307	5.75
1.0	3.0	0.0	0.03703942815255307	5.75
1.0	2.0	0.0	0.02445188769929424	6.055555555555555
1.0	2.0	0.0	0.02445188769929424	6.055555555555555
1.0	3.0	0.0	0.037475479913686036	6.444444444444445
1.0	2.0	0.0	0.024988096969565752	6.805555555555555
1.0	2.0	0.0	0.024988096969565752	6.805555555555555
1.0	3.0	0.0	0.037610404246484555	7.555555555555555
1.0	1.0	0.0	0.014990501784182507	7.638888888888889
1.0	1.0	0.0	0.014990501784182507	7.638888888888889
1.0	2.0	0.0	0.027592623923175567	8.472222222222221
