Constant_feature	Degree	Clustering_coefficient	Pagerank	Aver_path_len
1.0	1.0	0.0	0.013804196924921991	7.222222222222222
1.0	1.0	0.0	0.013165500392510087	5.194444444444445
1.0	2.0	0.0	0.023856065165692605	4.472222222222222
1.0	2.0	0.0	0.025797246102713417	4.833333333333333
1.0	2.0	0.0	0.02603496671276301	5.25
1.0	2.0	0.0	0.026167182998772315	5.888888888888889
1.0	1.0	0.0	0.013250719203612309	6.027777777777778
1.0	1.0	0.0	0.015209172461579096	6.666666666666667
1.0	1.0	0.0	0.015278633618089218	7.083333333333333
1.0	1.0	0.0	0.015317765643155002	7.722222222222222
1.0	3.0	0.0	0.03352053939420135	3.8055555555555554
1.0	3.0	0.0	0.034227509736438656	4.527777777777778
1.0	3.0	0.0	0.0352915736506922	4.027777777777778
1.0	3.0	0.0	0.03585658932902952	4.444444444444445
1.0	3.0	0.0	0.034083054385927535	3.8333333333333335
1.0	3.0	0.0	0.03616249135271313	5.083333333333333
1.0	2.0	0.0	0.024287912678851074	4.888888888888889
1.0	3.0	0.0	0.033769576855088135	4.333333333333333
1.0	3.0	0.0	0.03487674681523782	4.222222222222222
1.0	3.0	0.0	0.034211692306102715	4.638888888888889
1.0	3.0	0.0	0.03516060289699473	5.055555555555555
1.0	2.0	0.0	0.02388099748814449	5.138888888888889
1.0	3.0	0.0	0.04168596766909265	5.694444444444445
1.0	3.0	0.0	0.0419219771759963	6.111111111111111
1.0	2.0	0.0	0.024067905720004664	5.444444444444445
1.0	3.0	0.0	0.04204765493031015	6.75
1.0	3.0	0.0	0.03504676182654601	5.222222222222222
1.0	2.0	0.0	0.0245508768606653	5.944444444444445
1.0	3.0	0.0	0.03700430246774018	6.25
1.0	1.0	0.0	0.015209172461579096	6.666666666666667
1.0	1.0	0.0	0.015278633618089218	7.083333333333333
1.0	1.0	0.0	0.015317765643155002	7.722222222222222
1.0	2.0	0.0	0.024528545373790116	6.083333333333333
1.0	2.0	0.0	0.024528545373790116	6.083333333333333
1.0	2.0	0.0	0.025137376203585658	6.944444444444445
1.0	2.0	0.0	0.025137376203585658	6.944444444444445
1.0	2.0	0.0	0.0253264023588396	7.805555555555555
