Constant_feature	Degree	Clustering_coefficient	Pagerank	Aver_path_len
1.0	2.0	0.0	0.03731542428166286	4.173913043478261
1.0	1.0	0.0	0.02041857291844456	4.260869565217392
1.0	1.0	0.0	0.020443910468795304	4.3478260869565215
1.0	3.0	0.0	0.05414123584939105	3.391304347826087
1.0	4.0	0.0	0.076728084777523	4.782608695652174
1.0	3.0	0.0	0.05218327130706228	3.130434782608696
1.0	3.0	0.0	0.0523504176615735	3.130434782608696
1.0	3.0	0.0	0.053082136736213974	3.5652173913043477
1.0	3.0	0.0	0.05295236959874036	3.5652173913043477
1.0	3.0	0.0	0.0531741628559087	3.652173913043478
1.0	3.0	0.0	0.05328764578336992	3.652173913043478
1.0	3.0	0.0	0.054174296556000895	3.3043478260869565
1.0	2.0	0.0	0.03570659374595758	3.391304347826087
1.0	3.0	0.0	0.054258740092507335	3.391304347826087
1.0	2.0	0.0	0.03820833582285105	4.782608695652174
1.0	2.0	0.0	0.037285830646222685	4.173913043478261
1.0	1.0	0.0	0.021430098143372246	5.739130434782608
1.0	1.0	0.0	0.021430098143372246	5.739130434782608
1.0	3.0	0.0	0.056307460439544904	4.3478260869565215
1.0	1.0	0.0	0.020409415701070886	4.3478260869565215
1.0	2.0	0.0	0.037283781166428706	4.434782608695652
1.0	2.0	0.0	0.038223771899375036	5.130434782608695
1.0	2.0	0.0	0.03814581571418345	5.130434782608695
1.0	1.0	0.0	0.02105852969042714	5.304347826086956
