Constant_feature	Degree	Clustering_coefficient	Pagerank	Aver_path_len
1.0	1.0	0.0	0.017999509662856003	4.769230769230769
1.0	1.0	0.0	0.01805311282899783	5.038461538461538
1.0	1.0	0.0	0.021245494805072748	6.730769230769231
1.0	1.0	0.0	0.021245494805072748	6.730769230769231
1.0	3.0	0.0	0.045996511377072724	3.3076923076923075
1.0	2.0	0.0	0.031668121534825504	3.8461538461538463
1.0	3.0	0.0	0.045593405674717466	3.3846153846153846
1.0	3.0	0.0	0.04723427096582302	3.576923076923077
1.0	3.0	0.0	0.04598180628456376	3.6538461538461537
1.0	2.0	0.0	0.0321014533778023	3.8076923076923075
1.0	2.0	0.0	0.03439941799899258	4.230769230769231
1.0	3.0	0.0	0.04765214102715663	3.8076923076923075
1.0	3.0	0.0	0.04690449729666831	4.230769230769231
1.0	3.0	0.0	0.04695113332558698	4.5
1.0	3.0	0.0	0.04783154258318274	4.076923076923077
1.0	3.0	0.0	0.04865909442954051	4.384615384615385
1.0	2.0	0.0	0.036725854210284646	4.961538461538462
1.0	2.0	0.0	0.0329320615228912	5.038461538461538
1.0	2.0	0.0	0.03294869262168348	5.3076923076923075
1.0	2.0	0.0	0.03390193012927836	5.1923076923076925
1.0	2.0	0.0	0.03390193012927836	5.1923076923076925
1.0	2.0	0.0	0.033682810314246484	5.846153846153846
1.0	2.0	0.0	0.033687648272106775	6.115384615384615
1.0	3.0	0.0	0.058469564562632435	5.769230769230769
1.0	2.0	0.0	0.034664577277471076	6.0
1.0	2.0	0.0	0.034664577277471076	6.0
1.0	2.0	0.0	0.03490334570472409	6.8076923076923075
