Constant_feature	Degree	Clustering_coefficient	Pagerank	Aver_path_len
1.0	1.0	0.0	0.017463132563071092	4.3076923076923075
1.0	1.0	0.0	0.018952618383622135	6.923076923076923
1.0	2.0	0.0	0.03398617177846689	6.038461538461538
1.0	1.0	0.0	0.0190325710172945	6.961538461538462
1.0	4.0	0.0	0.06115438580316383	3.3461538461538463
1.0	3.0	0.0	0.045446869778465876	3.3846153846153846
1.0	3.0	0.0	0.04559205008477038	3.576923076923077
1.0	4.0	0.0	0.061316663790761436	3.5
1.0	4.0	0.0	0.06223033456612154	3.923076923076923
1.0	3.0	0.0	0.047041486110514855	4.5
1.0	2.0	0.0	0.03166861544928652	3.730769230769231
1.0	2.0	0.0	0.031751529714750364	3.6923076923076925
1.0	3.0	0.0	0.0460528376034535	3.8846153846153846
1.0	2.0	0.0	0.031793821731745525	3.9615384615384617
1.0	2.0	0.0	0.03178297958125579	3.9615384615384617
1.0	2.0	0.0	0.032122118520478186	4.3076923076923075
1.0	2.0	0.0	0.03182199306022106	4.230769230769231
1.0	2.0	0.0	0.03289693098275701	4.653846153846154
1.0	1.0	0.0	0.01750020404468097	4.461538461538462
1.0	2.0	0.0	0.03306437455496702	5.230769230769231
1.0	1.0	0.0	0.017706191539020782	4.884615384615385
1.0	2.0	0.0	0.03375551564434183	5.384615384615385
1.0	3.0	0.0	0.050832293171950794	5.961538461538462
1.0	3.0	0.0	0.04744246347903278	4.461538461538462
1.0	2.0	0.0	0.033230285100620614	5.269230769230769
1.0	2.0	0.0	0.03326535755788234	5.230769230769231
1.0	3.0	0.0	0.05109620438730217	6.0
