Constant_feature	Degree	Clustering_coefficient	Pagerank	Aver_path_len
1.0	0.0	0.0	0.0	0.0
1.0	1.0	0.0	0.014723327256310387	5.515151515151516
1.0	2.0	0.0	0.02964975904575925	6.484848484848484
1.0	2.0	0.0	0.02964975904575925	6.484848484848484
1.0	2.0	0.0	0.02995352046871867	7.090909090909091
1.0	2.0	0.0	0.02995352046871867	7.090909090909091
1.0	2.0	0.0	0.030073692585162102	7.818181818181818
1.0	2.0	0.0	0.030073692585162102	7.818181818181818
1.0	3.0	0.0	0.040482563974961416	5.333333333333333
1.0	2.0	0.0	0.02662766460635338	5.333333333333333
1.0	2.0	0.0	0.02662766460635338	5.333333333333333
1.0	3.0	0.0	0.03846967380374367	4.545454545454546
1.0	3.0	0.0	0.03846967380374367	4.545454545454546
1.0	3.0	0.0	0.03927519642974192	4.545454545454546
1.0	1.0	0.0	0.015086355942535528	6.303030303030303
1.0	2.0	0.0	0.026143797797847302	4.787878787878788
1.0	2.0	0.0	0.026143797797847302	4.787878787878788
1.0	3.0	0.0	0.038869721307435476	5.090909090909091
1.0	3.0	0.0	0.038869721307435476	5.090909090909091
1.0	3.0	0.0	0.04017934361091472	5.575757575757576
1.0	3.0	0.0	0.04017934361091472	5.575757575757576
1.0	2.0	0.0	0.026913825675548182	5.818181818181818
1.0	2.0	0.0	0.026913825675548182	5.818181818181818
1.0	3.0	0.0	0.04077893111015661	6.181818181818182
1.0	3.0	0.0	0.04077893111015661	6.181818181818182
1.0	2.0	0.0	0.02735765407523111	6.424242424242424
1.0	2.0	0.0	0.02735765407523111	6.424242424242424
1.0	3.0	0.0	0.041020134776958185	6.909090909090909
1.0	3.0	0.0	0.041020134776958185	6.909090909090909
1.0	1.0	0.0	0.016283960564475813	7.454545454545454
1.0	1.0	0.0	0.016283960564475813	7.454545454545454
1.0	1.0	0.0	0.01641987091747909	8.06060606060606
1.0	1.0	0.0	0.01641987091747909	8.06060606060606
1.0	1.0	0.0	0.016474727852441768	8.787878787878787
1.0	1.0	0.0	0.016474727852441768	8.787878787878787
