Constant_feature	Degree	Clustering_coefficient	Pagerank	Aver_path_len
1.0	1.0	0.0	0.02853839176187038	4.529411764705882
1.0	1.0	0.0	0.02852704079076732	5.0
1.0	1.0	0.0	0.02778648723909167	4.0588235294117645
1.0	2.0	0.0	0.049173319710441935	3.1176470588235294
1.0	1.0	0.0	0.02857912337010476	4.764705882352941
1.0	3.0	0.0	0.07040359329067188	2.6470588235294117
1.0	3.0	0.0	0.07038107010277353	2.6470588235294117
1.0	3.0	0.0	0.07128867323268318	2.8823529411764706
1.0	3.0	0.0	0.07137270977030591	2.8823529411764706
1.0	3.0	0.0	0.07410365638606448	3.1176470588235294
1.0	2.0	0.0	0.04965932039718745	3.1176470588235294
1.0	2.0	0.0	0.04996595584145503	3.3529411764705883
1.0	2.0	0.0	0.04953787178596203	3.235294117647059
1.0	2.0	0.0	0.04993916940889112	3.4705882352941178
1.0	3.0	0.0	0.076743179835218	3.823529411764706
1.0	3.0	0.0	0.0766114109731105	3.588235294117647
1.0	2.0	0.0	0.05081949808454444	3.823529411764706
1.0	3.0	0.0	0.07656952801885619	4.0588235294117645
