Constant_feature	Degree	Clustering_coefficient	Pagerank	Aver_path_len
1.0	2.0	0.0	0.053282901779040465	3.5625
1.0	1.0	0.0	0.030161629836808382	4.5
1.0	3.0	0.0	0.07404874555425717	2.5625
1.0	2.0	0.0	0.05127855044980658	3.125
1.0	2.0	0.0	0.05243703558294938	3.125
1.0	2.0	0.0	0.054013866378684605	3.9375
1.0	1.0	0.0	0.029734589483052694	4.3125
1.0	3.0	0.0	0.07605028070412635	2.875
1.0	2.0	0.0	0.053282901779040465	3.5625
1.0	2.0	0.0	0.05463219055431788	4.25
1.0	2.0	0.0	0.055052390996224554	4.9375
1.0	2.0	0.0	0.05463219055431788	4.25
1.0	3.0	0.0	0.07425019772503648	2.5625
1.0	3.0	0.0	0.07519187693260591	2.9375
1.0	2.0	0.0	0.051515087806546456	3.3125
1.0	3.0	0.0	0.07950616241053031	3.375
1.0	3.0	0.0	0.08092940147265425	3.5625
