Constant_feature	Degree	Clustering_coefficient	Pagerank	Aver_path_len
1.0	1.0	0.0	0.02937655280577798	5.352941176470588
1.0	1.0	0.0	0.029044668222145183	4.764705882352941
1.0	1.0	0.0	0.028895232279718585	4.0588235294117645
1.0	3.0	0.0	0.07584283989552187	3.235294117647059
1.0	3.0	0.0	0.07829565646489324	3.823529411764706
1.0	3.0	0.0	0.0757406555130247	3.823529411764706
1.0	3.0	0.0	0.07779846380752972	3.1176470588235294
1.0	2.0	0.0	0.052129079822022	3.823529411764706
1.0	2.0	0.0	0.05176302001254603	3.4705882352941178
1.0	2.0	0.0	0.052188317941930885	3.235294117647059
1.0	2.0	0.0	0.052996098672370234	4.411764705882353
1.0	3.0	0.0	0.07940485788846514	4.411764705882353
1.0	2.0	0.0	0.0532243463705783	5.0
1.0	2.0	0.0	0.052103435447815996	4.529411764705882
1.0	2.0	0.0	0.052103435447815996	4.529411764705882
1.0	2.0	0.0	0.05294366479341164	5.235294117647059
1.0	2.0	0.0	0.05294366479341164	5.235294117647059
1.0	2.0	0.0	0.05320600982102062	5.9411764705882355
