Constant_feature	Degree	Clustering_coefficient	Pagerank	Aver_path_len
1.0	2.0	0.0	0.026813051228518747	2.5
1.0	2.0	0.0	0.026813051228518747	2.5
1.0	1.0	0.0	0.013427297106989127	3.3
1.0	1.0	0.0	0.013427297106989127	3.3
1.0	1.0	0.0	0.013427297106989127	3.3
1.0	1.0	0.0	0.013427297106989127	3.3
1.0	0.0	0.0	0.0	0.0
1.0	1.0	0.0	0.014077218229180614	3.4
1.0	1.0	0.0	0.014077218229180614	3.4
1.0	1.0	0.0	0.014077218229180614	3.4
1.0	1.0	0.0	0.014077218229180614	3.4
1.0	2.0	0.0	0.027015730284086298	2.625
1.0	2.0	0.0	0.027015730284086298	2.625
1.0	2.0	0.0	0.027015730284086298	2.625
1.0	2.0	0.0	0.027015730284086298	2.625
1.0	2.0	0.0	0.027663891564653202	3.0
1.0	2.0	0.0	0.027663891564653202	3.0
1.0	2.0	0.0	0.027663891564653202	3.0
1.0	2.0	0.0	0.027663891564653202	3.0
1.0	2.0	0.0	0.028906486586607306	3.625
1.0	2.0	0.0	0.028906486586607306	3.625
1.0	2.0	0.0	0.028906486586607306	3.625
1.0	2.0	0.0	0.028906486586607306	3.625
1.0	3.0	0.0	0.03858938685511046	2.5
1.0	3.0	0.0	0.03858938685511046	2.5
1.0	1.0	0.0	0.015507365950393828	4.5
1.0	1.0	0.0	0.015507365950393828	4.5
1.0	1.0	0.0	0.015507365950393828	4.5
1.0	1.0	0.0	0.015507365950393828	4.5
1.0	3.0	0.0	0.03583866855704588	2.0
1.0	3.0	0.0	0.03583866855704588	2.0
1.0	2.0	0.0	0.024178495487772886	2.3
1.0	2.0	0.0	0.024178495487772886	2.3
1.0	2.0	0.0	0.024178495487772886	2.3
1.0	2.0	0.0	0.024178495487772886	2.3
1.0	3.0	0.0	0.03642566436299002	2.4
1.0	3.0	0.0	0.03642566436299002	2.4
1.0	3.0	0.0	0.03642566436299002	2.4
1.0	3.0	0.0	0.03642566436299002	2.4
1.0	2.0	0.0	0.024354594213978255	2.7
1.0	2.0	0.0	0.024354594213978255	2.7
