Constant_feature	Degree	Clustering_coefficient	Pagerank	Aver_path_len
1.0	4.0	0.0	0.10851169839564076	4.611111111111111
1.0	2.0	0.0	0.051370210339922034	4.0
1.0	2.0	0.0	0.053622810267665535	4.166666666666667
1.0	1.0	0.0	0.02967785474838188	5.555555555555555
1.0	1.0	0.0	0.02967785474838188	5.555555555555555
1.0	1.0	0.0	0.02967785474838188	5.555555555555555
1.0	2.0	0.0	0.05810848928026277	5.777777777777778
1.0	1.0	0.0	0.02983774665113068	5.888888888888889
1.0	3.0	0.0	0.07189625091366214	3.4444444444444446
1.0	3.0	0.0	0.07301702806068658	3.3333333333333335
1.0	3.0	0.0	0.07230926687139147	3.5
1.0	2.0	0.0	0.048737975405572655	3.388888888888889
1.0	2.0	0.0	0.048855999952224186	3.611111111111111
1.0	2.0	0.0	0.048940296803316914	3.5555555555555554
1.0	2.0	0.0	0.050482315352723336	3.8333333333333335
1.0	2.0	0.0	0.0525543843921822	4.333333333333333
1.0	1.0	0.0	0.029393000508312582	5.111111111111111
1.0	3.0	0.0	0.08191659689620552	4.944444444444445
1.0	1.0	0.0	0.031412365663954805	6.722222222222222
