Constant_feature	Degree	Clustering_coefficient	Pagerank	Aver_path_len
1.0	1.0	0.0	0.025339004330466014	3.375
1.0	2.0	0.0	0.04820835712485992	3.125
1.0	2.0	0.0	0.04820835712485992	3.125
1.0	1.0	0.0	0.02929660383649979	4.25
1.0	1.0	0.0	0.02929660383649979	4.25
1.0	4.0	0.0	0.08635989504045474	2.625
1.0	3.0	0.0	0.0633346917312064	2.75
1.0	3.0	0.0	0.0634360368701829	2.4375
1.0	3.0	0.0	0.0634360368701829	2.4375
1.0	3.0	0.0	0.06337107698541583	2.5625
1.0	3.0	0.0	0.06337107698541583	2.5625
1.0	3.0	0.0	0.06370851947963309	2.375
1.0	4.0	0.0	0.0864727445964464	2.4375
1.0	4.0	0.0	0.08783879830359921	2.375
1.0	3.0	0.0	0.07804541995243877	3.3125
1.0	2.0	0.0	0.05013838846591911	3.875
1.0	2.0	0.0	0.05013838846591911	3.875
