Constant_feature	Degree	Clustering_coefficient	Pagerank	Aver_path_len
1.0	1.0	0.0	0.014175327809747828	11.722222222222221
1.0	1.0	0.0	0.013265847782422605	8.944444444444445
1.0	2.0	0.0	0.02467868680945774	6.138888888888889
1.0	2.0	0.0	0.026786323413197984	7.555555555555555
1.0	2.0	0.0	0.024911412714068375	6.555555555555555
1.0	3.0	0.0	0.034352453805901566	8.63888888888889
1.0	2.0	0.0	0.023590155082453684	7.638888888888889
1.0	2.0	0.0	0.024616861161878056	7.611111111111111
1.0	2.0	0.0	0.02442460749547191	8.5
1.0	3.0	0.0	0.0344181411745384	8.777777777777779
1.0	2.0	0.0	0.023933402476614758	9.666666666666666
1.0	2.0	0.0	0.02423388892106096	10.36111111111111
1.0	2.0	0.0	0.02391369717672116	9.527777777777779
1.0	2.0	0.0	0.023643749744536487	8.277777777777779
1.0	3.0	0.0	0.035210549834953295	7.972222222222222
1.0	3.0	0.0	0.0342092876283656	7.361111111111111
1.0	3.0	0.0	0.03415943393813038	6.944444444444445
1.0	2.0	0.0	0.023768251460769198	7.0
1.0	2.0	0.0	0.023507171278947504	6.583333333333333
1.0	3.0	0.0	0.03600882428076619	6.638888888888889
1.0	3.0	0.0	0.035189338621335886	6.222222222222222
1.0	2.0	0.0	0.02537684609459423	6.111111111111111
1.0	2.0	0.0	0.02570703331716329	6.138888888888889
1.0	2.0	0.0	0.02574554698291547	6.222222222222222
1.0	2.0	0.0	0.025497224915858478	6.361111111111111
1.0	1.0	0.0	0.014756480423500053	8.527777777777779
1.0	3.0	0.0	0.03577889181141598	6.805555555555555
1.0	2.0	0.0	0.02397925522316026	7.277777777777778
1.0	3.0	0.0	0.03513773298713693	7.694444444444445
1.0	3.0	0.0	0.035519235205844005	8.333333333333334
1.0	3.0	0.0	0.037263192118675896	8.027777777777779
1.0	2.0	0.0	0.024747316441653892	9.13888888888889
1.0	2.0	0.0	0.024747316441653892	9.13888888888889
1.0	1.0	0.0	0.013882458068446207	9.0
1.0	2.0	0.0	0.02531251934780563	9.944444444444445
1.0	2.0	0.0	0.02531251934780563	9.944444444444445
1.0	3.0	0.0	0.038239018661030695	10.75
