Constant_feature	Degree	Clustering_coefficient	Pagerank	Aver_path_len
1.0	2.0	0.0	0.03938836783793502	4.318181818181818
1.0	2.0	0.0	0.03938836783793502	4.318181818181818
1.0	2.0	0.0	0.03957176498064482	4.681818181818182
1.0	2.0	0.0	0.039571764980644825	4.681818181818182
1.0	1.0	0.0	0.02237877750451232	5.590909090909091
1.0	2.0	0.0	0.039662074902236805	4.7272727272727275
1.0	2.0	0.0	0.039662074902236805	4.7272727272727275
1.0	3.0	0.0	0.05862908121790432	5.2272727272727275
1.0	3.0	0.0	0.05862908121790432	5.2272727272727275
1.0	3.0	0.0	0.0573112999250526	4.0
1.0	3.0	0.0	0.0573112999250526	4.0
1.0	2.0	0.0	0.03873380103922151	4.045454545454546
1.0	2.0	0.0	0.040482694918227966	6.0
1.0	2.0	0.0	0.040482694918227966	6.0
1.0	2.0	0.0	0.040482694918227966	6.0
1.0	2.0	0.0	0.040482694918227966	6.0
1.0	3.0	0.0	0.060104545070036874	4.636363636363637
1.0	2.0	0.0	0.04121203968163379	6.7727272727272725
1.0	2.0	0.0	0.04121203968163379	6.7727272727272725
1.0	2.0	0.0	0.04121203968163379	6.7727272727272725
1.0	2.0	0.0	0.04121203968163379	6.7727272727272725
1.0	2.0	0.0	0.041439380129617565	7.545454545454546
1.0	2.0	0.0	0.041439380129617565	7.545454545454546
