Constant_feature	Degree	Clustering_coefficient	Pagerank	Aver_path_len
1.0	2.0	0.0	0.018376687048772877	7.6
1.0	2.0	0.0	0.01881324856717891	5.933333333333334
1.0	2.0	0.0	0.018422507791367386	4.888888888888889
1.0	2.0	0.0	0.019603654631860378	9.222222222222221
1.0	1.0	0.0	0.010825521238338586	6.5777777777777775
1.0	1.0	0.0	0.011657960693982247	7.4222222222222225
1.0	1.0	0.0	0.010510527835263562	6.0
1.0	1.0	0.0	0.010560906773246897	6.311111111111111
1.0	1.0	0.0	0.01247117822217907	8.355555555555556
1.0	1.0	0.0	0.010622474639982064	6.888888888888889
1.0	1.0	0.0	0.010626371442043833	7.2
1.0	2.0	0.0	0.021628821198819925	8.222222222222221
1.0	3.0	0.0	0.02687503566022934	6.777777777777778
1.0	1.0	0.0	0.01180753520753209	9.488888888888889
1.0	3.0	0.0	0.026530597048019147	6.133333333333334
1.0	3.0	0.0	0.026895303028750532	6.866666666666666
1.0	2.0	0.0	0.018280091333717136	5.688888888888889
1.0	3.0	0.0	0.027114328848218596	7.533333333333333
1.0	3.0	0.0	0.028307632791768754	6.377777777777778
1.0	3.0	0.0	0.027155171149680746	5.2
1.0	3.0	0.0	0.02869126757724815	7.5777777777777775
1.0	2.0	0.0	0.019129940139460358	8.422222222222222
1.0	3.0	0.0	0.02700420489942325	4.622222222222222
1.0	4.0	0.0	0.0384489745454502	5.6
1.0	2.0	0.0	0.018927270765828792	5.288888888888889
1.0	2.0	0.0	0.01960308266421202	8.466666666666667
1.0	1.0	0.0	0.010666403346779986	7.355555555555555
1.0	2.0	0.0	0.018961052668747983	5.688888888888889
1.0	3.0	0.0	0.026747808793163165	4.711111111111111
1.0	3.0	0.0	0.027116641653265862	5.022222222222222
1.0	3.0	0.0	0.03161558797346049	6.444444444444445
1.0	2.0	0.0	0.02140825244804686	8.511111111111111
1.0	3.0	0.0	0.027787015091946053	5.022222222222222
1.0	3.0	0.0	0.027958392144095453	5.333333333333333
1.0	2.0	0.0	0.022881367712356493	7.377777777777778
1.0	3.0	0.0	0.027102694644318696	5.333333333333333
1.0	3.0	0.0	0.02714367597350363	5.644444444444445
1.0	3.0	0.0	0.028160275846249316	5.911111111111111
1.0	3.0	0.0	0.02817647054224575	6.222222222222222
1.0	3.0	0.0	0.02765588302014707	6.488888888888889
1.0	3.0	0.0	0.027647568592319198	6.8
1.0	3.0	0.0	0.029127423319789993	7.288888888888889
1.0	2.0	0.0	0.019389662937843517	7.688888888888889
1.0	2.0	0.0	0.019833600169962023	8.177777777777777
1.0	2.0	0.0	0.019823482976201498	8.488888888888889
1.0	1.0	0.0	0.011906444402981988	9.2
