Constant_feature	Degree	Clustering_coefficient	Pagerank	Aver_path_len
1.0	2.0	0.0	0.032413835637109416	4.423076923076923
1.0	2.0	0.0	0.03165065365500137	4.6923076923076925
1.0	1.0	0.0	0.01831902931459363	5.269230769230769
1.0	3.0	0.0	0.05335520669191135	6.038461538461538
1.0	2.0	0.0	0.03208829705387307	4.923076923076923
1.0	2.0	0.0	0.03219219500260295	5.3076923076923075
1.0	3.0	0.0	0.049315581781110084	5.384615384615385
1.0	2.0	0.0	0.0387273659930321	6.923076923076923
1.0	2.0	0.0	0.0387273659930321	6.923076923076923
1.0	3.0	0.0	0.04675102214744674	4.346153846153846
1.0	3.0	0.0	0.0469807416607809	4.538461538461538
1.0	2.0	0.0	0.03259386764552053	4.961538461538462
1.0	2.0	0.0	0.0332002293466785	5.1923076923076925
1.0	2.0	0.0	0.03266789467332762	4.769230769230769
1.0	2.0	0.0	0.03166857473304153	4.230769230769231
1.0	3.0	0.0	0.04646842412000412	4.115384615384615
1.0	1.0	0.0	0.021131776388157	7.884615384615385
1.0	1.0	0.0	0.021131776388157	7.884615384615385
1.0	3.0	0.0	0.048716177826070246	4.3076923076923075
1.0	3.0	0.0	0.04632609083175888	4.3076923076923075
1.0	3.0	0.0	0.046829562063801365	5.076923076923077
1.0	3.0	0.0	0.04798891074213753	5.653846153846154
1.0	2.0	0.0	0.033595859894315745	6.461538461538462
1.0	2.0	0.0	0.033595859894315745	6.461538461538462
1.0	2.0	0.0	0.03443449284596538	7.269230769230769
1.0	2.0	0.0	0.03443449284596538	7.269230769230769
1.0	2.0	0.0	0.034694714830289526	8.076923076923077
