Constant_feature	Degree	Clustering_coefficient	Pagerank	Aver_path_len
1.0	4.0	0.0	0.002161132526522054	3.210526315789474
1.0	2.0	0.0	0.0010781622979349318	3.210526315789474
1.0	2.0	0.0	0.0010988893063646162	4.368421052631579
1.0	1.0	0.0	0.000604044294241334	4.157894736842105
1.0	1.0	0.0	0.000604044294241334	4.157894736842105
1.0	1.0	0.0	0.0006056500576997738	4.684210526315789
1.0	1.0	0.0	0.0006586573897236276	6.578947368421052
1.0	3.0	0.0	0.0015879768450205059	3.526315789473684
1.0	3.0	0.0	0.0016692537964866402	5.421052631578948
1.0	2.0	0.0	0.001090323988358979	4.157894736842105
1.0	2.0	0.0	0.001090323988358979	4.157894736842105
1.0	2.0	0.0	0.0011108171094249262	4.7894736842105265
1.0	2.0	0.0	0.0011108171094249262	4.7894736842105265
1.0	3.0	0.0	0.0015778839146433753	3.3157894736842106
1.0	3.0	0.0	0.0016321070314926835	3.736842105263158
1.0	3.0	0.0	0.0016493396399190033	4.7894736842105265
1.0	1.0	0.0	0.0006188508340353402	6.368421052631579
1.0	2.0	0.0	0.0010998653580036725	4.2631578947368425
1.0	2.0	0.0	0.0010859286726499474	3.8421052631578947
1.0	2.0	0.0	0.0012031544159317575	5.631578947368421
1.0	1.0	0.0	0.0006133517692886336	6.538461538461538
1.0	1.0	0.0	0.0006131769104860522	4.269230769230769
1.0	1.0	0.0	0.0006131769104860522	4.269230769230769
1.0	1.0	0.0	0.000602758004744969	4.615384615384615
1.0	1.0	0.0	0.000602758004744969	4.615384615384615
1.0	1.0	0.0	0.000638904972878168	4.923076923076923
1.0	1.0	0.0	0.0006152501526319366	5.769230769230769
1.0	3.0	0.0	0.001652504766323035	4.230769230769231
1.0	3.0	0.0	0.001652504766323035	4.230769230769231
1.0	3.0	0.0	0.0018450310709784716	4.769230769230769
1.0	3.0	0.0	0.0015427108019425671	2.8846153846153846
1.0	3.0	0.0	0.0015512514999125393	3.076923076923077
1.0	4.0	0.0	0.002203723137705222	3.3076923076923075
1.0	3.0	0.0	0.0015454622155786912	3.3846153846153846
1.0	3.0	0.0	0.0016209115882084614	3.6538461538461537
1.0	3.0	0.0	0.0016209115882084614	3.6538461538461537
1.0	3.0	0.0	0.0017435326842752093	3.9615384615384617
1.0	3.0	0.0	0.00166237492784816	4.8076923076923075
1.0	2.0	0.0	0.0010741798562473848	4.115384615384615
1.0	2.0	0.0	0.0010741798562473848	4.115384615384615
1.0	1.0	0.0	0.0006125981176864967	5.1923076923076925
1.0	1.0	0.0	0.0006125981176864967	5.1923076923076925
1.0	2.0	0.0	0.0010965290175142866	4.846153846153846
1.0	2.0	0.0	0.0010965290175142866	4.846153846153846
1.0	3.0	0.0	0.0016560192201335463	5.576923076923077
1.0	1.0	0.0	0.0006711609497756642	5.730769230769231
1.0	1.0	0.0	0.0006711609497756642	5.730769230769231
1.0	2.0	0.0	0.0010089666017086244	3.5454545454545454
1.0	2.0	1.0	0.0010351149673258975	5.909090909090909
1.0	2.0	0.0	0.0011671515943469054	5.2272727272727275
1.0	2.0	0.0	0.0011671515943469054	5.2272727272727275
1.0	2.0	0.0	0.000993091733495854	3.8181818181818183
1.0	3.0	0.3333333333333333	0.0015088254673446184	5.0
1.0	2.0	1.0	0.0010351149673258975	5.909090909090909
1.0	2.0	0.0	0.0010232429445877025	4.2272727272727275
1.0	3.0	0.0	0.0014387629488124799	2.9545454545454546
1.0	3.0	0.0	0.0014473886071742032	3.1818181818181817
1.0	3.0	0.0	0.0014473886071742032	3.1818181818181817
1.0	3.0	0.0	0.0014601628362031695	3.590909090909091
1.0	3.0	0.0	0.0014601628362031695	3.590909090909091
1.0	2.0	0.0	0.001023523619869567	3.772727272727273
1.0	2.0	0.0	0.001023523619869567	3.772727272727273
1.0	2.0	0.0	0.001028504120486052	4.181818181818182
1.0	2.0	0.0	0.001028504120486052	4.181818181818182
1.0	3.0	0.0	0.0015764219032772544	4.363636363636363
1.0	3.0	0.0	0.0015764219032772544	4.363636363636363
1.0	2.0	0.0	0.001052123804811734	4.7727272727272725
1.0	2.0	0.0	0.001052123804811734	4.7727272727272725
1.0	1.0	0.0	0.0006420668490556618	6.181818181818182
1.0	1.0	0.0	0.0006420668490556618	6.181818181818182
1.0	0.0	0.0	0.0	0.0
1.0	2.0	0.0	0.001167471359506951	3.6875
1.0	1.0	0.0	0.0005865519204724043	3.625
1.0	3.0	0.0	0.001564689836434833	2.9375
1.0	2.0	0.0	0.001031663928929145	3.5625
1.0	3.0	0.0	0.0014534434248447416	2.4375
1.0	3.0	0.0	0.0014930607581781373	2.375
1.0	3.0	0.0	0.001484016168340796	2.625
1.0	3.0	0.0	0.0014841293964584867	2.875
1.0	3.0	0.0	0.0015644216490571011	2.6875
1.0	2.0	0.0	0.0010343515125687875	2.9375
1.0	3.0	0.0	0.0015784541759486749	2.875
1.0	2.0	0.0	0.0010527224287455903	3.375
1.0	2.0	0.0	0.0010345833690972297	3.4375
1.0	2.0	0.0	0.0010316275980798552	3.3125
1.0	1.0	0.0	0.0005866274058841982	3.875
1.0	2.0	0.0	0.0010462327363843476	3.75
1.0	1.0	0.0	0.0006425917709753656	4.625
1.0	2.0	0.0	0.0010592043582688066	4.2105263157894735
1.0	2.0	0.0	0.0010592043582688066	4.2105263157894735
1.0	2.0	0.0	0.0010606841775024792	4.105263157894737
1.0	2.0	0.0	0.0010606841775024792	4.105263157894737
1.0	4.0	0.0	0.002169014450088551	4.684210526315789
1.0	4.0	0.0	0.002169014450088551	4.684210526315789
1.0	2.0	0.0	0.0010814122127036016	4.7894736842105265
1.0	2.0	0.0	0.0010814122127036016	4.7894736842105265
1.0	1.0	0.0	0.0006047703706756467	5.631578947368421
1.0	1.0	0.0	0.0006047703706756467	5.631578947368421
1.0	1.0	0.0	0.0006047703706756467	5.631578947368421
1.0	1.0	0.0	0.0006047703706756467	5.631578947368421
1.0	3.0	0.0	0.0015195995417760467	3.526315789473684
1.0	3.0	0.0	0.0015195995417760467	3.526315789473684
1.0	3.0	0.0	0.0014968692426771525	3.210526315789474
1.0	3.0	0.0	0.0014968692426771525	3.210526315789474
1.0	2.0	0.0	0.001014710278968735	3.210526315789474
1.0	2.0	0.0	0.0010389889797149856	3.9473684210526314
1.0	2.0	0.0	0.0010389889797149856	3.9473684210526314
1.0	2.0	0.0	0.0010518851833438401	3.9473684210526314
1.0	1.0	0.0	0.0005879215628746905	3.4
1.0	2.0	0.0	0.0011172085780297679	2.6666666666666665
1.0	4.0	0.0	0.0020917644478971485	2.6
1.0	4.0	0.0	0.0020504417967570536	2.533333333333333
1.0	3.0	0.0	0.0015221996353933526	2.4
1.0	2.0	0.0	0.0010486661989779667	3.2666666666666666
1.0	2.0	0.0	0.001044621596682194	3.066666666666667
1.0	3.0	0.0	0.0015460390769773914	2.2666666666666666
1.0	3.0	0.0	0.0015722568242833037	2.466666666666667
1.0	1.0	0.0	0.0005873931607301046	3.533333333333333
1.0	1.0	0.0	0.0005873931607301046	3.533333333333333
1.0	1.0	0.0	0.0005782665931206929	3.466666666666667
1.0	4.0	0.0	0.0023772005362575743	3.2
1.0	1.0	0.0	0.0006528017092237934	4.133333333333334
1.0	1.0	0.0	0.0006528017092237934	4.133333333333334
1.0	1.0	0.0	0.0006528017092237934	4.133333333333334
1.0	1.0	0.0	0.0006394149103939692	5.68
1.0	1.0	0.0	0.0006394149103939692	5.68
1.0	1.0	0.0	0.0006394149103939692	5.68
1.0	1.0	0.0	0.0006394149103939692	5.68
1.0	1.0	0.0	0.0006394149103939692	5.68
1.0	1.0	0.0	0.0006394149103939692	5.68
1.0	1.0	0.0	0.0005776498159163266	5.08
1.0	2.0	0.0	0.0010164071553031328	3.44
1.0	4.0	0.0	0.0020644228702146167	4.6
1.0	4.0	0.0	0.002022322680384002	4.56
1.0	3.0	0.0	0.0014882618504531322	4.08
1.0	2.0	0.0	0.0010343875347108874	5.4
1.0	2.0	0.0	0.001029137297053226	4.88
1.0	3.0	0.0	0.0015353260656853444	4.12
1.0	3.0	0.0	0.0014827982141721978	3.6
1.0	1.0	0.0	0.0005811221410820006	5.56
1.0	1.0	0.0	0.0005811221410820006	5.56
1.0	1.0	0.0	0.0005715302787162231	5.52
1.0	3.0	0.0	0.0015228993025292897	3.36
1.0	2.0	0.0	0.0010495150629724838	3.84
1.0	2.0	0.0	0.0010495150629724838	3.84
1.0	3.0	0.0	0.0015973125348013495	4.0
1.0	3.0	0.0	0.0015973125348013495	4.0
1.0	2.0	0.0	0.0010714668364440283	4.48
1.0	4.0	0.0	0.0023146954449820203	4.72
1.0	4.0	0.0	0.0023146954449820203	4.72
1.0	1.0	0.0	0.0006156677753989435	9.566666666666666
1.0	2.0	0.0	0.0010604883069232267	4.966666666666667
1.0	2.0	0.0	0.0010497774889703557	5.733333333333333
1.0	1.0	0.0	0.0006337140981375791	7.233333333333333
1.0	2.0	0.0	0.001302898465860576	9.266666666666667
1.0	1.0	0.0	0.0006702245248058921	9.333333333333334
1.0	3.0	0.0	0.001459292962078184	4.533333333333333
1.0	2.0	0.0	0.0010210337708523114	5.3
1.0	2.0	0.0	0.0010238010280266446	5.233333333333333
1.0	2.0	0.0	0.0011730355424459933	6.9
1.0	3.0	0.0	0.0014782566570955482	4.8
1.0	3.0	0.0	0.0015031020352016136	5.166666666666667
1.0	3.0	0.0	0.0014919451541155512	4.666666666666667
1.0	2.0	0.0	0.0010331623483947885	5.233333333333333
1.0	2.0	0.0	0.0011018209324179331	5.333333333333333
1.0	2.0	0.0	0.0011297810578024584	5.766666666666667
1.0	2.0	0.0	0.0010549185251758162	6.0
1.0	2.0	0.0	0.0010549185251758162	6.0
1.0	3.0	0.0	0.0017223988344246197	6.266666666666667
1.0	2.0	0.0	0.0010816386259360463	6.833333333333333
1.0	2.0	0.0	0.0010816386259360463	6.833333333333333
1.0	2.0	0.0	0.0010907608453140523	7.666666666666667
1.0	3.0	0.0	0.0015632100395635657	6.3
1.0	2.0	0.0	0.001197781129244206	7.6
1.0	2.0	0.0	0.0010807520775012484	7.066666666666666
1.0	2.0	0.0	0.0010807520775012484	7.066666666666666
1.0	2.0	0.0	0.0011025299057219537	7.833333333333333
1.0	2.0	0.0	0.0011025299057219537	7.833333333333333
1.0	3.0	0.0	0.001661403807634177	8.6
1.0	3.0	0.0	0.001846151779963778	8.366666666666667
1.0	1.0	0.0	0.0007033085958994065	10.233333333333333
1.0	1.0	0.0	0.0006157724487786145	8.16
1.0	2.0	0.0	0.0010828265602263317	4.64
1.0	2.0	0.0	0.0010509284033311528	4.56
1.0	1.0	0.0	0.000680717267653715	7.76
1.0	1.0	0.0	0.000680717267653715	7.76
1.0	3.0	0.0	0.0014665725417342427	3.72
1.0	2.0	0.0	0.0010253323109009479	4.44
1.0	2.0	0.0	0.0010304286029373297	4.56
1.0	3.0	0.0	0.00148318640677172	3.84
1.0	3.0	0.0	0.001506414559567891	4.28
1.0	3.0	0.0	0.0015062363726263239	4.08
1.0	2.0	0.0	0.0010352229877399746	4.16
1.0	2.0	0.0	0.001056701786887826	5.08
1.0	2.0	0.0	0.001056701786887826	5.08
1.0	2.0	0.0	0.0011395095434603543	5.28
1.0	2.0	0.0	0.0011945159251800378	6.0
1.0	2.0	0.0	0.001082710225676269	5.88
1.0	2.0	0.0	0.001082710225676269	5.88
1.0	3.0	0.0	0.0015641097163606684	5.04
1.0	2.0	0.0	0.001092020364765413	6.68
1.0	2.0	0.0	0.001081121690429983	5.76
1.0	2.0	0.0	0.001081121690429983	5.76
1.0	3.0	0.0	0.0018754640898702658	6.8
1.0	2.0	0.0	0.0011028138589416168	6.48
1.0	2.0	0.0	0.0011028138589416168	6.48
1.0	3.0	0.0	0.0016617192381918422	7.2
1.0	0.0	0.0	0.0	0.0
1.0	1.0	0.0	0.000573375123304447	5.090909090909091
1.0	1.0	0.0	0.0005918261064163429	6.848484848484849
1.0	1.0	0.0	0.000627259187514322	6.666666666666667
1.0	1.0	0.0	0.000627259187514322	6.666666666666667
1.0	3.0	0.0	0.001477920888200339	3.8181818181818183
1.0	3.0	0.0	0.0014880088124705616	4.121212121212121
1.0	2.0	0.0	0.0009826949038085505	4.7272727272727275
1.0	3.0	0.0	0.001870982060466141	6.848484848484849
1.0	3.0	0.0	0.0018727554862966826	7.151515151515151
1.0	3.0	0.0	0.0017019005212912251	5.696969696969697
1.0	3.0	0.0	0.0014126060472740923	3.757575757575758
1.0	3.0	0.0	0.0014022572704420306	3.757575757575758
1.0	3.0	0.0	0.0014397475532606794	4.0606060606060606
1.0	2.0	0.0	0.001071148249607061	4.484848484848484
1.0	3.0	0.0	0.001524339287227842	4.121212121212121
1.0	2.0	0.0	0.001075314588543452	4.787878787878788
1.0	3.0	0.0	0.001435298424638661	4.303030303030303
1.0	3.0	0.0	0.0014363475458636426	4.181818181818182
1.0	2.0	0.0	0.0011320891859207124	5.212121212121212
1.0	2.0	0.0	0.0011348053188287696	5.515151515151516
1.0	2.0	0.0	0.0010106072395763765	4.7272727272727275
1.0	3.0	0.0	0.0014519508287869172	4.7272727272727275
1.0	3.0	0.0	0.0015203427014663716	4.848484848484849
1.0	2.0	0.0	0.0011897467206411607	6.0
1.0	2.0	0.0	0.0011913684833401296	6.303030303030303
1.0	2.0	0.0	0.0010279452737468118	5.151515151515151
1.0	2.0	0.0	0.0010227336175774387	5.090909090909091
1.0	2.0	0.0	0.0010259301790683886	5.515151515151516
1.0	3.0	0.0	0.0015829193875206093	5.878787878787879
1.0	2.0	0.0	0.0010537456269124534	6.303030303030303
1.0	1.0	0.0	0.0006792848376802328	7.818181818181818
1.0	1.0	0.0	0.0006792848376802328	7.818181818181818
1.0	1.0	0.0	0.0006797416984631424	8.121212121212121
1.0	1.0	0.0	0.0006797416984631424	8.121212121212121
1.0	2.0	0.0	0.0010823790456104044	7.594594594594595
1.0	2.0	0.0	0.0010823790456104044	7.594594594594595
1.0	2.0	0.0	0.001048327037729262	7.486486486486487
1.0	2.0	0.0	0.001048327037729262	7.486486486486487
1.0	3.0	0.0	0.0016848083539642766	7.54054054054054
1.0	2.0	0.0	0.0011216407790399527	7.5675675675675675
1.0	2.0	0.0	0.0011216407790399527	7.5675675675675675
1.0	1.0	0.0	0.0006227519485180932	8.513513513513514
1.0	2.0	0.0	0.0011073701120626472	7.594594594594595
1.0	2.0	0.0	0.0011073701120626472	7.594594594594595
1.0	3.0	0.0	0.0015544492391263891	7.54054054054054
1.0	3.0	0.0	0.0015544492391263891	7.54054054054054
1.0	2.0	0.0	0.0010464006504587913	7.378378378378378
1.0	2.0	0.0	0.0010464006504587913	7.378378378378378
1.0	3.0	0.0	0.0015295973618527287	7.351351351351352
1.0	3.0	0.0	0.0015295973618527287	7.351351351351352
1.0	2.0	0.0	0.0010578759801961582	7.5675675675675675
1.0	2.0	0.0	0.0010578759801961582	7.5675675675675675
1.0	2.0	0.0	0.0010578759801961582	7.5675675675675675
1.0	2.0	0.0	0.0010578759801961582	7.5675675675675675
1.0	2.0	0.0	0.0010464869659677083	7.4324324324324325
1.0	2.0	0.0	0.0010464869659677083	7.4324324324324325
1.0	2.0	0.0	0.0010464869659677083	7.4324324324324325
1.0	2.0	0.0	0.0010464869659677083	7.4324324324324325
1.0	3.0	0.0	0.0015378960113763204	7.45945945945946
1.0	3.0	0.0	0.0015378960113763204	7.45945945945946
1.0	2.0	0.0	0.001053298604471633	7.54054054054054
1.0	2.0	0.0	0.001053298604471633	7.54054054054054
1.0	2.0	0.0	0.001053298604471633	7.54054054054054
1.0	2.0	0.0	0.001053298604471633	7.54054054054054
1.0	3.0	0.0	0.0015301890180415099	7.4324324324324325
1.0	3.0	0.0	0.0015301890180415099	7.4324324324324325
1.0	2.0	0.0	0.0010468942333325668	7.45945945945946
1.0	2.0	0.0	0.0010468942333325668	7.45945945945946
1.0	2.0	0.0	0.0010468942333325668	7.45945945945946
1.0	2.0	0.0	0.0010468942333325668	7.45945945945946
1.0	2.0	0.0	0.0010492207524791645	7.486486486486487
1.0	2.0	0.0	0.0010492207524791645	7.486486486486487
1.0	2.0	0.0	0.0010386994525136022	3.3333333333333335
1.0	1.0	0.0	0.0006373274743041839	4.466666666666667
1.0	1.0	0.0	0.0006373274743041839	4.466666666666667
1.0	1.0	0.0	0.0006373274743041839	4.466666666666667
1.0	2.0	0.0	0.0010378215442063336	3.066666666666667
1.0	1.0	0.0	0.0006734593822775072	5.666666666666667
1.0	3.0	0.0	0.0015063309844736187	2.7333333333333334
1.0	3.0	0.0	0.0015062690645580442	3.0
1.0	3.0	0.0	0.0015864311200243005	3.0
1.0	2.0	0.0	0.0010432567955288264	2.8666666666666667
1.0	2.0	0.0	0.0010480182241015864	3.1333333333333333
1.0	2.0	0.0	0.0010627876467810648	3.2666666666666666
1.0	3.0	0.0	0.0015652688992341195	3.2666666666666666
1.0	4.0	0.0	0.0023094583480145555	3.533333333333333
1.0	2.0	0.0	0.0011431329709590105	3.933333333333333
1.0	2.0	0.0	0.001236861440797605	4.733333333333333
1.0	2.0	0.0	0.0010060553851977687	4.384615384615385
1.0	4.0	0.0	0.0021780404744937603	4.923076923076923
1.0	1.0	0.0	0.0006065216505000268	5.884615384615385
1.0	1.0	0.0	0.0006065216505000268	5.884615384615385
1.0	1.0	0.0	0.000624592499637008	5.923076923076923
1.0	1.0	0.0	0.0006447959195452242	8.038461538461538
1.0	1.0	0.0	0.0006447959195452242	8.038461538461538
1.0	3.0	0.0	0.0014554579970190217	4.076923076923077
1.0	2.0	0.0	0.0009907543687660253	4.230769230769231
1.0	2.0	0.0	0.001007104166745239	4.3076923076923075
1.0	2.0	0.0	0.0011444923876187938	5.576923076923077
1.0	3.0	0.0	0.0018795671844752241	7.115384615384615
1.0	3.0	0.0	0.0017578412595888216	7.076923076923077
1.0	3.0	0.0	0.0014625625834478958	4.1923076923076925
1.0	3.0	0.0	0.0014997095355981115	4.076923076923077
1.0	3.0	0.0	0.0014519586881539895	4.153846153846154
1.0	3.0	0.0	0.0014979082646261312	4.538461538461538
1.0	3.0	0.0	0.0015123621220935904	4.5
1.0	2.0	0.0	0.0010487063118300394	5.115384615384615
1.0	2.0	0.0	0.0010487063118300394	5.115384615384615
1.0	2.0	0.0	0.0011290255875657104	4.961538461538462
1.0	2.0	0.0	0.0010701027686509136	5.6923076923076925
1.0	2.0	0.0	0.0010701027686509136	5.6923076923076925
1.0	3.0	0.0	0.0016091590765210126	6.269230769230769
1.0	2.0	0.0	0.0011963644495791505	6.3076923076923075
1.0	1.0	0.0	0.0006810207714830918	8.076923076923077
1.0	1.0	0.0	0.0006810207714830918	8.076923076923077
1.0	1.0	0.0	0.000612898153708349	8.78125
1.0	2.0	0.0	0.001020771142240353	5.34375
1.0	2.0	0.0	0.00110311257365449	6.40625
1.0	2.0	0.0	0.001016958887434429	4.875
1.0	2.0	0.0	0.0011714185044096619	7.40625
1.0	1.0	0.0	0.0005774088702264979	5.84375
1.0	3.0	0.0	0.0018827018671790973	8.75
1.0	3.0	0.0	0.0014325587388120484	4.0625
1.0	3.0	0.0	0.0014526437885285016	4.53125
1.0	3.0	0.0	0.001474670479569974	4.34375
1.0	3.0	0.0	0.0014759505733247308	5.0625
1.0	3.0	0.0	0.0014661993202872811	4.34375
1.0	2.0	0.0	0.0010256397346410041	5.25
1.0	2.0	0.0	0.0010283822150742826	4.8125
1.0	2.0	0.0	0.0010283822150742826	4.8125
1.0	3.0	0.0	0.001552137749281944	5.75
1.0	2.0	0.0	0.0010352995480701413	5.78125
1.0	2.0	0.0	0.0012028364686206849	7.90625
1.0	3.0	0.0	0.0015336752733611666	4.875
1.0	2.0	0.0	0.0011514404731767318	7.125
1.0	2.0	0.0	0.001047231684598314	5.28125
1.0	2.0	0.0	0.001047231684598314	5.28125
1.0	3.0	0.0	0.001582449958722389	6.5
1.0	2.0	0.0	0.0010540451813650655	5.96875
1.0	3.0	0.0	0.0015392105309745925	5.46875
1.0	1.0	0.0	0.0006832071453824552	9.71875
1.0	1.0	0.0	0.0006832071453824552	9.71875
1.0	2.0	0.0	0.001069834334971263	6.25
1.0	2.0	0.0	0.001069834334971263	6.25
1.0	1.0	0.0	0.0006433277674769344	8.375
1.0	2.0	0.0	0.0010950088854157951	7.03125
1.0	2.0	0.0	0.0010950088854157951	7.03125
1.0	3.0	0.0	0.0016517336203390807	7.8125
1.0	2.0	0.0	0.0010727541761558395	3.2916666666666665
1.0	2.0	0.0	0.0012406191633819606	4.625
1.0	2.0	0.0	0.0012406191633819606	4.625
1.0	2.0	0.0	0.001242532828173232	4.75
1.0	2.0	0.0	0.001242532828173232	4.75
1.0	1.0	0.0	0.0006331914636888772	4.708333333333333
1.0	1.0	0.0	0.0006331914636888772	4.708333333333333
1.0	1.0	0.0	0.0006342515250725196	4.833333333333333
1.0	1.0	0.0	0.0006342515250725196	4.833333333333333
1.0	3.0	0.0	0.0017507579774887882	3.7083333333333335
1.0	3.0	0.0	0.001597137835547075	2.9166666666666665
1.0	3.0	0.0	0.0015899466868197864	3.0416666666666665
1.0	3.0	0.0	0.0015899466868197864	3.0416666666666665
1.0	3.0	0.0	0.0015947882671853036	3.1666666666666665
1.0	3.0	0.0	0.0015947882671853036	3.1666666666666665
1.0	1.0	0.0	0.0006423473153910959	4.666666666666667
1.0	1.0	0.0	0.0006423473153910959	4.666666666666667
1.0	3.0	0.0	0.0017230523741709042	3.75
1.0	3.0	0.0	0.0017230523741709042	3.75
1.0	3.0	0.0	0.0017239007734783643	3.875
1.0	3.0	0.0	0.0017239007734783643	3.875
1.0	1.0	0.0	0.0006753744399752476	5.583333333333333
1.0	1.0	0.0	0.0006753744399752476	5.583333333333333
1.0	1.0	0.0	0.0006754344621158586	5.708333333333333
1.0	1.0	0.0	0.0006754344621158586	5.708333333333333
1.0	1.0	0.0	0.0006055917220457269	5.590909090909091
1.0	2.0	0.0	0.0010386254497109784	5.409090909090909
1.0	2.0	0.0	0.0010386254497109784	5.409090909090909
1.0	2.0	0.0	0.0012302654831922058	4.7727272727272725
1.0	1.0	0.0	0.0006269655190201255	4.863636363636363
1.0	4.0	0.0	0.0019738746309762305	4.590909090909091
1.0	2.0	0.0	0.0010246794224206505	4.181818181818182
1.0	2.0	0.0	0.0010246794224206505	4.181818181818182
1.0	2.0	0.0	0.0010311938803987642	3.772727272727273
1.0	3.0	0.0	0.0015106119718813174	3.3636363636363638
1.0	2.0	0.0	0.0010311938803987642	3.772727272727273
1.0	3.0	0.0	0.0015542552390902917	3.227272727272727
1.0	2.0	0.0	0.0010619700866675449	6.2272727272727275
1.0	2.0	0.0	0.0010619700866675449	6.2272727272727275
1.0	2.0	0.0	0.0010526410535815944	3.5454545454545454
1.0	3.0	0.0	0.0017002426074629953	3.909090909090909
1.0	3.0	0.0	0.0015674171815348267	3.9545454545454546
1.0	3.0	0.0	0.001628440574349199	4.636363636363637
1.0	2.0	0.0	0.001083316194233261	4.7272727272727275
1.0	2.0	0.0	0.0011057713108874822	5.409090909090909
1.0	2.0	0.0	0.0011047251930274837	5.5
1.0	1.0	0.0	0.000670105101266203	5.7272727272727275
1.0	2.0	0.0	0.0011106448401053469	6.181818181818182
1.0	2.0	0.0	0.0010480369677984182	3.0
1.0	2.0	0.0	0.0010480369677984182	3.0
1.0	2.0	0.0	0.001236190306556478	4.421052631578948
1.0	2.0	0.0	0.001236190306556478	4.421052631578948
1.0	1.0	0.0	0.0006305153392143378	4.526315789473684
1.0	1.0	0.0	0.0006305153392143378	4.526315789473684
1.0	4.0	0.0	0.0020396299120214343	2.8421052631578947
1.0	3.0	0.0	0.0015744278510190965	2.9473684210526314
1.0	3.0	0.0	0.0015744278510190965	2.9473684210526314
1.0	3.0	0.0	0.00153974995150745	3.263157894736842
1.0	1.0	0.0	0.000575687555825124	3.789473684210526
1.0	3.0	0.0	0.0017128403321982721	3.5789473684210527
1.0	3.0	0.0	0.0017128403321982726	3.5789473684210527
1.0	2.0	0.0	0.0010708357656090193	4.0
1.0	2.0	0.0	0.0010708357656090193	4.0
1.0	2.0	0.0	0.0010945247156580612	4.7368421052631575
1.0	2.0	0.0	0.0010945247156580612	4.7368421052631575
1.0	2.0	0.0	0.0011014124370314752	5.473684210526316
1.0	1.0	0.0	0.0006730002289927781	5.368421052631579
1.0	1.0	0.0	0.0006730002289927781	5.368421052631579
1.0	4.0	0.0	0.0023580879962025814	8.342857142857143
1.0	2.0	0.0	0.0011650657077401825	7.714285714285714
1.0	1.0	0.0	0.000580667444071227	6.6
1.0	2.0	0.0	0.00108974707466747	7.371428571428571
1.0	2.0	0.0	0.0012195557627659981	7.0285714285714285
1.0	1.0	0.0	0.0006205676061629297	7.085714285714285
1.0	3.0	0.0	0.0014684049073289604	5.514285714285714
1.0	2.0	0.0	0.0010371514851975063	5.571428571428571
1.0	3.0	0.0	0.0014885111589173384	5.828571428571428
1.0	3.0	0.0	0.0014699243469276351	5.371428571428571
1.0	2.0	0.0	0.0010209337997412117	6.2
1.0	2.0	0.0	0.0010173049764617289	5.9714285714285715
1.0	2.0	0.0	0.0010488262444941006	6.285714285714286
1.0	3.0	0.0	0.0015182088211213144	5.314285714285714
1.0	3.0	0.0	0.0015459348367603716	5.628571428571429
1.0	3.0	0.0	0.0015208531847128051	5.428571428571429
1.0	2.0	0.0	0.001072557149622472	5.771428571428571
1.0	2.0	0.0	0.0010791892258610505	6.8
1.0	4.0	0.0	0.0024507366585090427	9.142857142857142
1.0	3.0	0.0	0.001678441286218173	6.114285714285714
1.0	2.0	0.0	0.0011095442625575459	6.171428571428572
1.0	2.0	0.0	0.0011341726314863935	6.628571428571429
1.0	2.0	0.0	0.0011515449914513943	7.142857142857143
1.0	1.0	0.0	0.0006684592315314558	10.114285714285714
1.0	1.0	0.0	0.0006684592315314558	10.114285714285714
1.0	1.0	0.0	0.0006684592315314558	10.114285714285714
1.0	1.0	0.0	0.0006469661847499816	9.314285714285715
1.0	1.0	0.0	0.0006469661847499816	9.314285714285715
1.0	2.0	0.0	0.0010837425944567576	8.0
1.0	1.0	0.0	0.000665096847383592	8.0
1.0	3.0	0.0	0.001587699000072094	8.685714285714285
1.0	2.0	0.0	0.0010933520843804433	9.542857142857143
1.0	2.0	0.0	0.0010933520843804433	9.542857142857143
1.0	2.0	0.0	0.0011107923098804561	10.4
1.0	2.0	0.0	0.0011107923098804561	10.4
1.0	2.0	0.0	0.0011169323133531244	11.257142857142858
1.0	2.0	0.0	0.0010830743480928992	4.708333333333333
1.0	1.0	0.0	0.0005976947369930174	5.625
1.0	1.0	0.0	0.0005961804139638724	5.708333333333333
1.0	3.0	0.0	0.0015468170852339215	4.041666666666667
1.0	2.0	0.0	0.0010453941926884308	4.5
1.0	2.0	0.0	0.0010771890366044977	4.708333333333333
1.0	3.0	0.0	0.0015346204797491018	4.125
1.0	2.0	0.0	0.0010685134344722	4.333333333333333
1.0	2.0	0.0	0.0010416222690959355	4.083333333333333
1.0	3.0	0.0	0.0015579365294894577	4.958333333333333
1.0	3.0	0.0	0.0016039377586649403	4.666666666666667
1.0	3.0	0.0	0.001599097227786773	4.75
1.0	2.0	0.0	0.001079948803235922	5.166666666666667
1.0	2.0	0.0	0.0010808721391595449	5.666666666666667
1.0	3.0	0.0	0.0015847364123359596	5.708333333333333
1.0	3.0	0.0	0.00165139576234996	6.375
1.0	2.0	0.0	0.0010806621035160282	5.75
1.0	2.0	0.0	0.0011088263090585754	7.166666666666667
1.0	2.0	0.0	0.0011005037323817734	6.458333333333333
1.0	2.0	0.0	0.0010920326730593857	6.5
1.0	2.0	0.0	0.0010920326730593857	6.5
1.0	1.0	0.0	0.0006128612295272421	7.333333333333333
1.0	2.0	0.0	0.0011097743577099324	7.291666666666667
1.0	2.0	0.0	0.0011097743577099324	7.291666666666667
1.0	2.0	0.0	0.0011160305221593208	8.083333333333334
1.0	2.0	0.0	0.0010170296921755983	6.392857142857143
1.0	2.0	0.0	0.0011125767423508378	4.75
1.0	2.0	0.0	0.0011171041694183525	4.785714285714286
1.0	1.0	0.0	0.0006362292093924519	6.321428571428571
1.0	1.0	0.0	0.0006373979697398006	6.357142857142857
1.0	3.0	0.0	0.0015022427606792906	4.142857142857143
1.0	2.0	0.0	0.0012028213901969643	6.107142857142857
1.0	2.0	0.0	0.0012045179889536108	6.142857142857143
1.0	3.0	0.0	0.0014298774923267557	4.214285714285714
1.0	3.0	0.0	0.0014357972635723449	4.071428571428571
1.0	3.0	0.0	0.0014701257454352713	3.75
1.0	3.0	0.0	0.0014881362972775536	3.7857142857142856
1.0	3.0	0.0	0.0014375988053336622	4.821428571428571
1.0	2.0	0.0	0.001057149825964659	4.214285714285714
1.0	2.0	0.0	0.0009991900246625563	4.785714285714286
1.0	2.0	0.0	0.001064415194409046	4.25
1.0	3.0	0.0	0.001457368490169635	5.535714285714286
1.0	1.0	0.0	0.0005675801973636182	5.107142857142857
1.0	2.0	0.0	0.0010032700492017326	5.392857142857143
1.0	2.0	0.0	0.0010113093862777363	5.678571428571429
1.0	2.0	0.0	0.0010294081690708282	6.464285714285714
1.0	3.0	0.0	0.0017270478730883718	5.357142857142857
1.0	3.0	0.0	0.0017305557571970394	5.392857142857143
1.0	3.0	0.0	0.001882360684788302	6.928571428571429
1.0	3.0	0.0	0.0018836931257014539	6.964285714285714
1.0	1.0	0.0	0.0006832782951569045	7.892857142857143
1.0	1.0	0.0	0.0006832782951569045	7.892857142857143
1.0	1.0	0.0	0.0006838061335662022	7.928571428571429
1.0	1.0	0.0	0.0006838061335662022	7.928571428571429
1.0	1.0	0.0	0.0005893409566887388	6.185185185185185
1.0	4.0	0.0	0.0020447594745919132	3.5185185185185186
1.0	1.0	0.0	0.0005773882007058668	4.481481481481482
1.0	1.0	0.0	0.0005773882007058668	4.481481481481482
1.0	3.0	0.0	0.0014273161572315013	3.2222222222222223
1.0	2.0	0.0	0.0009731469676388053	3.888888888888889
1.0	2.0	0.0	0.0009723552799382966	4.148148148148148
1.0	3.0	0.0	0.0014289822979175867	3.5555555555555554
1.0	3.0	0.0	0.0014028012098409237	3.3703703703703702
1.0	3.0	0.0	0.0014234891725493858	3.740740740740741
1.0	3.0	0.0	0.001402631777102923	3.6296296296296298
1.0	3.0	0.0	0.001543536971438471	4.037037037037037
1.0	2.0	0.0	0.0010165584219111853	4.296296296296297
1.0	2.0	0.0	0.001016411582000302	4.481481481481482
1.0	3.0	0.0	0.0014503133545092648	4.407407407407407
1.0	3.0	0.0	0.0014510049805386165	4.666666666666667
1.0	2.0	0.0	0.0010467167819931586	5.037037037037037
1.0	3.0	0.0	0.0015754839265942264	5.222222222222222
1.0	2.0	0.0	0.0010713603205106971	4.777777777777778
1.0	2.0	0.0	0.0010713603205106971	4.777777777777778
1.0	2.0	0.0	0.0010248888586823195	5.222222222222222
1.0	2.0	0.0	0.0010242929236513843	5.481481481481482
1.0	3.0	0.0	0.0016527862830973254	6.2592592592592595
1.0	2.0	0.0	0.001096659913017286	5.518518518518518
1.0	2.0	0.0	0.001096659913017286	5.518518518518518
1.0	2.0	0.0	0.0010501697577292109	6.037037037037037
1.0	2.0	0.0	0.0010507224869055437	6.296296296296297
1.0	1.0	0.0	0.0006135855276509838	7.222222222222222
1.0	1.0	0.0	0.0006193054008875082	4.2727272727272725
1.0	1.0	0.0	0.0005837874097754475	3.9545454545454546
1.0	1.0	0.0	0.0005837874097754476	3.9545454545454546
1.0	4.0	0.0	0.0023799454903436178	4.0
1.0	3.0	0.0	0.0016772385867000008	3.3181818181818183
1.0	3.0	0.0	0.0015535079917336195	2.8181818181818183
1.0	1.0	0.0	0.0006528607836931643	4.954545454545454
1.0	1.0	0.0	0.0006528607836931643	4.954545454545454
1.0	1.0	0.0	0.0006528607836931643	4.954545454545454
1.0	3.0	0.0	0.0015579238275273744	3.0
1.0	3.0	0.0	0.0014965410678571321	3.090909090909091
1.0	3.0	0.0	0.0014752811316458654	3.227272727272727
1.0	3.0	0.0	0.0014752811316458654	3.227272727272727
1.0	3.0	0.0	0.0014965410678571323	3.090909090909091
1.0	3.0	0.0	0.0015579238275273744	3.0
1.0	2.0	0.0	0.0010452645500795025	3.8636363636363638
1.0	2.0	0.0	0.0010375059229986979	4.0
1.0	2.0	0.0	0.0010375059229986979	4.0
1.0	2.0	0.0	0.0010452645500795025	3.8636363636363638
1.0	2.0	0.0	0.0010652123932432872	4.636363636363637
1.0	2.0	0.0	0.0010630969370256556	4.7727272727272725
1.0	2.0	0.0	0.0010630969370256553	4.7727272727272725
1.0	2.0	0.0	0.0010652123932432872	4.636363636363637
1.0	1.0	0.0	0.0005899165995548155	6.516129032258065
1.0	3.0	0.0	0.0014061977658988733	3.870967741935484
1.0	2.0	0.0	0.0009619441584182969	4.096774193548387
1.0	2.0	0.0	0.0009591155623421301	4.0
1.0	3.0	0.0	0.0013709327254201042	3.3548387096774195
1.0	3.0	0.0	0.0013973250068308116	3.4838709677419355
1.0	3.0	0.0	0.0013831591289711984	3.5806451612903225
1.0	3.0	0.0	0.0014234730094910383	4.0
1.0	3.0	0.0	0.0014023424149293222	3.6451612903225805
1.0	3.0	0.0	0.001435916501872584	4.225806451612903
1.0	3.0	0.0	0.0014715057939257916	4.129032258064516
1.0	3.0	0.0	0.0014744057863585744	4.290322580645161
1.0	3.0	0.0	0.0014767519488585255	4.516129032258065
1.0	2.0	0.0	0.0010172843956472912	4.774193548387097
1.0	2.0	0.0	0.0010186804387808481	5.0
1.0	2.0	0.0	0.0010406879676775344	4.967741935483871
1.0	2.0	0.0	0.0010406879676775344	4.967741935483871
1.0	3.0	0.0	0.001576165738948721	5.548387096774194
1.0	2.0	0.0	0.0010486688782828956	5.774193548387097
1.0	2.0	0.0	0.0010417276158005782	5.129032258064516
1.0	2.0	0.0	0.0010417276158005782	5.129032258064516
1.0	2.0	0.0	0.001042521925940398	5.354838709677419
1.0	2.0	0.0	0.001042521925940398	5.354838709677419
1.0	2.0	0.0	0.001070779978067228	5.806451612903226
1.0	2.0	0.0	0.001070779978067228	5.806451612903226
1.0	2.0	0.0	0.00107186288420868	5.967741935483871
1.0	2.0	0.0	0.00107186288420868	5.967741935483871
1.0	2.0	0.0	0.0010811134011369833	6.645161290322581
1.0	2.0	0.0	0.001072738084663287	6.193548387096774
1.0	2.0	0.0	0.001072738084663287	6.193548387096774
1.0	2.0	0.0	0.001081761850357682	6.806451612903226
1.0	2.0	0.0	0.001082258574023548	7.032258064516129
1.0	1.0	0.0	0.000591502748845682	6.0625
1.0	1.0	0.0	0.000591502748845682	6.0625
1.0	1.0	0.0	0.0006049212018123922	8.0
1.0	1.0	0.0	0.0006049212018123922	8.0
1.0	1.0	0.0	0.0006049212018123922	8.0
1.0	1.0	0.0	0.0006049212018123922	8.0
1.0	2.0	0.0	0.001018560362310047	4.4375
1.0	2.0	0.0	0.0010630084146742678	5.625
1.0	2.0	0.0	0.0010630084146742678	5.625
1.0	3.0	0.0	0.0015713172761190452	6.21875
1.0	3.0	0.0	0.0015713172761190452	6.21875
1.0	3.0	0.0	0.00150188435383911	4.46875
1.0	3.0	0.0	0.00150188435383911	4.46875
1.0	3.0	0.0	0.0015174396086511536	4.6875
1.0	3.0	0.0	0.0015174396086511536	4.6875
1.0	2.0	0.0	0.001050496347756499	5.3125
1.0	2.0	0.0	0.001050496347756499	5.3125
1.0	2.0	0.0	0.0010547427005352262	5.53125
1.0	2.0	0.0	0.0010547427005352262	5.53125
1.0	3.0	0.0	0.0015818122368388213	5.09375
1.0	3.0	0.0	0.0015818122368388213	5.09375
1.0	2.0	0.0	0.0010721894741726517	6.15625
1.0	2.0	0.0	0.0010721894741726517	6.15625
1.0	2.0	0.0	0.0010745589596043157	6.375
1.0	2.0	0.0	0.0010745589596043157	6.375
1.0	3.0	0.0	0.0016276674042402716	7.03125
1.0	3.0	0.0	0.0016276674042402716	7.03125
1.0	3.0	0.0	0.0016276674042402716	7.03125
1.0	3.0	0.0	0.0016276674042402716	7.03125
1.0	2.0	0.0	0.0010998996769237802	7.875
1.0	2.0	0.0	0.0010998996769237802	7.875
1.0	2.0	0.0	0.0010998996769237802	7.875
1.0	2.0	0.0	0.0010998996769237802	7.875
1.0	1.0	0.0	0.0006187263998199782	11.694444444444445
1.0	1.0	0.0	0.0006187263998199782	11.694444444444445
1.0	1.0	0.0	0.0005983399417174457	7.055555555555555
1.0	1.0	0.0	0.0005983399417174457	7.055555555555555
1.0	2.0	0.0	0.0010227367045274422	5.5
1.0	2.0	0.0	0.0010923614350099196	6.555555555555555
1.0	2.0	0.0	0.0010923614350099196	6.555555555555555
1.0	2.0	0.0	0.0010973869845372682	7.083333333333333
1.0	2.0	0.0	0.0010973869845372682	7.083333333333333
1.0	3.0	0.0	0.0015081664567700725	5.527777777777778
1.0	3.0	0.0	0.0015081664567700725	5.527777777777778
1.0	3.0	0.0	0.0015286874682027861	5.722222222222222
1.0	3.0	0.0	0.0015286874682027861	5.722222222222222
1.0	2.0	0.0	0.0010541245715122594	6.388888888888889
1.0	2.0	0.0	0.0010541245715122594	6.388888888888889
1.0	2.0	0.0	0.001059457971319279	6.583333333333333
1.0	2.0	0.0	0.001059457971319279	6.583333333333333
1.0	2.0	0.0	0.0010751433089388098	7.25
1.0	2.0	0.0	0.0010751433089388098	7.25
1.0	2.0	0.0	0.0010784215078225496	7.444444444444445
1.0	2.0	0.0	0.0010784215078225496	7.444444444444445
1.0	3.0	0.0	0.001604075956842694	6.083333333333333
1.0	3.0	0.0	0.001604075956842694	6.083333333333333
1.0	3.0	0.0	0.0015905814059750992	8.305555555555555
1.0	3.0	0.0	0.0015905814059750992	8.305555555555555
1.0	2.0	0.0	0.001087852562393277	7.666666666666667
1.0	2.0	0.0	0.001087852562393277	7.666666666666667
1.0	2.0	0.0	0.0010936495066384473	9.11111111111111
1.0	2.0	0.0	0.0010936495066384473	9.11111111111111
1.0	2.0	0.0	0.0010936495066384473	9.11111111111111
1.0	2.0	0.0	0.0010936495066384473	9.11111111111111
1.0	2.0	0.0	0.0011109467863378618	9.916666666666666
1.0	2.0	0.0	0.0011109467863378618	9.916666666666666
1.0	2.0	0.0	0.0011109467863378618	9.916666666666666
1.0	2.0	0.0	0.0011109467863378618	9.916666666666666
1.0	3.0	0.0	0.0016730442461147504	10.722222222222221
1.0	3.0	0.0	0.0016730442461147504	10.722222222222221
1.0	3.0	0.0	0.0014980846472934326	4.916666666666667
1.0	2.0	0.0	0.0010346311477762262	4.208333333333333
1.0	2.0	0.0	0.0010494681900117754	4.5
1.0	1.0	0.0	0.0006564940863626249	8.583333333333334
1.0	3.0	0.0	0.0014496128924298165	4.5
1.0	3.0	0.0	0.0014628804216106346	4.916666666666667
1.0	3.0	0.0	0.0014316948563942236	4.083333333333333
1.0	3.0	0.0	0.0014455447920636165	4.5
1.0	2.0	0.0	0.0011278636468722782	5.791666666666667
1.0	2.0	0.0	0.0010091202836050952	4.458333333333333
1.0	2.0	0.0	0.0009920040428390941	4.041666666666667
1.0	2.0	0.0	0.0010293551817703	5.708333333333333
1.0	2.0	0.0	0.0010232068217463604	5.291666666666667
1.0	3.0	0.0	0.0014863412686862173	4.0
1.0	2.0	0.0	0.0010165727029479443	4.416666666666667
1.0	1.0	0.0	0.0006242680109221205	6.75
1.0	2.0	0.0	0.0010527281265614353	6.5
1.0	2.0	0.0	0.0010509305414022738	6.083333333333333
1.0	3.0	0.0	0.0015563429732251516	4.875
1.0	2.0	0.0	0.0010754855222460844	5.5
1.0	2.0	0.0	0.0010754855222460844	5.5
1.0	2.0	0.0	0.0010922164671298786	6.125
1.0	2.0	0.0	0.0010922164671298786	6.125
1.0	3.0	0.0	0.0016399161542950966	6.75
1.0	2.0	0.0	0.0011990638205303678	7.625
1.0	1.0	0.0	0.0005918011855644632	5.571428571428571
1.0	1.0	0.0	0.0005909892595487379	4.809523809523809
1.0	1.0	0.0	0.0006059852413272574	5.380952380952381
1.0	1.0	0.0	0.0006144723213163385	6.0476190476190474
1.0	3.0	0.0	0.0014959044399561288	3.4761904761904763
1.0	4.0	0.0	0.0020306333935386266	3.9047619047619047
1.0	3.0	0.0	0.0015108628060044496	3.1904761904761907
1.0	2.0	0.0	0.001043075369285924	4.238095238095238
1.0	2.0	0.0	0.001052470251920747	4.571428571428571
1.0	3.0	0.0	0.001583575226112039	4.619047619047619
1.0	2.0	0.0	0.0010611271932612308	4.809523809523809
1.0	2.0	0.0	0.0010647157549917496	4.285714285714286
1.0	3.0	0.0	0.001580492213207719	3.857142857142857
1.0	1.0	0.0	0.0005734869408868512	4.857142857142857
1.0	2.0	0.0	0.0010461437224578223	3.2857142857142856
1.0	2.0	0.0	0.0010592415892783592	3.4761904761904763
1.0	3.0	0.0	0.0015706960995980608	3.761904761904762
1.0	3.0	0.0	0.001632234459367895	4.428571428571429
1.0	2.0	0.0	0.0010860307754807846	4.428571428571429
1.0	3.0	0.0	0.0016579958096901947	5.095238095238095
1.0	2.0	0.0	0.0011063128488319764	5.095238095238095
1.0	2.0	0.0	0.0011126982558988903	5.761904761904762
1.0	2.0	0.0	0.0010859070300801542	4.0476190476190474
1.0	2.0	0.0	0.0010859070300801544	4.0476190476190474
1.0	1.0	0.0	0.0006460643205998889	6.428571428571429
1.0	1.0	0.0	0.0006460643205998889	6.428571428571429
1.0	1.0	0.0	0.0006460643205998889	6.428571428571429
1.0	1.0	0.0	0.0006460643205998889	6.428571428571429
1.0	3.0	0.0	0.0017617488842111104	5.476190476190476
1.0	3.0	0.0	0.0017617488842111104	5.476190476190476
1.0	2.0	0.0	0.0011001501185853497	3.9523809523809526
1.0	2.0	0.0	0.0011001501185853497	3.9523809523809526
1.0	3.0	0.0	0.0015779282142588237	4.238095238095238
1.0	3.0	0.0	0.0015779282142588237	4.238095238095238
1.0	3.0	0.0	0.0016155430450286328	4.714285714285714
1.0	3.0	0.0	0.0016155430450286328	4.714285714285714
1.0	2.0	0.0	0.0010884800190308515	5.0
1.0	2.0	0.0	0.0010884800190308515	5.0
1.0	2.0	0.0	0.0010992284087223973	5.476190476190476
1.0	2.0	0.0	0.0010992284087223973	5.476190476190476
1.0	2.0	0.0	0.001104440928347921	5.761904761904762
1.0	2.0	0.0	0.001104440928347921	5.761904761904762
1.0	2.0	0.0	0.0011099172892981054	6.238095238095238
1.0	2.0	0.0	0.0011099172892981054	6.238095238095238
1.0	2.0	0.0	0.0010809192711271716	4.518518518518518
1.0	2.0	0.0	0.0010809192711271718	4.518518518518518
1.0	1.0	0.0	0.0006465501996900735	7.407407407407407
1.0	1.0	0.0	0.0006465501996900735	7.407407407407407
1.0	1.0	0.0	0.0006427496686357525	6.814814814814815
1.0	1.0	0.0	0.0006427496686357525	6.814814814814815
1.0	1.0	0.0	0.0006427496686357525	6.814814814814815
1.0	1.0	0.0	0.0006427496686357525	6.814814814814815
1.0	1.0	0.0	0.0006465501996900735	7.407407407407407
1.0	1.0	0.0	0.0006465501996900735	7.407407407407407
1.0	3.0	0.0	0.001753005404032355	5.851851851851852
1.0	3.0	0.0	0.001753005404032355	5.851851851851852
1.0	2.0	0.0	0.0010964581612611037	4.444444444444445
1.0	2.0	0.0	0.0010964581612611037	4.444444444444445
1.0	3.0	0.0	0.001568963167716477	4.666666666666667
1.0	3.0	0.0	0.001568963167716477	4.666666666666667
1.0	3.0	0.0	0.0015994796643170098	5.037037037037037
1.0	3.0	0.0	0.0015994796643170098	5.037037037037037
1.0	3.0	0.0	0.0016192762097364376	5.62962962962963
1.0	3.0	0.0	0.0016192762097364376	5.62962962962963
1.0	2.0	0.0	0.0010807995100843041	5.481481481481482
1.0	2.0	0.0	0.0010807995100843041	5.481481481481482
1.0	2.0	0.0	0.0010959219566544628	6.444444444444445
1.0	2.0	0.0	0.0010959219566544628	6.444444444444445
1.0	2.0	0.0	0.0010959434610914073	6.074074074074074
1.0	2.0	0.0	0.0010959434610914073	6.074074074074074
1.0	3.0	0.0	0.0017666894666625004	6.444444444444445
1.0	3.0	0.0	0.0017666894666625004	6.444444444444445
1.0	1.0	0.0	0.0006569284896894003	6.838709677419355
1.0	1.0	0.0	0.0006569284896894003	6.838709677419355
1.0	1.0	0.0	0.0006569284896894003	6.838709677419355
1.0	1.0	0.0	0.0006569284896894003	6.838709677419355
1.0	1.0	0.0	0.0006569284896894003	6.838709677419355
1.0	1.0	0.0	0.0006569284896894003	6.838709677419355
1.0	2.0	0.0	0.0011196555734939648	5.161290322580645
1.0	2.0	0.0	0.001156355498294224	4.903225806451613
1.0	1.0	0.0	0.0006251060413134781	6.064516129032258
1.0	1.0	0.0	0.0006251060413134781	6.064516129032258
1.0	1.0	0.0	0.0006399924623996508	6.387096774193548
1.0	1.0	0.0	0.0006399924623996508	6.387096774193548
1.0	3.0	0.0	0.001591049188833541	4.451612903225806
1.0	3.0	0.0	0.001591049188833541	4.451612903225806
1.0	3.0	0.0	0.0017466844558459245	5.419354838709677
1.0	2.0	0.0	0.0010553094727520811	4.193548387096774
1.0	2.0	0.0	0.0010553094727520811	4.193548387096774
1.0	3.0	0.0	0.0015299343154886813	3.935483870967742
1.0	3.0	0.0	0.0015299343154886813	3.935483870967742
1.0	3.0	0.0	0.0015579134124065082	4.0
1.0	2.0	0.0	0.0010968221431793977	4.709677419354839
1.0	2.0	0.0	0.0010968221431793977	4.709677419354839
1.0	2.0	0.0	0.0011113795225554143	4.967741935483871
1.0	2.0	0.0	0.0011113795225554143	4.967741935483871
1.0	2.0	0.0	0.0010533252564292122	4.580645161290323
1.0	2.0	0.0	0.0010533252564292122	4.580645161290323
1.0	3.0	0.0	0.0015862102037758799	4.580645161290323
1.0	3.0	0.0	0.0016996695216988447	5.096774193548387
1.0	3.0	0.0	0.0016996695216988447	5.096774193548387
1.0	4.0	0.0	0.0023940106836961863	5.870967741935484
1.0	4.0	0.0	0.0023940106836961863	5.870967741935484
1.0	1.0	0.0	0.0006379692941195683	5.870967741935484
1.0	2.0	0.0	0.00101525973646166	3.772727272727273
1.0	2.0	0.0	0.0011165363283534922	4.045454545454546
1.0	1.0	0.0	0.0005827303236929345	4.2272727272727275
1.0	1.0	0.0	0.0005764244297227812	4.909090909090909
1.0	3.0	0.0	0.0014671632905824013	3.5454545454545454
1.0	3.0	0.0	0.0015194887485276425	3.4545454545454546
1.0	3.0	0.0	0.0014698676575058082	3.0454545454545454
1.0	2.0	0.0	0.0011063582809917047	4.136363636363637
1.0	3.0	0.0	0.0014362580907928471	3.0
1.0	2.0	0.0	0.0010323731355825932	4.0
1.0	3.0	0.0	0.0014636947666808934	3.1363636363636362
1.0	2.0	0.0	0.0011855500649322556	4.909090909090909
1.0	3.0	0.0	0.0015523308841773834	3.272727272727273
1.0	3.0	0.0	0.0015708142723067165	3.409090909090909
1.0	2.0	0.0	0.0010211178817863488	3.9545454545454546
1.0	3.0	0.0	0.0015282352611903876	3.3636363636363638
1.0	2.0	0.0	0.0012694836418635034	5.7727272727272725
1.0	3.0	0.0	0.0015325419770952204	3.9545454545454546
1.0	1.0	0.0	0.0005875243635817345	4.363636363636363
1.0	3.0	0.0	0.0018009264000609251	4.818181818181818
1.0	1.0	0.0	0.0006878477595623581	6.7272727272727275
1.0	1.0	0.0	0.0006576395027992858	5.7727272727272725
1.0	1.0	0.0	0.0006576395027992858	5.7727272727272725
1.0	2.0	0.0	0.0011339725344481342	5.538461538461538
1.0	2.0	0.0	0.0011339725344481342	5.538461538461538
1.0	2.0	0.0	0.0011486413879150397	6.205128205128205
1.0	2.0	0.0	0.0011486413879150397	6.205128205128205
1.0	1.0	0.0	0.0005664271231195564	5.333333333333333
1.0	1.0	0.0	0.0005664271231195564	5.333333333333333
1.0	3.0	0.0	0.0014335111962824965	3.7435897435897436
1.0	3.0	0.0	0.001433511196282497	3.7435897435897436
1.0	3.0	0.0	0.0014566110470926041	4.051282051282051
1.0	3.0	0.0	0.0014566110470926041	4.051282051282051
1.0	3.0	0.0	0.0014990978680349217	4.358974358974359
1.0	3.0	0.0	0.0014990978680349217	4.358974358974359
1.0	3.0	0.0	0.001475377493062157	4.9743589743589745
1.0	3.0	0.0	0.001475377493062157	4.9743589743589745
1.0	3.0	0.0	0.0015103817896431637	4.615384615384615
1.0	3.0	0.0	0.0015103817896431637	4.615384615384615
1.0	3.0	0.0	0.0014871579848620086	5.17948717948718
1.0	3.0	0.0	0.0014871579848620086	5.17948717948718
1.0	2.0	0.0	0.0010154624700252231	4.717948717948718
1.0	2.0	0.0	0.0010154624700252231	4.717948717948718
1.0	3.0	0.0	0.0014950273463089974	5.846153846153846
1.0	3.0	0.0	0.0014950273463089974	5.846153846153846
1.0	3.0	0.0	0.0015387355059846323	5.282051282051282
1.0	3.0	0.0	0.0015387355059846323	5.282051282051282
1.0	2.0	0.0	0.0010363134566394906	5.846153846153846
1.0	2.0	0.0	0.0010363134566394906	5.846153846153846
1.0	2.0	0.0	0.0010426008301750319	6.051282051282051
1.0	2.0	0.0	0.0010426008301750319	6.051282051282051
1.0	2.0	0.0	0.001044978239754345	6.717948717948718
1.0	2.0	0.0	0.001044978239754345	6.717948717948718
1.0	2.0	0.0	0.0010600471148333266	6.717948717948718
1.0	2.0	0.0	0.0010600471148333266	6.717948717948718
1.0	2.0	0.0	0.0010656356495948992	6.923076923076923
1.0	2.0	0.0	0.0010656356495948992	6.923076923076923
1.0	2.0	0.0	0.001066703042493618	7.589743589743589
1.0	2.0	0.0	0.001066703042493618	7.589743589743589
1.0	1.0	0.0	0.0006270731765396274	6.512820512820513
1.0	1.0	0.0	0.0006270731765396274	6.512820512820513
1.0	1.0	0.0	0.0006334676136691307	7.17948717948718
1.0	1.0	0.0	0.0006334676136691307	7.17948717948718
