Constant_feature	Degree	Clustering_coefficient	Pagerank	Aver_path_len
1.0	2.0	0.0	0.015440028510343063	4.6415094339622645
1.0	1.0	0.0	0.008818311529496643	6.528301886792453
1.0	2.0	0.0	0.016167973403220976	5.39622641509434
1.0	2.0	0.0	0.01586908059340566	6.773584905660377
1.0	2.0	0.0	0.017349573085128623	6.2075471698113205
1.0	1.0	0.0	0.00920496894304855	7.283018867924528
1.0	2.0	0.0	0.01603044017505999	7.433962264150943
1.0	2.0	0.0	0.01858802290965111	8.037735849056604
1.0	1.0	0.0	0.009083981194474688	6.716981132075472
1.0	2.0	0.0	0.018606343294666577	8.49056603773585
1.0	1.0	0.0	0.010325116487776086	8.09433962264151
1.0	1.0	0.0	0.009455309409413472	9.320754716981131
1.0	3.0	0.0	0.021928547118331587	4.90566037735849
1.0	3.0	0.0	0.023322717164062222	5.735849056603773
1.0	2.0	0.0	0.01603488752855158	6.226415094339623
1.0	3.0	0.0	0.02164963998965498	4.490566037735849
1.0	3.0	0.0	0.02217874978907247	4.943396226415095
1.0	3.0	0.0	0.022848288057070038	6.0
1.0	3.0	0.0	0.02322012168002609	5.547169811320755
1.0	3.0	0.0	0.021888783428747796	4.30188679245283
1.0	3.0	0.0	0.02204929391855582	4.716981132075472
1.0	2.0	0.0	0.015626875516372096	6.60377358490566
1.0	3.0	0.0	0.022779145811219897	5.547169811320755
1.0	3.0	0.0	0.021977941788629017	4.679245283018868
1.0	3.0	0.0	0.0217847035939614	5.09433962264151
1.0	3.0	0.0	0.023072180182876597	6.264150943396227
1.0	2.0	0.0	0.0157424158415683	5.056603773584905
1.0	1.0	0.0	0.00884917092445865	6.716981132075472
1.0	3.0	0.0	0.024512608643843227	6.30188679245283
1.0	3.0	0.0	0.02241369090874156	5.849056603773585
1.0	3.0	0.0	0.023415736796043557	5.339622641509434
1.0	2.0	0.0	0.01633925952153206	7.056603773584905
1.0	2.0	0.0	0.015603729618671451	4.981132075471698
1.0	4.0	0.0	0.03024009860373163	5.320754716981132
1.0	3.0	0.0	0.022952505389627134	6.509433962264151
1.0	3.0	0.0	0.023874729616271725	6.09433962264151
1.0	3.0	0.0	0.025135215581165972	7.09433962264151
1.0	3.0	0.0	0.02522356373977845	7.811320754716981
1.0	3.0	0.0	0.02410666714865591	5.735849056603773
1.0	3.0	0.0	0.02305996155169243	5.962264150943396
1.0	2.0	0.0	0.016206645826981565	7.566037735849057
1.0	1.0	0.0	0.009014485112769725	7.0754716981132075
1.0	2.0	0.0	0.016399090444328687	7.018867924528302
1.0	3.0	0.0	0.02353368432761115	6.754716981132075
1.0	1.0	0.0	0.009418219798298984	8.79245283018868
1.0	2.0	0.0	0.016290771720128834	7.660377358490566
1.0	2.0	0.0	0.016322404613922672	6.754716981132075
1.0	3.0	0.0	0.028245492283034124	7.113207547169812
1.0	2.0	0.0	0.01651499085762952	7.547169811320755
1.0	3.0	0.0	0.025172253965077857	7.547169811320755
1.0	1.0	0.0	0.01021573054352214	9.018867924528301
1.0	3.0	0.0	0.025346569617788778	8.339622641509434
1.0	1.0	0.0	0.010325116487776086	8.09433962264151
1.0	1.0	0.0	0.01022416541253049	9.471698113207546
