Constant_feature	Degree	Clustering_coefficient	Pagerank	Aver_path_len
1.0	1.0	0.0	0.02720941676665804	4.944444444444445
1.0	1.0	0.0	0.026436920036753464	4.277777777777778
1.0	3.0	0.0	0.06817984322535112	2.9444444444444446
1.0	2.0	0.0	0.046002409473800424	3.2222222222222223
1.0	2.0	0.0	0.04675787258535858	3.111111111111111
1.0	3.0	0.0	0.07013855629074842	3.388888888888889
1.0	3.0	0.0	0.06794036130546821	3.888888888888889
1.0	3.0	0.0	0.06762028768763742	3.5
1.0	3.0	0.0	0.07057789458152282	3.3333333333333335
1.0	2.0	0.0	0.04681941843975158	3.611111111111111
1.0	3.0	0.0	0.07315282366029327	4.0
1.0	2.0	0.0	0.048638406197798134	4.111111111111111
1.0	2.0	0.0	0.04738566902297063	4.611111111111111
1.0	2.0	0.0	0.04727281039852178	4.222222222222222
1.0	2.0	0.0	0.04831027686691207	5.333333333333333
1.0	2.0	0.0	0.048276324366961755	4.944444444444445
1.0	2.0	0.0	0.04969079123070817	4.722222222222222
1.0	2.0	0.0	0.04963222633719293	4.833333333333333
1.0	2.0	0.0	0.04995769152559098	5.444444444444445
