Constant_feature	Degree	Clustering_coefficient	Pagerank	Aver_path_len
1.0	2.0	0.0	0.0413989611904167	5.173913043478261
1.0	3.0	0.0	0.054807275339526645	3.869565217391304
1.0	3.0	0.0	0.049686474062698174	3.3043478260869565
1.0	2.0	0.0	0.036014403046848005	3.608695652173913
1.0	2.0	0.0	0.03498072614493368	4.304347826086956
1.0	3.0	0.0	0.04941501265132814	2.9130434782608696
1.0	3.0	0.0	0.04904552398183072	3.1739130434782608
1.0	3.0	0.0	0.051388537295769865	3.3043478260869565
1.0	3.0	0.0	0.0503969954705218	2.9565217391304346
1.0	3.0	0.0	0.05066173054430849	3.0869565217391304
1.0	3.0	0.0	0.05046867430177645	3.347826086956522
1.0	2.0	0.0	0.03733817440396116	4.260869565217392
1.0	3.0	0.0	0.05049196479668877	3.8260869565217392
1.0	2.0	0.0	0.037175137888949064	4.086956521739131
1.0	2.0	0.0	0.035453529047482446	3.9565217391304346
1.0	2.0	0.0	0.040940059330216355	4.739130434782608
1.0	2.0	0.0	0.03526893228629889	4.217391304347826
1.0	2.0	0.0	0.03481412143534733	4.043478260869565
1.0	2.0	0.0	0.03608119688675214	3.6956521739130435
1.0	2.0	0.0	0.03599194535912477	3.9565217391304346
1.0	3.0	0.0	0.05571670121513159	4.304347826086956
1.0	1.0	0.0	0.022589202248943053	5.695652173913044
1.0	2.0	0.0	0.03707913618959089	4.565217391304348
1.0	1.0	0.0	0.022795584881554688	6.130434782608695
