Constant_feature	Degree	Clustering_coefficient	Pagerank	Aver_path_len
1.0	2.0	0.0	0.04334705963663206	3.85
1.0	1.0	0.0	0.023661582408968172	3.9
1.0	1.0	0.0	0.023962682779713022	4.25
1.0	1.0	0.0	0.024252698883479563	4.6
1.0	1.0	0.0	0.024288935929345154	4.95
1.0	4.0	0.0	0.08860659673667366	4.45
1.0	2.0	0.0	0.04417910209478063	4.55
1.0	3.0	0.0	0.06216330457645483	3.25
1.0	2.0	0.0	0.043291992660946486	3.95
1.0	3.0	0.0	0.06138046590382874	2.9
1.0	1.0	0.0	0.024697959776977925	5.4
1.0	1.0	0.0	0.024697959776977925	5.4
1.0	3.0	0.0	0.06299774649554195	2.95
1.0	2.0	0.0	0.042376560611556716	3.25
1.0	3.0	0.0	0.06175781176911982	3.0
1.0	3.0	0.0	0.062016612429417944	3.35
1.0	3.0	0.0	0.06400393939766136	3.3
1.0	3.0	0.0	0.06496767494124339	3.65
1.0	3.0	0.0	0.06509180894562579	4.0
1.0	2.0	0.0	0.04411661536563473	4.3
1.0	2.0	0.0	0.044140888879419665	4.65
