Constant_feature	Degree	Clustering_coefficient	Pagerank	Aver_path_len
1.0	2.0	0.0	0.04263704658615484	5.565217391304348
1.0	2.0	0.0	0.04256570411490586	5.130434782608695
1.0	2.0	0.0	0.04256570411490586	5.130434782608695
1.0	1.0	0.0	0.02154492385353176	4.956521739130435
1.0	1.0	0.0	0.023295145222824037	5.478260869565218
1.0	3.0	0.0	0.05593294338650269	3.5652173913043477
1.0	3.0	0.0	0.058172797356063496	4.695652173913044
1.0	3.0	0.0	0.05803468359056597	4.260869565217392
1.0	3.0	0.0	0.05803468359056597	4.260869565217392
1.0	2.0	0.0	0.03835628480322985	4.0
1.0	2.0	0.0	0.03835628480322985	4.0
1.0	2.0	0.0	0.038321998068961624	3.5652173913043477
1.0	3.0	0.0	0.05791832675905084	3.652173913043478
1.0	3.0	0.0	0.0566503292992126	4.521739130434782
1.0	3.0	0.0	0.05792879255605102	4.0
1.0	2.0	0.0	0.039007324797817086	5.304347826086956
1.0	2.0	0.0	0.039007324797817086	5.304347826086956
1.0	2.0	0.0	0.03965425865351984	6.086956521739131
1.0	2.0	0.0	0.03965425865351984	6.086956521739131
1.0	1.0	0.0	0.023352845608258888	6.521739130434782
1.0	1.0	0.0	0.023321700202275784	6.086956521739131
1.0	1.0	0.0	0.023321700202275784	6.086956521739131
1.0	2.0	0.0	0.03985673751608511	6.869565217391305
1.0	2.0	0.0	0.04250820146267417	4.521739130434782
