Constant_feature	Degree	Clustering_coefficient	Pagerank	Aver_path_len
1.0	0.0	0.0	0.0	0.0
1.0	1.0	0.0	0.0003745413579699219	10.21951219512195
1.0	1.0	0.0	0.0003745413579699219	10.21951219512195
1.0	1.0	0.0	0.0003745413579699219	10.21951219512195
1.0	1.0	0.0	0.0003745413579699219	10.21951219512195
1.0	3.0	0.0	0.0009859263174160728	8.658536585365853
1.0	3.0	0.0	0.0009859263174160728	8.658536585365853
1.0	2.0	0.0	0.0007420906983452208	7.780487804878049
1.0	2.0	0.0	0.000742090698345221	7.780487804878049
1.0	2.0	0.0	0.0006956124479235217	8.365853658536585
1.0	2.0	0.0	0.0006956124479235217	8.365853658536585
1.0	2.0	0.0	0.0007186649785138071	8.121951219512194
1.0	2.0	0.0	0.0007186649785138071	8.121951219512194
1.0	2.0	0.0	0.0007493940446883274	7.634146341463414
1.0	2.0	0.0	0.0007493940446883276	7.634146341463414
1.0	2.0	0.0	0.0007336386877280308	7.926829268292683
1.0	2.0	0.0	0.0007336386877280308	7.926829268292683
1.0	2.0	0.0	0.0007472784169472823	7.682926829268292
1.0	2.0	0.0	0.0007472784169472821	7.682926829268292
1.0	3.0	0.0	0.000937473229322405	10.365853658536585
1.0	3.0	0.0	0.000937473229322405	10.365853658536585
1.0	3.0	0.0	0.0009556156476509649	9.78048780487805
1.0	3.0	0.0	0.0009556156476509649	9.78048780487805
1.0	3.0	0.0	0.0009556156476509649	9.78048780487805
1.0	3.0	0.0	0.0009556156476509649	9.78048780487805
1.0	3.0	0.0	0.0009963389611004295	9.24390243902439
1.0	3.0	0.0	0.0009963389611004295	9.24390243902439
1.0	3.0	0.0	0.0009963389611004295	9.24390243902439
1.0	3.0	0.0	0.0009963389611004295	9.24390243902439
1.0	3.0	0.0	0.0009576909149697056	11.146341463414634
1.0	3.0	0.0	0.0009576909149697056	11.146341463414634
1.0	2.0	0.0	0.0006676003145200905	10.658536585365853
1.0	2.0	0.0	0.0006676003145200905	10.658536585365853
1.0	2.0	0.0	0.0006676003145200905	10.658536585365853
1.0	2.0	0.0	0.0006676003145200905	10.658536585365853
1.0	2.0	0.0	0.0006682211496111851	12.024390243902438
1.0	2.0	0.0	0.0006682211496111851	12.024390243902438
1.0	2.0	0.0	0.0006682211496111851	12.024390243902438
1.0	2.0	0.0	0.0006682211496111851	12.024390243902438
1.0	2.0	0.0	0.0006764628492840027	11.439024390243903
1.0	2.0	0.0	0.0006764628492840027	11.439024390243903
1.0	2.0	0.0	0.0006764628492840027	11.439024390243903
1.0	2.0	0.0	0.0006764628492840027	11.439024390243903
1.0	2.0	0.0	0.0006289335631329429	3.7058823529411766
1.0	1.0	0.0	0.0003558530237608488	4.382352941176471
1.0	1.0	0.0	0.00037117527731833026	4.852941176470588
1.0	2.0	0.0	0.0007473950417589035	5.352941176470588
1.0	1.0	0.0	0.00040645502281362074	5.794117647058823
1.0	2.0	0.0	0.0007590559204619522	6.294117647058823
1.0	2.0	0.0	0.0007701024419397814	6.852941176470588
1.0	1.0	0.0	0.00040645502281362074	5.794117647058823
1.0	4.0	0.0	0.0012043128432073001	3.176470588235294
1.0	4.0	0.0	0.0012438403004732003	3.411764705882353
1.0	3.0	0.0	0.0009326784260238813	3.5
1.0	3.0	0.0	0.0009847618269373565	3.8823529411764706
1.0	3.0	0.0	0.0009813149323508403	3.9705882352941178
1.0	3.0	0.0	0.0009382191251976285	3.823529411764706
1.0	3.0	0.0	0.0009535482702205159	3.735294117647059
1.0	3.0	0.0	0.0009395534118801789	4.029411764705882
1.0	3.0	0.0	0.0009694625397789604	4.176470588235294
1.0	3.0	0.0	0.0011030100041754987	4.823529411764706
1.0	3.0	0.0	0.0010012059563836492	4.4411764705882355
1.0	2.0	0.0	0.0006735442223931549	4.470588235294118
1.0	2.0	0.0	0.0006735442223931549	4.470588235294118
1.0	2.0	0.0	0.0006652364291652202	4.764705882352941
1.0	2.0	0.0	0.0006825463469166816	5.029411764705882
1.0	2.0	0.0	0.0006825463469166816	5.029411764705882
1.0	2.0	0.0	0.0006837233127361869	5.176470588235294
1.0	3.0	0.0	0.0010243584836975323	5.382352941176471
1.0	2.0	0.0	0.0006931203811145944	5.205882352941177
1.0	2.0	0.0	0.0006931203811145944	5.205882352941177
1.0	2.0	0.0	0.0007009056179816109	5.882352941176471
1.0	2.0	0.0	0.0007009056179816109	5.882352941176471
1.0	3.0	0.0	0.001045659226378194	5.9411764705882355
1.0	2.0	0.0	0.0007071087215046962	6.735294117647059
1.0	1.0	0.0	0.0004121936451453826	6.323529411764706
1.0	1.0	0.0	0.00041745340283332565	7.264705882352941
1.0	1.0	0.0	0.0004222511846443077	7.823529411764706
1.0	2.0	0.0	0.0006620828725289979	4.3
1.0	2.0	0.0	0.000629785485084922	3.8333333333333335
1.0	2.0	0.0	0.000629785485084922	3.8333333333333335
1.0	1.0	0.0	0.000385079584310878	6.3
1.0	1.0	0.0	0.0003908014045541407	6.6
1.0	4.0	0.0	0.0012237649721752398	3.566666666666667
1.0	3.0	0.0	0.0009278386859080633	3.9
1.0	3.0	0.0	0.0009278386859080634	3.9
1.0	3.0	0.0	0.0009510799708897578	3.8
1.0	2.0	0.0	0.0006703222161136035	4.566666666666666
1.0	2.0	0.0	0.0006580346362582102	4.333333333333333
1.0	3.0	0.0	0.0009676685297324975	4.533333333333333
1.0	3.0	0.0	0.0009676685297324975	4.533333333333333
1.0	3.0	0.0	0.0010311436801691348	5.333333333333333
1.0	2.0	0.0	0.0006810358395819902	5.1
1.0	2.0	0.0	0.0006811867441147974	5.366666666666666
1.0	2.0	0.0	0.0006811867441147974	5.366666666666666
1.0	2.0	0.0	0.0006811867441147974	5.366666666666666
1.0	2.0	0.0	0.0006811867441147974	5.366666666666666
1.0	3.0	0.0	0.0010025422101849848	4.866666666666666
1.0	2.0	0.0	0.0007004827259705026	6.2
1.0	2.0	0.0	0.0007004827259705026	6.2
1.0	2.0	0.0	0.0007004827259705026	6.2
1.0	2.0	0.0	0.0007004827259705026	6.2
1.0	2.0	0.0	0.0007060644747536006	7.033333333333333
1.0	2.0	0.0	0.0007060644747536006	7.033333333333333
1.0	3.0	0.0	0.0010502288872123486	5.633333333333334
1.0	2.0	0.0	0.0006978233556390724	5.7
1.0	2.0	0.0	0.0007138402952483814	6.466666666666667
1.0	2.0	0.0	0.0007128034874114883	6.533333333333333
1.0	2.0	0.0	0.0007183690792773814	7.3
1.0	2.0	0.0	0.0007637425256508375	6.285714285714286
1.0	2.0	0.0	0.0007637425256508375	6.285714285714286
1.0	2.0	0.0	0.0007637425256508375	6.285714285714286
1.0	2.0	0.0	0.0007637425256508375	6.285714285714286
1.0	3.0	0.0	0.0009671642285539827	4.057142857142857
1.0	3.0	0.0	0.0009671642285539827	4.057142857142857
1.0	2.0	0.0	0.0006658449636386481	4.0
1.0	2.0	0.0	0.0006658449636386481	4.0
1.0	3.0	0.0	0.0009870153508713723	4.628571428571429
1.0	3.0	0.0	0.0009870153508713723	4.628571428571429
1.0	3.0	0.0	0.0009870153508713723	4.628571428571429
1.0	3.0	0.0	0.0009870153508713723	4.628571428571429
1.0	3.0	0.0	0.0010327443252306505	5.371428571428571
1.0	3.0	0.0	0.0010327443252306505	5.371428571428571
1.0	3.0	0.0	0.0010327443252306505	5.371428571428571
1.0	3.0	0.0	0.0010327443252306505	5.371428571428571
1.0	2.0	0.0	0.0006895959922233966	5.485714285714286
1.0	2.0	0.0	0.0006895959922233966	5.485714285714286
1.0	2.0	0.0	0.0006895959922233966	5.485714285714286
1.0	2.0	0.0	0.0006895959922233966	5.485714285714286
1.0	2.0	0.0	0.0007064793261302384	6.228571428571429
1.0	2.0	0.0	0.0007064793261302384	6.228571428571429
1.0	2.0	0.0	0.0007064793261302384	6.228571428571429
1.0	2.0	0.0	0.0007064793261302384	6.228571428571429
1.0	2.0	0.0	0.0007069632380291883	6.3428571428571425
1.0	2.0	0.0	0.0007069632380291883	6.3428571428571425
1.0	2.0	0.0	0.0007069632380291883	6.3428571428571425
1.0	2.0	0.0	0.0007069632380291883	6.3428571428571425
1.0	2.0	0.0	0.0007113658923244679	7.085714285714285
1.0	2.0	0.0	0.0007113658923244679	7.085714285714285
1.0	2.0	0.0	0.0007113658923244679	7.085714285714285
1.0	2.0	0.0	0.0007113658923244679	7.085714285714285
1.0	1.0	0.0	0.0004193017374982035	7.257142857142857
1.0	1.0	0.0	0.0004193017374982035	7.257142857142857
1.0	1.0	0.0	0.0004193017374982035	7.257142857142857
1.0	1.0	0.0	0.0004193017374982035	7.257142857142857
1.0	4.0	0.0	0.0014623140590521604	7.4186046511627906
1.0	4.0	0.0	0.0014608890375440813	7.6976744186046515
1.0	1.0	0.0	0.0003971007404059825	12.372093023255815
1.0	2.0	0.0	0.0006714106425411198	8.744186046511627
1.0	2.0	0.0	0.0006685315732219483	9.348837209302326
1.0	1.0	0.0	0.0003840848299441048	9.883720930232558
1.0	2.0	0.0	0.0007183308774191307	7.651162790697675
1.0	2.0	0.0	0.000717306730701881	8.023255813953488
1.0	2.0	0.0	0.0007366766946320913	7.325581395348837
1.0	1.0	0.0	0.0003899011311662842	11.581395348837209
1.0	2.0	0.0	0.0007364597373729937	7.511627906976744
1.0	1.0	0.0	0.0004036816790153372	8.395348837209303
1.0	1.0	0.0	0.0003890634669556681	12.30232558139535
1.0	1.0	0.0	0.0004036816790153372	8.395348837209303
1.0	1.0	0.0	0.0004035017743238591	8.674418604651162
1.0	1.0	0.0	0.0004035017743238591	8.674418604651162
1.0	1.0	0.0	0.0003985839654604456	13.162790697674419
1.0	1.0	0.0	0.0004102983106111129	8.255813953488373
1.0	3.0	0.0	0.000997748569462109	9.813953488372093
1.0	3.0	0.0	0.0009945908182564626	10.534883720930232
1.0	2.0	0.0	0.0007125549523594557	11.395348837209303
1.0	2.0	0.0	0.0007107822353245708	12.162790697674419
1.0	1.0	0.0	0.0003976489126361768	13.976744186046512
1.0	3.0	0.0	0.0010284916341662487	8.906976744186046
1.0	3.0	0.0	0.001000788654978575	8.255813953488373
1.0	2.0	0.0	0.0006789216586835222	9.395348837209303
1.0	3.0	0.0	0.0009836548242419748	9.209302325581396
1.0	3.0	0.0	0.0009959285879508363	8.813953488372093
1.0	2.0	0.0	0.0006791025255973968	9.534883720930232
1.0	2.0	0.0	0.0006746611807737977	10.069767441860465
1.0	3.0	0.0	0.000980538247303883	9.883720930232558
1.0	2.0	0.0	0.0007008446826511748	7.930232558139535
1.0	2.0	0.0	0.0006986469792221495	8.395348837209303
1.0	3.0	0.0	0.0010486169997191539	10.604651162790697
1.0	2.0	0.0	0.0006969268305985788	10.604651162790697
1.0	2.0	0.0	0.0006961809441787541	11.372093023255815
1.0	3.0	0.0	0.001048243589258592	11.325581395348838
1.0	3.0	0.0	0.0010682864872278172	11.395348837209303
1.0	3.0	0.0	0.0010778732011101798	12.186046511627907
1.0	2.0	0.0	0.0007096303967670474	12.209302325581396
1.0	3.0	0.0	0.001109673815287538	7.27906976744186
1.0	2.0	0.0	0.000743187657469	7.27906976744186
1.0	3.0	0.0	0.0010774308871587567	13.0
1.0	2.0	0.0	0.0007429895015094609	7.372093023255814
1.0	2.0	0.0	0.0006934915152394514	5.269230769230769
1.0	1.0	0.0	0.0004193818406925089	7.653846153846154
1.0	1.0	0.0	0.0004193818406925089	7.653846153846154
1.0	3.0	0.0	0.0009967328960306685	4.5
1.0	2.0	0.0	0.0006941803619928736	5.269230769230769
1.0	2.0	0.0	0.0006681223444231486	3.9615384615384617
1.0	2.0	0.0	0.0006828426540085105	4.8076923076923075
1.0	2.0	0.0	0.0006855186958520599	4.5
1.0	1.0	0.0	0.000388084574852348	5.576923076923077
1.0	3.0	0.0	0.0011463297512502371	6.6923076923076925
1.0	1.0	0.0	0.00041687162048064367	5.730769230769231
1.0	4.0	0.0	0.001397290130106162	5.153846153846154
1.0	2.0	0.0	0.0007085611793375277	5.923076923076923
1.0	1.0	0.0	0.00038987011308822477	6.115384615384615
1.0	1.0	0.0	0.00038987011308822477	6.115384615384615
1.0	3.0	0.0	0.0010622889960441532	5.961538461538462
1.0	3.0	0.0	0.0009853406099240374	4.076923076923077
1.0	1.0	0.0	0.0003946212105165771	6.923076923076923
1.0	3.0	0.0	0.0009947151959348083	3.769230769230769
1.0	3.0	0.0	0.0010441061072407355	4.615384615384615
1.0	3.0	0.0	0.0010226182581763565	3.8846153846153846
1.0	2.0	0.0	0.0006865979148228898	4.230769230769231
1.0	3.0	0.0	0.0010086613855154875	4.653846153846154
1.0	2.0	0.0	0.0006952900281244842	5.384615384615385
1.0	2.0	0.0	0.0007597305333251503	4.769230769230769
1.0	3.0	0.0	0.0010474287509965054	5.884615384615385
1.0	2.0	0.0	0.0007032103304077266	6.0
1.0	2.0	0.0	0.0006726613338064158	4.375
1.0	1.0	0.0	0.00037031609566947634	4.458333333333333
1.0	2.0	0.0	0.0006634007854921429	3.6666666666666665
1.0	4.0	0.0	0.0013956141259519844	5.0
1.0	2.0	0.0	0.0006915183273201766	4.875
1.0	2.0	0.0	0.0006779993809930888	4.25
1.0	3.0	0.0	0.0009582147618094099	3.625
1.0	3.0	0.0	0.000953888822670539	3.75
1.0	1.0	0.0	0.00038814049749332944	5.958333333333333
1.0	1.0	0.0	0.00038814049749332944	5.958333333333333
1.0	3.0	0.0	0.0009429330173416843	3.5416666666666665
1.0	3.0	0.0	0.0009864686610170325	3.5
1.0	3.0	0.0	0.0009480876392268295	3.4166666666666665
1.0	3.0	0.0	0.0009504469021816616	3.2916666666666665
1.0	2.0	0.0	0.0006689725597290293	4.333333333333333
1.0	2.0	0.0	0.000665984257479491	4.208333333333333
1.0	2.0	0.0	0.0006825776328527732	5.125
1.0	2.0	0.0	0.0006857066635400536	5.0
1.0	3.0	0.0	0.000998788414272551	4.125
1.0	2.0	0.0	0.0006978540995161627	4.833333333333333
1.0	2.0	0.0	0.0006978540995161627	4.833333333333333
1.0	3.0	0.0	0.0010773538220976862	6.25
1.0	2.0	0.0	0.0007108165221470251	5.541666666666667
1.0	2.0	0.0	0.0007108165221470251	5.541666666666667
1.0	1.0	0.0	0.000397980625053469	7.208333333333333
1.0	1.0	0.0	0.00037254305208140866	7.75
1.0	2.0	0.0	0.0006923910760751218	5.34375
1.0	2.0	0.0	0.0007530695231876143	6.5625
1.0	1.0	0.0	0.00038845114092918927	7.40625
1.0	3.0	0.0	0.0009648811701989401	7.40625
1.0	2.0	0.0	0.0006624205262229919	6.53125
1.0	2.0	0.0	0.0007128212717304546	6.09375
1.0	2.0	0.0	0.0006632274549603981	7.59375
1.0	3.0	0.0	0.0009668274474054388	7.5625
1.0	2.0	0.0	0.0006724053876975826	8.4375
1.0	2.0	0.0	0.000680707750184511	9.09375
1.0	2.0	0.0	0.0006718878325120978	8.28125
1.0	2.0	0.0	0.0006643699202470279	7.125
1.0	3.0	0.0	0.0009895332865722606	6.78125
1.0	3.0	0.0	0.0009604458270043568	6.21875
1.0	3.0	0.0	0.0009601708391375806	5.875
1.0	2.0	0.0	0.0006681649795012553	5.9375
1.0	2.0	0.0	0.0006598477227923572	5.59375
1.0	3.0	0.0	0.000989170203514977	5.3125
1.0	3.0	0.0	0.0010107126261300686	5.65625
1.0	2.0	0.0	0.0007127987129055075	5.4375
1.0	2.0	0.0	0.0007205246141599348	5.59375
1.0	2.0	0.0	0.0007218408112857732	5.8125
1.0	3.0	0.0	0.0009851442464188414	6.90625
1.0	3.0	0.0	0.0009718296539038788	8.21875
1.0	3.0	0.0	0.0009718296539038788	8.21875
1.0	3.0	0.0	0.00104271862855655	6.4375
1.0	2.0	0.0	0.0006632274549603981	7.59375
1.0	1.0	0.0	0.0004142542442992991	7.53125
1.0	2.0	0.0	0.0006799863044530724	9.0625
1.0	2.0	0.0	0.0006799863044530724	9.0625
1.0	2.0	0.0	0.000694378970407308	9.90625
1.0	2.0	0.0	0.0006943789704073078	9.90625
1.0	1.0	0.0	0.00036538998760665036	4.142857142857143
1.0	2.0	0.0	0.0006341724064642272	3.2857142857142856
1.0	2.0	0.0	0.0006480153301721299	3.761904761904762
1.0	2.0	0.0	0.0006622761159105932	4.0476190476190474
1.0	3.0	0.0	0.0009301812805174617	3.380952380952381
1.0	2.0	0.0	0.000660812949215281	4.142857142857143
1.0	2.0	0.0	0.0006794040803484094	4.904761904761905
1.0	2.0	0.0	0.0006804843129891648	5.0
1.0	2.0	0.0	0.0006638060327877178	4.238095238095238
1.0	3.0	0.0	0.0009391858599782585	3.4761904761904763
1.0	3.0	0.0	0.0009174654760291633	3.0
1.0	3.0	0.0	0.0009032123910807493	2.8095238095238093
1.0	3.0	0.0	0.0009217536915556257	2.9047619047619047
1.0	3.0	0.0	0.0009184053416392148	3.0
1.0	2.0	0.0	0.0006477002850138747	3.761904761904762
1.0	3.0	0.0	0.000964940577956602	3.1904761904761907
1.0	3.0	0.0	0.0009331499822852514	3.2857142857142856
1.0	3.0	0.0	0.0009452321530269826	3.380952380952381
1.0	2.0	0.0	0.0006590086209751326	3.9523809523809526
1.0	2.0	0.0	0.0006666340087191891	4.142857142857143
1.0	2.0	0.0	0.0006823013604740851	4.904761904761905
1.0	2.0	0.0	0.0006810994940545387	4.809523809523809
1.0	2.0	0.0	0.0006382028756502663	5.851063829787234
1.0	2.0	0.0	0.0006382028756502663	5.851063829787234
1.0	2.0	0.0	0.000643334474187117	6.872340425531915
1.0	2.0	0.0	0.000643334474187117	6.872340425531915
1.0	2.0	0.0	0.0006780064549705299	8.914893617021276
1.0	2.0	0.0	0.0006780064549705299	8.914893617021276
1.0	1.0	0.0	0.00043130427337471244	8.872340425531915
1.0	1.0	0.0	0.00043130427337471244	8.872340425531915
1.0	1.0	0.0	0.0004324001166640882	10.23404255319149
1.0	1.0	0.0	0.0004324001166640882	10.23404255319149
1.0	1.0	0.0	0.00043678783543373847	11.595744680851064
1.0	1.0	0.0	0.00043678783543373847	11.595744680851064
1.0	3.0	0.0	0.0009365782541442542	5.617021276595745
1.0	3.0	0.0	0.0009365782541442542	5.617021276595745
1.0	3.0	0.0	0.0009751946383942235	6.0638297872340425
1.0	3.0	0.0	0.0009751946383942235	6.0638297872340425
1.0	3.0	0.0	0.0009376378540342429	6.0212765957446805
1.0	3.0	0.0	0.0009376378540342427	6.0212765957446805
1.0	2.0	0.0	0.0006496750880814823	6.297872340425532
1.0	2.0	0.0	0.0006496750880814823	6.297872340425532
1.0	3.0	0.0	0.0009404382134100372	6.361702127659575
1.0	3.0	0.0	0.0009404382134100372	6.361702127659575
1.0	2.0	0.0	0.0007237730311174458	6.957446808510638
1.0	2.0	0.0	0.0007237730311174458	6.957446808510638
1.0	3.0	0.0	0.0009822729684014963	7.425531914893617
1.0	3.0	0.0	0.0009822729684014963	7.425531914893617
1.0	3.0	0.0	0.0009508550524108709	7.319148936170213
1.0	3.0	0.0	0.0009508550524108709	7.319148936170213
1.0	2.0	0.0	0.0006526376580305507	6.9787234042553195
1.0	2.0	0.0	0.0006526376580305507	6.9787234042553195
1.0	2.0	0.0	0.0007269895416671027	8.319148936170214
1.0	2.0	0.0	0.0007269895416671027	8.319148936170214
1.0	3.0	0.0	0.0009694192763320932	8.0
1.0	3.0	0.0	0.0009694192763320932	8.0
1.0	3.0	0.0	0.0010106012320973197	8.787234042553191
1.0	3.0	0.0	0.0010106012320973197	8.787234042553191
1.0	2.0	0.0	0.0007901978735200753	7.8936170212765955
1.0	2.0	0.0	0.0007901978735200753	7.8936170212765955
1.0	2.0	0.0	0.0007398645192383664	9.680851063829786
1.0	2.0	0.0	0.0007398645192383664	9.680851063829786
1.0	2.0	0.0	0.0007926437816345257	9.25531914893617
1.0	2.0	0.0	0.0007926437816345257	9.25531914893617
1.0	2.0	0.0	0.0006902373837485923	9.702127659574469
1.0	2.0	0.0	0.0006902373837485923	9.702127659574469
1.0	2.0	0.0	0.0006917541238494916	9.76595744680851
1.0	2.0	0.0	0.0006917541238494916	9.76595744680851
1.0	2.0	0.0	0.0008024281037531645	10.617021276595745
1.0	2.0	0.0	0.0008024281037531645	10.617021276595745
1.0	1.0	0.0	0.00039802774186258733	8.757575757575758
1.0	1.0	0.0	0.00039514336055329396	8.924242424242424
1.0	1.0	0.0	0.00040626494837268885	9.015151515151516
1.0	1.0	0.0	0.000407081891528225	9.454545454545455
1.0	1.0	0.0	0.0004033544676482065	9.424242424242424
1.0	2.0	0.0	0.0007305992084550032	9.712121212121213
1.0	1.0	0.0	0.0004092675380892303	9.878787878787879
1.0	1.0	0.0	0.00040563068678740546	9.984848484848484
1.0	1.0	0.0	0.00040414722887208805	10.515151515151516
1.0	2.0	0.0	0.0007812157534550896	12.833333333333334
1.0	1.0	0.0	0.00041031871275322364	10.257575757575758
1.0	1.0	0.0	0.0004077700046350505	10.681818181818182
1.0	3.0	0.0	0.0010589329864336573	7.757575757575758
1.0	3.0	0.0	0.0010924516547713937	7.893939393939394
1.0	2.0	0.0	0.0007239748515102771	8.106060606060606
1.0	3.0	0.0	0.0010892265553306569	8.803030303030303
1.0	2.0	0.0	0.0007346928254592076	8.333333333333334
1.0	2.0	0.0	0.0007439631230597755	9.030303030303031
1.0	2.0	0.0	0.0007359602099870585	9.363636363636363
1.0	2.0	0.0	0.0007460700430570472	9.43939393939394
1.0	3.0	0.0	0.001073555247391857	7.787878787878788
1.0	3.0	0.0	0.00116445300993313	8.712121212121213
1.0	3.0	0.0	0.0010226623070278187	7.7727272727272725
1.0	3.0	0.0	0.001075568870421929	7.7727272727272725
1.0	2.0	0.0	0.0006874661695311648	8.515151515151516
1.0	3.0	0.0	0.0010724766394182943	8.575757575757576
1.0	2.0	0.0	0.000758029773788152	9.469696969696969
1.0	1.0	0.0	0.00042437929401162615	9.696969696969697
1.0	1.0	0.0	0.00042437929401162615	9.696969696969697
1.0	4.0	0.0	0.0014744463947449604	8.666666666666666
1.0	3.0	0.0	0.0010646717361080422	7.9393939393939394
1.0	3.0	0.0	0.0010982421319430428	8.272727272727273
1.0	3.0	0.0	0.0012059027389667413	10.393939393939394
1.0	3.0	0.0	0.0010994745953643798	8.030303030303031
1.0	3.0	0.0	0.001101228472089692	8.469696969696969
1.0	1.0	0.0	0.00039395749840284824	8.742424242424242
1.0	1.0	0.0	0.00040300850005219155	8.878787878787879
1.0	2.0	0.0	0.0007368697961984559	8.196969696969697
1.0	3.0	0.0	0.0010905020685056757	8.43939393939394
1.0	3.0	0.0	0.0010167032791404034	9.287878787878787
1.0	1.0	0.0	0.0004068225086603051	9.651515151515152
1.0	1.0	0.0	0.0004068225086603051	9.651515151515152
1.0	3.0	0.0	0.001108261543461649	8.893939393939394
1.0	1.0	0.0	0.00040476163522425726	9.257575757575758
1.0	1.0	0.0	0.00043680310544080164	11.378787878787879
1.0	1.0	0.0	0.00043680310544080164	11.378787878787879
1.0	3.0	0.0	0.0011452447914676483	10.590909090909092
1.0	3.0	0.0	0.0011005487735899241	9.0
1.0	3.0	0.0	0.0010770858919004998	9.696969696969697
1.0	1.0	0.0	0.00040320370255528596	9.787878787878787
1.0	2.0	0.0	0.0007010019629035709	10.151515151515152
1.0	2.0	0.0	0.0007010019629035709	10.151515151515152
1.0	2.0	0.0	0.0007364531221010632	9.196969696969697
1.0	3.0	0.0	0.001113069589678916	9.136363636363637
1.0	2.0	0.0	0.000820313585577607	11.545454545454545
1.0	3.0	0.0	0.00109300444570593	9.530303030303031
1.0	1.0	0.0	0.0004197358488891961	11.575757575757576
1.0	2.0	0.0	0.0007121028414866162	11.015151515151516
1.0	2.0	0.0	0.0007121028414866162	11.015151515151516
1.0	3.0	0.0	0.0010677155640215158	11.878787878787879
1.0	3.0	0.0	0.001117011492954239	9.272727272727273
1.0	1.0	0.0	0.0004448732251466606	12.530303030303031
1.0	1.0	0.0	0.0004106257292378194	10.121212121212121
1.0	2.0	0.0	0.0007474053602973997	9.575757575757576
1.0	2.0	0.0	0.0007435213349388741	9.681818181818182
1.0	3.0	0.0	0.001107585228174499	9.696969696969697
1.0	1.0	0.0	0.000427243347494885	13.818181818181818
1.0	1.0	0.0	0.0003719766977432193	6.071428571428571
1.0	2.0	0.0	0.0006705131554048537	4.178571428571429
1.0	2.0	0.0	0.0007492008084192838	5.142857142857143
1.0	1.0	0.0	0.0003786978229543832	5.392857142857143
1.0	3.0	0.0	0.0009637194869659533	5.678571428571429
1.0	2.0	0.0	0.0006605497908296907	4.964285714285714
1.0	2.0	0.0	0.0006567859706882265	5.464285714285714
1.0	3.0	0.0	0.0009657038080941695	5.857142857142857
1.0	2.0	0.0	0.0006718488777345828	6.714285714285714
1.0	2.0	0.0	0.0006801921739977834	7.321428571428571
1.0	2.0	0.0	0.0006713280301852743	6.535714285714286
1.0	2.0	0.0	0.0006632019259177059	5.5
1.0	3.0	0.0	0.000987697103913604	5.107142857142857
1.0	3.0	0.0	0.0009570392217452298	4.607142857142857
1.0	3.0	0.0	0.0009557168324881335	4.357142857142857
1.0	2.0	0.0	0.0006648482830994398	4.428571428571429
1.0	2.0	0.0	0.000654086600430973	4.178571428571429
1.0	3.0	0.0	0.001003038932554283	4.25
1.0	3.0	0.0	0.0009742696372039741	4.0
1.0	3.0	0.0	0.0009695705137741863	4.821428571428571
1.0	3.0	0.0	0.0009658600438876384	6.035714285714286
1.0	3.0	0.0	0.0009658600438876383	6.035714285714286
1.0	3.0	0.0	0.001010288632970147	4.428571428571429
1.0	2.0	0.0	0.0006567859706882265	5.464285714285714
1.0	2.0	0.0	0.0006771616768164084	6.857142857142857
1.0	2.0	0.0	0.0006771616768164084	6.857142857142857
1.0	1.0	0.0	0.00041250219981503065	6.107142857142857
1.0	2.0	0.0	0.0006920679592415218	7.678571428571429
1.0	2.0	0.0	0.0006920679592415218	7.678571428571429
1.0	1.0	0.0	0.00038543628118844673	4.333333333333333
1.0	2.0	0.0	0.0006765316669935731	3.1333333333333333
1.0	1.0	0.0	0.00037478644799523254	3.466666666666667
1.0	1.0	0.0	0.0003747864479952326	3.466666666666667
1.0	3.0	0.0	0.000970336332858197	2.533333333333333
1.0	3.0	0.0	0.0009728174307112275	2.533333333333333
1.0	3.0	0.0	0.0009728174307112277	2.533333333333333
1.0	3.0	0.0	0.0009703363328581971	2.533333333333333
1.0	3.0	0.0	0.0009961710128545743	2.533333333333333
1.0	3.0	0.0	0.000996171012854574	2.533333333333333
1.0	2.0	0.0	0.0006765316669935731	3.1333333333333333
1.0	2.0	0.0	0.0006804142397558951	3.2
1.0	2.0	0.0	0.0006804142397558949	3.2
1.0	3.0	0.0	0.00103175580867153	3.4
1.0	2.0	0.0	0.0006947583652832407	3.8666666666666667
1.0	2.0	0.0	0.0006947583652832407	3.8666666666666667
1.0	2.0	0.0	0.0006729644814673153	3.125
1.0	1.0	0.0	0.00037427861552056607	3.625
1.0	1.0	0.0	0.000374278615520566	3.625
1.0	1.0	0.0	0.0004170774083343481	5.0625
1.0	3.0	0.0	0.0009672885130629187	2.625
1.0	3.0	0.0	0.000971771415051885	2.75
1.0	3.0	0.0	0.0009672885130629187	2.625
1.0	3.0	0.0	0.0009717714150518848	2.75
1.0	3.0	0.0	0.0009945111347508069	2.6875
1.0	3.0	0.0	0.0009945111347508069	2.6875
1.0	2.0	0.0	0.0006729644814673153	3.125
1.0	3.0	0.0	0.0010227111526256345	3.3125
1.0	2.0	0.0	0.0006799169021758057	3.4375
1.0	2.0	0.0	0.0006799169021758057	3.4375
1.0	2.0	0.0	0.000694345156689255	4.125
1.0	2.0	0.0	0.0006943451566892551	4.125
1.0	2.0	0.0	0.000758183527039511	4.125
1.0	4.0	0.0	0.0013235786647702067	5.9523809523809526
1.0	2.0	0.0	0.0007483374833499676	6.261904761904762
1.0	2.0	0.0	0.0006752157476895971	6.642857142857143
1.0	2.0	0.0	0.0006752157476895971	6.642857142857143
1.0	1.0	0.0	0.00037246150109967985	6.928571428571429
1.0	2.0	0.0	0.0006267494450949528	7.0476190476190474
1.0	2.0	0.0	0.0006395805154210963	5.523809523809524
1.0	2.0	0.0	0.0006282992926453343	7.5476190476190474
1.0	2.0	0.0	0.0006659012392058749	5.690476190476191
1.0	3.0	0.0	0.0009039661689938682	6.285714285714286
1.0	3.0	0.0	0.0009069574736417849	6.857142857142857
1.0	3.0	0.0	0.0009125682068272033	5.738095238095238
1.0	3.0	0.0	0.000923555628402446	7.571428571428571
1.0	3.0	0.0	0.0009324708683754572	7.666666666666667
1.0	3.0	0.0	0.0009266224376449241	6.428571428571429
1.0	3.0	0.0	0.000934455099966042	7.0
1.0	2.0	0.0	0.0006576797845058079	8.452380952380953
1.0	2.0	0.0	0.0006605737931142235	8.547619047619047
1.0	2.0	0.0	0.0006589836678390454	7.309523809523809
1.0	3.0	0.0	0.0009642914443552206	5.357142857142857
1.0	2.0	0.0	0.0006616234648003144	7.880952380952381
1.0	2.0	0.0	0.0006767799282775618	9.333333333333334
1.0	2.0	0.0	0.0006778921081925826	9.428571428571429
1.0	2.0	0.0	0.0006778322805388487	8.19047619047619
1.0	3.0	0.0	0.0010054001086281798	5.333333333333333
1.0	2.0	0.0	0.0006787920201112009	8.761904761904763
1.0	2.0	0.0	0.0006675281547135236	5.428571428571429
1.0	3.0	0.0	0.000980842853101854	5.476190476190476
1.0	2.0	0.0	0.0006704133499312735	5.404761904761905
1.0	2.0	0.0	0.0006691690216059061	5.5
1.0	1.0	0.0	0.00041324831803861396	7.238095238095238
1.0	3.0	0.0	0.001014050298154464	7.380952380952381
1.0	3.0	0.0	0.001014050298154464	7.380952380952381
1.0	2.0	0.0	0.0006998905097432646	8.261904761904763
1.0	2.0	0.0	0.0006998905097432646	8.261904761904763
1.0	2.0	0.0	0.0006998905097432646	8.261904761904763
1.0	2.0	0.0	0.0006998905097432646	8.261904761904763
1.0	2.0	0.0	0.000717157204248713	9.142857142857142
1.0	2.0	0.0	0.000717157204248713	9.142857142857142
1.0	2.0	0.0	0.000717157204248713	9.142857142857142
1.0	2.0	0.0	0.000717157204248713	9.142857142857142
1.0	2.0	0.0	0.0007183423820394206	10.023809523809524
1.0	2.0	0.0	0.0007183423820394206	10.023809523809524
1.0	1.0	0.0	0.0004066747800763597	7.157894736842105
1.0	0.0	0.0	0.0	0.0
1.0	1.0	0.0	0.00036845421733411825	5.657894736842105
1.0	2.0	0.0	0.0007952622961248943	8.157894736842104
1.0	1.0	0.0	0.000404836088642532	8.210526315789474
1.0	2.0	0.0	0.0007530667004077762	7.2368421052631575
1.0	2.0	0.0	0.0007631788320610515	7.894736842105263
1.0	2.0	0.0	0.0007628711182441365	7.947368421052632
1.0	3.0	0.0	0.000938644099695736	4.552631578947368
1.0	2.0	0.0	0.0006561220671966472	6.368421052631579
1.0	2.0	0.0	0.0007106721998820876	6.184210526315789
1.0	2.0	0.0	0.0006498788777790346	5.394736842105263
1.0	1.0	0.0	0.0004453235038070205	8.947368421052632
1.0	3.0	0.0	0.0009769808778911826	5.2631578947368425
1.0	3.0	0.0	0.0009253288698843899	4.921052631578948
1.0	2.0	0.0	0.0006506370542533537	5.105263157894737
1.0	3.0	0.0	0.0009245701384420507	4.605263157894737
1.0	3.0	0.0	0.0009292904888713296	5.2105263157894735
1.0	3.0	0.0	0.0009403297257741885	5.684210526315789
1.0	2.0	0.0	0.0007351202634256144	6.184210526315789
1.0	2.0	0.0	0.0006436109847430916	5.078947368421052
1.0	3.0	0.0	0.0009670707079975997	5.368421052631579
1.0	3.0	0.0	0.0009750802935336539	4.684210526315789
1.0	2.0	0.0	0.0006529455911303282	5.894736842105263
1.0	3.0	0.0	0.0009939401534523728	6.421052631578948
1.0	3.0	0.0	0.0009532563406995421	4.921052631578948
1.0	2.0	0.0	0.0007649217233552717	7.052631578947368
1.0	2.0	0.0	0.0006496942134471169	5.447368421052632
1.0	3.0	0.0	0.0009599718498702978	5.7631578947368425
1.0	3.0	0.0	0.0009592391064117422	5.815789473684211
1.0	3.0	0.0	0.0010963242150017168	7.2368421052631575
1.0	2.0	0.0	0.0008215303911250613	7.973684210526316
1.0	3.0	0.0	0.0010125807106600875	6.315789473684211
1.0	2.0	0.0	0.0006733508384594956	6.473684210526316
1.0	3.0	0.0	0.0010328261371686887	6.973684210526316
1.0	3.0	0.0	0.0010319991452481354	7.026315789473684
1.0	1.0	0.0	0.00043379886999904015	9.131578947368421
1.0	1.0	0.0	0.00041478511713069694	8.210526315789474
1.0	1.0	0.0	0.00041939442555015573	8.868421052631579
1.0	1.0	0.0	0.00041919324945930325	8.921052631578947
1.0	1.0	0.0	0.00040846953273653735	11.392156862745098
1.0	1.0	0.0	0.00040846953273653735	11.392156862745098
1.0	1.0	0.0	0.0003724480516654553	8.784313725490197
1.0	1.0	0.0	0.0003724480516654553	8.784313725490197
1.0	1.0	0.0	0.00038896666039247825	7.9411764705882355
1.0	3.0	0.0	0.0009485189869189146	8.196078431372548
1.0	3.0	0.0	0.0009485189869189146	8.196078431372548
1.0	1.0	0.0	0.0003751327864012147	11.196078431372548
1.0	1.0	0.0	0.0003751327864012147	11.196078431372548
1.0	2.0	0.0	0.0006749661917985306	7.823529411764706
1.0	2.0	0.0	0.0006749661917985306	7.823529411764706
1.0	3.0	0.0	0.0010206664228747037	7.607843137254902
1.0	3.0	0.0	0.0010206664228747037	7.607843137254902
1.0	2.0	0.0	0.0006861127402979383	7.0
1.0	2.0	0.0	0.0006861127402979383	7.0
1.0	3.0	0.0	0.0009846435646214513	9.470588235294118
1.0	3.0	0.0	0.0009846435646214513	9.470588235294118
1.0	3.0	0.0	0.0009359772397198958	9.333333333333334
1.0	3.0	0.0	0.0009359772397198958	9.333333333333334
1.0	2.0	0.0	0.0006558381712289418	8.92156862745098
1.0	2.0	0.0	0.0006558381712289418	8.92156862745098
1.0	3.0	0.0	0.0009371207541038244	8.72549019607843
1.0	3.0	0.0	0.0009371207541038244	8.72549019607843
1.0	3.0	0.0	0.0009473603534065386	10.03921568627451
1.0	3.0	0.0	0.0009473603534065386	10.03921568627451
1.0	2.0	0.0	0.00073868184913496	10.411764705882353
1.0	2.0	0.0	0.00073868184913496	10.411764705882353
1.0	2.0	0.0	0.0006560573877307619	9.509803921568627
1.0	2.0	0.0	0.0006560573877307619	9.509803921568627
1.0	3.0	0.0	0.0009623960152640088	10.823529411764707
1.0	3.0	0.0	0.0009623960152640088	10.823529411764707
1.0	3.0	0.0	0.00099853565124663	10.215686274509803
1.0	3.0	0.0	0.00099853565124663	10.215686274509803
1.0	3.0	0.0	0.0009886218801918227	7.803921568627451
1.0	3.0	0.0	0.0009886218801918227	7.803921568627451
1.0	2.0	0.0	0.0006686762694702858	10.941176470588236
1.0	2.0	0.0	0.0006686762694702858	10.941176470588236
1.0	2.0	0.0	0.0006751643817893987	11.72549019607843
1.0	2.0	0.0	0.0006751643817893987	11.72549019607843
1.0	3.0	0.0	0.0009757736368154085	7.490196078431373
1.0	3.0	0.0	0.0009757736368154085	7.490196078431373
1.0	2.0	0.0	0.0006873616453892824	11.843137254901961
1.0	2.0	0.0	0.0006873616453892824	11.843137254901961
1.0	2.0	0.0	0.0006882191452835131	12.627450980392156
1.0	2.0	0.0	0.0006882191452835131	12.627450980392156
1.0	2.0	0.0	0.0006658472669329898	7.294117647058823
1.0	2.0	0.0	0.0006658472669329898	7.294117647058823
1.0	3.0	0.0	0.0009906765027742283	7.078431372549019
1.0	3.0	0.0	0.0009906765027742283	7.078431372549019
1.0	1.0	0.0	0.0003821951490382748	8.588235294117647
1.0	1.0	0.0	0.0003821951490382748	8.588235294117647
1.0	3.0	0.0	0.0010437852049190342	6.96078431372549
1.0	1.0	0.0	0.00040793538740630317	13.263157894736842
1.0	1.0	0.0	0.00040793538740630317	13.263157894736842
1.0	1.0	0.0	0.0003678725688170796	10.508771929824562
1.0	1.0	0.0	0.0003678725688170796	10.508771929824562
1.0	1.0	0.0	0.00038511997753670106	9.105263157894736
1.0	3.0	0.0	0.0009417428428133798	9.982456140350877
1.0	3.0	0.0	0.0009417428428133798	9.982456140350877
1.0	1.0	0.0	0.0003747856569320482	13.087719298245615
1.0	1.0	0.0	0.0003747856569320482	13.087719298245615
1.0	2.0	0.0	0.0006424991644684895	9.421052631578947
1.0	2.0	0.0	0.0006424991644684895	9.421052631578947
1.0	2.0	0.0	0.0006760120916254548	8.157894736842104
1.0	2.0	0.0	0.0006760120916254548	8.157894736842104
1.0	3.0	0.0	0.000982284401912729	11.333333333333334
1.0	3.0	0.0	0.000982284401912729	11.333333333333334
1.0	3.0	0.0	0.0009339870298881645	11.210526315789474
1.0	3.0	0.0	0.0009339870298881645	11.210526315789474
1.0	2.0	0.0	0.0006531153060499806	10.736842105263158
1.0	2.0	0.0	0.0006531153060499806	10.736842105263158
1.0	3.0	0.0	0.0009339316774442511	10.56140350877193
1.0	3.0	0.0	0.0009339316774442511	10.56140350877193
1.0	3.0	0.0	0.0009463155421062194	11.947368421052632
1.0	3.0	0.0	0.0009463155421062194	11.947368421052632
1.0	2.0	0.0	0.0007375056834163401	12.280701754385966
1.0	2.0	0.0	0.0007375056834163401	12.280701754385966
1.0	2.0	0.0	0.0006547436518884662	11.368421052631579
1.0	2.0	0.0	0.0006547436518884662	11.368421052631579
1.0	3.0	0.0	0.0009615428691158731	12.75438596491228
1.0	3.0	0.0	0.0009615428691158731	12.75438596491228
1.0	3.0	0.0	0.0009974147408357455	12.105263157894736
1.0	3.0	0.0	0.0009974147408357455	12.105263157894736
1.0	3.0	0.0	0.0009734245536401487	9.526315789473685
1.0	3.0	0.0	0.0009734245536401487	9.526315789473685
1.0	2.0	0.0	0.0006681864431838983	12.859649122807017
1.0	2.0	0.0	0.0006681864431838983	12.859649122807017
1.0	3.0	0.0	0.0009454869246555658	9.140350877192983
1.0	3.0	0.0	0.0009454869246555658	9.140350877192983
1.0	2.0	0.0	0.000674772514406593	13.666666666666666
1.0	2.0	0.0	0.000674772514406593	13.666666666666666
1.0	2.0	0.0	0.0006870039496358892	13.771929824561404
1.0	2.0	0.0	0.0006870039496358892	13.771929824561404
1.0	2.0	0.0	0.0006878644539246879	14.578947368421053
1.0	2.0	0.0	0.0006878644539246879	14.578947368421053
1.0	2.0	0.0	0.0006412223350056414	8.87719298245614
1.0	2.0	0.0	0.0006412223350056414	8.87719298245614
1.0	3.0	0.0	0.0009397550928856885	8.578947368421053
1.0	3.0	0.0	0.0009397550928856885	8.578947368421053
1.0	3.0	0.0	0.0009417847313451813	9.12280701754386
1.0	3.0	0.0	0.0009417847313451813	9.12280701754386
1.0	2.0	0.0	0.0006484191985414997	8.403508771929825
1.0	2.0	0.0	0.0006484191985414997	8.403508771929825
1.0	2.0	0.0	0.0006573091848731769	8.947368421052632
1.0	2.0	0.0	0.0006573091848731769	8.947368421052632
1.0	3.0	0.0	0.0009715766814915837	8.228070175438596
1.0	3.0	0.0	0.0009715766814915837	8.228070175438596
1.0	2.0	0.0	0.0006621582638071754	8.771929824561404
1.0	2.0	0.0	0.0006621582638071754	8.771929824561404
1.0	3.0	0.0	0.001033057813247771	8.12280701754386
1.0	1.0	0.0	0.0003866426176097509	5.555555555555555
1.0	2.0	0.0	0.0007403602041507707	4.296296296296297
1.0	2.0	0.0	0.0006616944741212007	5.37037037037037
1.0	2.0	0.0	0.0006628894735037803	5.851851851851852
1.0	1.0	0.0	0.0003893952755049145	4.592592592592593
1.0	1.0	0.0	0.0003727612477406605	5.0
1.0	3.0	0.0	0.000954551916176255	3.111111111111111
1.0	3.0	0.0	0.0009369230861867281	3.3333333333333335
1.0	4.0	0.0	0.001576950233656559	5.037037037037037
1.0	3.0	0.0	0.0009409736693828722	3.814814814814815
1.0	3.0	0.0	0.0009590189054400912	3.3333333333333335
1.0	2.0	0.0	0.0006387413554616762	3.925925925925926
1.0	3.0	0.0	0.0009473503508344499	4.518518518518518
1.0	2.0	0.0	0.0006442867819388146	4.407407407407407
1.0	3.0	0.0	0.0009460094329536004	5.0
1.0	3.0	0.0	0.0010544321116821127	3.6296296296296298
1.0	3.0	0.0	0.0009950098412501384	4.037037037037037
1.0	2.0	0.0	0.0006584896833078401	3.814814814814815
1.0	1.0	0.0	0.0004268950729131304	6.0
1.0	1.0	0.0	0.0004268950729131304	6.0
1.0	1.0	0.0	0.0004268950729131304	6.0
1.0	3.0	0.0	0.0009816472401385913	3.8518518518518516
1.0	2.0	0.0	0.0006720179504190276	6.037037037037037
1.0	3.0	0.0	0.0010419058323590802	4.592592592592593
1.0	2.0	0.0	0.0006914317722189092	4.666666666666667
1.0	2.0	0.0	0.0007064609125702966	5.407407407407407
1.0	2.0	0.0	0.0007050246261894806	5.481481481481482
1.0	2.0	0.0	0.0007147861812997577	6.222222222222222
1.0	2.0	0.0	0.0007608377752088882	6.129032258064516
1.0	2.0	0.0	0.0006746385805257372	4.354838709677419
1.0	2.0	0.0	0.0007512059381570461	5.354838709677419
1.0	2.0	0.0	0.0007626183439000329	5.935483870967742
1.0	2.0	0.0	0.000763023928914873	6.193548387096774
1.0	1.0	0.0	0.00038573457781704095	5.838709677419355
1.0	3.0	0.0	0.00096370626291173	3.903225806451613
1.0	2.0	0.0	0.0006634706994424497	4.258064516129032
1.0	2.0	0.0	0.0006638078559025537	4.354838709677419
1.0	3.0	0.0	0.0009500735988203763	3.806451612903226
1.0	3.0	0.0	0.0009638953764453042	4.258064516129032
1.0	3.0	0.0	0.0009519582325736916	4.0
1.0	3.0	0.0	0.0009476689271317854	3.838709677419355
1.0	3.0	0.0	0.0010091520791301904	4.451612903225806
1.0	2.0	0.0	0.0006748309978141276	4.838709677419355
1.0	2.0	0.0	0.000669548380524356	4.516129032258065
1.0	2.0	0.0	0.000668226278571692	4.548387096774194
1.0	3.0	0.0	0.0010315138618264808	5.032258064516129
1.0	3.0	0.0	0.0010324662001986405	5.290322580645161
1.0	3.0	0.0	0.001027300376421248	5.225806451612903
1.0	2.0	0.0	0.0006852148745971699	5.258064516129032
1.0	3.0	0.0	0.0010337935721938174	4.870967741935484
1.0	3.0	0.0	0.001020427080284191	5.516129032258065
1.0	1.0	0.0	0.00041401811716477245	6.32258064516129
1.0	1.0	0.0	0.000419083882087481	6.903225806451613
1.0	1.0	0.0	0.0004193038004895517	7.161290322580645
1.0	1.0	0.0	0.0004180717224081408	7.096774193548387
1.0	2.0	0.0	0.0007060862515392296	6.354838709677419
1.0	2.0	0.0	0.0007060862515392296	6.354838709677419
1.0	2.0	0.0	0.0007183254700166828	7.193548387096774
1.0	2.0	0.0	0.0007183254700166828	7.193548387096774
1.0	2.0	0.0	0.0007232314009525214	8.03225806451613
1.0	2.0	0.0	0.0007714585179499104	11.338709677419354
1.0	2.0	0.0	0.0006628457462179334	9.387096774193548
1.0	1.0	0.0	0.00037091315739498605	10.080645161290322
1.0	2.0	0.0	0.0006543218654034942	10.67741935483871
1.0	2.0	0.0	0.0006542863685030923	10.306451612903226
1.0	2.0	0.0	0.0007680223142143114	11.725806451612904
1.0	2.0	0.0	0.0007680223142143114	11.725806451612904
1.0	1.0	0.0	0.0003915633530257481	12.580645161290322
1.0	1.0	0.0	0.00038001565879666293	8.338709677419354
1.0	2.0	0.0	0.0007515623211628554	10.85483870967742
1.0	2.0	0.0	0.0007628202610588411	11.64516129032258
1.0	2.0	0.0	0.0007631511924479158	11.806451612903226
1.0	1.0	0.0	0.0003892670622570179	10.725806451612904
1.0	2.0	0.0	0.0006364128133985718	7.274193548387097
1.0	2.0	0.0	0.0006682773733269565	7.532258064516129
1.0	3.0	0.0	0.0009151900249680912	7.82258064516129
1.0	3.0	0.0	0.0009176688268544549	8.193548387096774
1.0	3.0	0.0	0.0009080209373269062	8.53225806451613
1.0	3.0	0.0	0.0009067155899675761	7.387096774193548
1.0	3.0	0.0	0.0008988940430447765	8.096774193548388
1.0	3.0	0.0	0.0008987651097126814	7.725806451612903
1.0	2.0	0.0	0.0006488322565407257	8.741935483870968
1.0	3.0	0.0	0.0009835695200875172	9.096774193548388
1.0	3.0	0.0	0.0009549940197783571	9.193548387096774
1.0	2.0	0.0	0.0006249279722903475	8.919354838709678
1.0	2.0	0.0	0.0006247526720494027	8.548387096774194
1.0	3.0	0.0	0.0009307025876075279	9.741935483870968
1.0	3.0	0.0	0.0009307367688754784	9.370967741935484
1.0	2.0	0.0	0.000675482967010837	10.016129032258064
1.0	2.0	0.0	0.000675482967010837	10.016129032258064
1.0	3.0	0.0	0.0009630003224904297	7.193548387096774
1.0	3.0	0.0	0.001039961757989588	10.774193548387096
1.0	3.0	0.0	0.001039961757989588	10.774193548387096
1.0	2.0	0.0	0.0006647742802232332	10.96774193548387
1.0	3.0	0.0	0.0010542297245106312	11.596774193548388
1.0	2.0	0.0	0.0006663191672835588	7.209677419354839
1.0	2.0	0.0	0.0006663191672835588	7.209677419354839
1.0	2.0	0.0	0.0006716700645094311	7.225806451612903
1.0	2.0	0.0	0.0006716700645094311	7.225806451612903
1.0	3.0	0.0	0.0009836934720233326	7.241935483870968
1.0	3.0	0.0	0.0010147664770392586	7.354838709677419
1.0	3.0	0.0	0.0009612838873308231	7.741935483870968
1.0	1.0	0.0	0.00042089346542470093	12.709677419354838
1.0	1.0	0.0	0.00042089346542470093	12.709677419354838
1.0	2.0	0.0	0.0006627473989023096	8.419354838709678
1.0	3.0	0.0	0.0009534478709834304	8.129032258064516
1.0	2.0	0.0	0.0006635396831847227	8.96774193548387
1.0	3.0	0.0	0.000964332150033652	9.338709677419354
1.0	3.0	0.0	0.000951142011363563	8.596774193548388
1.0	3.0	0.0	0.0009533849806841341	9.17741935483871
1.0	2.0	0.0	0.0006753388319295591	8.935483870967742
1.0	3.0	0.0	0.0010098477545684094	9.903225806451612
1.0	2.0	0.0	0.0006750258077362905	10.129032258064516
1.0	2.0	0.0	0.0006730929406697584	9.419354838709678
1.0	3.0	0.0	0.0010318857617871722	10.693548387096774
1.0	3.0	0.0	0.0010327559258145969	10.85483870967742
1.0	3.0	0.0	0.001045208402706803	9.741935483870968
1.0	2.0	0.0	0.0006936942210415178	10.225806451612904
1.0	3.0	0.0	0.0010479806470906643	10.387096774193548
1.0	1.0	0.0	0.0004141793155272626	11.838709677419354
1.0	1.0	0.0	0.0004191680411987592	12.629032258064516
1.0	1.0	0.0	0.0004193738597488993	12.790322580645162
1.0	1.0	0.0	0.00042273162688079036	12.32258064516129
1.0	2.0	0.0	0.0007709300151906122	6.25
1.0	2.0	0.0	0.0007374887402967841	5.59375
1.0	1.0	0.0	0.0003897146576058669	6.125
1.0	1.0	0.0	0.00042681329112638966	6.9375
1.0	2.0	0.0	0.0007241584729944468	5.125
1.0	2.0	0.0	0.000635085041416145	4.375
1.0	2.0	0.0	0.0006409636387217759	4.84375
1.0	3.0	0.0	0.0009930104464204493	4.34375
1.0	2.0	0.0	0.0006701469475688495	4.59375
1.0	2.0	0.0	0.0006603994074822594	4.46875
1.0	3.0	0.0	0.0009600478870450018	3.90625
1.0	3.0	0.0	0.0009410246376016212	4.0
1.0	3.0	0.0	0.0009150720210773655	3.5625
1.0	3.0	0.0	0.0009398790855042808	3.625
1.0	3.0	0.0	0.0009163422754798865	3.78125
1.0	2.0	0.0	0.0006529123612205091	4.46875
1.0	3.0	0.0	0.0009338347953071739	4.25
1.0	2.0	0.0	0.0006780321720421321	4.53125
1.0	3.0	0.0	0.000981497892984722	4.6875
1.0	2.0	0.0	0.0006686302822553304	4.28125
1.0	3.0	0.0	0.0010461153085535302	5.15625
1.0	2.0	0.0	0.0006914131535113041	4.90625
1.0	3.0	0.0	0.0011732454931237797	5.96875
1.0	3.0	0.0	0.0010473031042977981	5.34375
1.0	3.0	0.0	0.0009474563692979262	4.96875
1.0	3.0	0.0	0.0009498251159106886	5.4375
1.0	1.0	0.0	0.00042681329112638966	6.9375
1.0	2.0	0.0	0.0006685133788545507	5.8125
1.0	2.0	0.0	0.0006693092623599023	6.28125
1.0	1.0	0.0	0.0004077029864339127	6.5625
1.0	2.0	0.0	0.0006852019246455448	6.65625
1.0	2.0	0.0	0.0006854655865287921	7.125
1.0	1.0	0.0	0.00042259856421473504	7.21875
1.0	2.0	0.0	0.0007716591897592168	6.375
1.0	2.0	0.0	0.0007271714019979429	4.8125
1.0	1.0	0.0	0.00039011244998264736	6.25
1.0	1.0	0.0	0.00042692143338309745	7.0
1.0	2.0	0.0	0.0007245051880579923	5.1875
1.0	2.0	0.0	0.0006406184528661879	4.84375
1.0	2.0	0.0	0.0006399919688446084	5.15625
1.0	3.0	0.0	0.0009937521672879015	4.40625
1.0	2.0	0.0	0.0006697951570717889	4.59375
1.0	2.0	0.0	0.0006590357595461	4.46875
1.0	3.0	0.0	0.0009371630788712556	4.0
1.0	3.0	0.0	0.0009626838548305473	4.03125
1.0	3.0	0.0	0.0009292425906057958	3.6875
1.0	3.0	0.0	0.000946093424674693	3.75
1.0	3.0	0.0	0.0009613989778503822	3.90625
1.0	2.0	0.0	0.0006360759557680352	4.34375
1.0	3.0	0.0	0.0009315001846303238	4.25
1.0	2.0	0.0	0.0006792146810317553	4.65625
1.0	3.0	0.0	0.0009294862499116543	4.5625
1.0	2.0	0.0	0.0006712101154342036	4.40625
1.0	3.0	0.0	0.0010474453165657265	5.28125
1.0	3.0	0.0	0.0011735278834477643	6.03125
1.0	2.0	0.0	0.0006930086762300017	5.03125
1.0	3.0	0.0	0.0010487505754786727	5.46875
1.0	3.0	0.0	0.0009508639230990265	5.4375
1.0	3.0	0.0	0.000950588888019995	5.75
1.0	1.0	0.0	0.00042692143338309745	7.0
1.0	1.0	0.0	0.0004031638977686589	5.78125
1.0	2.0	0.0	0.0006699567033239685	6.28125
1.0	2.0	0.0	0.0006698634903102627	6.59375
1.0	2.0	0.0	0.0006861563837438871	7.125
1.0	2.0	0.0	0.000686138756394036	7.4375
1.0	1.0	0.0	0.00042292939802922883	7.34375
1.0	2.0	0.0	0.0007524543318692058	4.724137931034483
1.0	2.0	0.0	0.000763189576649265	5.275862068965517
1.0	2.0	0.0	0.0007641940100108181	5.655172413793103
1.0	1.0	0.0	0.0003858272465926257	5.551724137931035
1.0	1.0	0.0	0.000427491378347421	6.551724137931035
1.0	2.0	0.0	0.0008027639802677426	5.931034482758621
1.0	1.0	0.0	0.00040934593544474714	6.0
1.0	2.0	0.0	0.0007264752960224477	4.758620689655173
1.0	3.0	0.0	0.0009983061926237854	4.0
1.0	2.0	0.0	0.0006769864993083437	4.310344827586207
1.0	2.0	0.0	0.0006720519149250761	4.206896551724138
1.0	3.0	0.0	0.000964504120242167	3.6206896551724137
1.0	3.0	0.0	0.0009693361375979081	3.793103448275862
1.0	3.0	0.0	0.0009526564378590035	3.310344827586207
1.0	3.0	0.0	0.0009561691464026658	3.413793103448276
1.0	2.0	0.0	0.0006753996270824296	4.103448275862069
1.0	3.0	0.0	0.0010109670740983216	3.8275862068965516
1.0	2.0	0.0	0.0006676896496995416	3.793103448275862
1.0	2.0	0.0	0.0006773748819227728	4.344827586206897
1.0	3.0	0.0	0.0010196671308693914	4.275862068965517
1.0	3.0	0.0	0.0010333661364011724	4.379310344827586
1.0	3.0	0.0	0.001032975592746164	4.586206896551724
1.0	3.0	0.0	0.0010340790438958664	4.758620689655173
1.0	3.0	0.0	0.0011752776308001952	5.586206896551724
1.0	3.0	0.0	0.0011120343021772821	5.0344827586206895
1.0	1.0	0.0	0.000427491378347421	6.551724137931035
1.0	1.0	0.0	0.00041439116032713043	5.689655172413793
1.0	1.0	0.0	0.00041952344042922736	6.241379310344827
1.0	1.0	0.0	0.00041962921416534944	6.620689655172414
1.0	1.0	0.0	0.000437424813056744	6.896551724137931
1.0	2.0	0.0	0.0007536489169947373	4.086956521739131
1.0	2.0	0.0	0.0007643499750211754	4.521739130434782
1.0	2.0	0.0	0.0007650493384093037	4.869565217391305
1.0	1.0	0.0	0.0003829331026411867	4.826086956521739
1.0	2.0	0.0	0.000766066401609383	5.478260869565218
1.0	3.0	0.0	0.000975202268843014	3.3043478260869565
1.0	3.0	0.0	0.0009610132220313635	2.9565217391304346
1.0	2.0	0.0	0.0006782567593233751	3.782608695652174
1.0	2.0	0.0	0.000688077890763841	4.0
1.0	3.0	0.0	0.000961830567664181	3.0869565217391304
1.0	3.0	0.0	0.0009774373648512602	3.391304347826087
1.0	3.0	0.0	0.0010239779654307264	3.869565217391304
1.0	3.0	0.0	0.001014022139225149	3.217391304347826
1.0	2.0	0.0	0.0006794196857927777	3.739130434782609
1.0	3.0	0.0	0.0010349526896136923	3.652173913043478
1.0	3.0	0.0	0.0010364688633522274	4.0
1.0	2.0	0.0	0.0006752103970105751	3.6956521739130435
1.0	2.0	0.0	0.0006808794612978301	4.0
1.0	3.0	0.0	0.0010373894646256972	4.608695652173913
1.0	2.0	0.0	0.0006915061943244567	4.304347826086956
1.0	1.0	0.0	0.00041512389856818285	5.043478260869565
1.0	1.0	0.0	0.00041986540476328203	5.478260869565218
1.0	1.0	0.0	0.0004202088830935018	5.826086956521739
1.0	1.0	0.0	0.00042034376889486677	6.434782608695652
1.0	1.0	0.0	0.000383489678520907	6.642857142857143
1.0	1.0	0.0	0.0003776622332910916	6.690476190476191
1.0	2.0	1.0	0.0006937544693052843	11.166666666666666
1.0	1.0	0.0	0.0003873058398813993	6.285714285714286
1.0	1.0	0.0	0.00038429649549392606	6.333333333333333
1.0	1.0	0.0	0.0003942996359080005	10.30952380952381
1.0	3.0	0.0	0.0009779866325053078	5.738095238095238
1.0	2.0	0.0	0.0006874742446453477	5.5
1.0	2.0	0.0	0.0006805183386445426	5.523809523809524
1.0	2.0	0.0	0.0006871783532732215	5.285714285714286
1.0	3.0	0.0	0.000982768690923777	5.833333333333333
1.0	2.0	0.0	0.000680155690825487	6.738095238095238
1.0	2.0	0.0	0.0006873322353538278	7.142857142857143
1.0	2.0	0.0	0.0006784796440373537	6.642857142857143
1.0	3.0	0.0	0.001025665196340115	5.666666666666667
1.0	3.0	0.0	0.001005101662153739	5.714285714285714
1.0	3.0	0.0	0.0009882750339064448	5.690476190476191
1.0	3.0	0.0	0.0010137988260355165	5.333333333333333
1.0	2.0	0.0	0.0007039635280490686	5.880952380952381
1.0	2.0	0.0	0.0006751503568583411	6.380952380952381
1.0	2.0	0.0	0.0007205944079618901	6.476190476190476
1.0	3.0	0.0	0.0009996251991480454	5.190476190476191
1.0	3.0	0.0	0.0010375669070182086	5.309523809523809
1.0	2.0	0.0	0.0007276803261035905	7.119047619047619
1.0	3.0	0.0	0.0010281519377611302	5.357142857142857
1.0	2.0	0.0	0.0007287043764590912	7.809523809523809
1.0	2.0	0.0	0.000722001000086963	8.547619047619047
1.0	2.0	0.0	0.0006799548051036288	5.880952380952381
1.0	3.0	0.0	0.00101169329374373	7.119047619047619
1.0	3.0	0.3333333333333333	0.001018635910549076	10.214285714285714
1.0	3.0	0.0	0.0010616924900648333	9.333333333333334
1.0	2.0	1.0	0.0006937544693052842	11.166666666666666
1.0	3.0	0.0	0.0010148438444071296	6.619047619047619
1.0	2.0	0.0	0.0007004879267366882	8.0
1.0	2.0	0.0	0.0007004879267366882	8.0
1.0	2.0	0.0	0.0007022824308707633	7.5
1.0	2.0	0.0	0.0007022824308707633	7.5
1.0	2.0	0.0	0.0007158755796573484	8.880952380952381
1.0	2.0	0.0	0.0007158755796573484	8.880952380952381
1.0	2.0	0.0	0.0007190489703252015	9.761904761904763
1.0	2.0	0.0	0.0007168675069112902	8.380952380952381
1.0	2.0	0.0	0.0007168675069112902	8.380952380952381
1.0	2.0	0.0	0.0007203304225851876	9.261904761904763
1.0	1.0	0.0	0.0004123713336323416	7.464285714285714
1.0	1.0	0.0	0.0003704435942263252	5.285714285714286
1.0	2.0	0.0	0.0007084290965602947	6.035714285714286
1.0	3.0	0.0	0.0009561468534672727	4.5
1.0	2.0	0.0	0.0006468784048043748	4.714285714285714
1.0	1.0	0.0	0.0003883998296290966	7.392857142857143
1.0	3.0	0.0	0.0012282367373397775	8.285714285714286
1.0	3.0	0.0	0.001001800441732328	5.607142857142857
1.0	2.0	0.0	0.0006632887228669746	5.142857142857143
1.0	3.0	0.0	0.0009689846653455827	5.5
1.0	3.0	0.0	0.0009581817563694145	4.928571428571429
1.0	2.0	0.0	0.0007473115631911522	6.5
1.0	3.0	0.0	0.0009820448061073487	4.321428571428571
1.0	2.0	0.0	0.0006794682443865773	6.25
1.0	2.0	0.0	0.0006756134513972507	5.678571428571429
1.0	3.0	0.0	0.0009520381279722856	4.285714285714286
1.0	3.0	0.0	0.0010428478469696892	6.428571428571429
1.0	2.0	0.0	0.0006938398395648215	7.0
1.0	2.0	0.0	0.0006456950421510398	4.5
1.0	3.0	0.0	0.0009489491939919439	4.642857142857143
1.0	3.0	0.0	0.0009491020891088094	4.857142857142857
1.0	2.0	0.0	0.0006578557129889988	5.035714285714286
1.0	2.0	0.0	0.0006646210499176729	5.25
1.0	3.0	0.0	0.0009966220234307324	5.428571428571429
1.0	2.0	0.0	0.000672040378491824	5.642857142857143
1.0	2.0	0.0	0.0007480508524057048	6.714285714285714
1.0	2.0	0.0	0.0007766127251920144	7.464285714285714
1.0	1.0	0.0	0.0004419337271339216	9.25
1.0	1.0	0.0	0.0004419337271339216	9.25
1.0	1.0	0.0	0.00041236039072868293	7.533333333333333
1.0	1.0	0.0	0.00037041744366599365	5.233333333333333
1.0	2.0	0.0	0.0007031082581048178	5.366666666666666
1.0	2.0	0.0	0.0007571531515349226	6.466666666666667
1.0	3.0	0.0	0.0009560914510371567	4.5
1.0	2.0	0.0	0.0006458457686502512	4.366666666666666
1.0	1.0	0.0	0.00038838568645131776	7.466666666666667
1.0	3.0	0.0	0.001225766718065253	7.666666666666667
1.0	3.0	0.0	0.0010017715367255104	5.666666666666667
1.0	2.0	0.0	0.0006632987873898407	5.166666666666667
1.0	3.0	0.0	0.0009689556418416228	5.566666666666666
1.0	3.0	0.0	0.0009581924547669763	4.966666666666667
1.0	2.0	0.0	0.0007473053176793522	6.566666666666666
1.0	3.0	0.0	0.0009821276592131424	4.266666666666667
1.0	2.0	0.0	0.0006794627373523528	6.333333333333333
1.0	2.0	0.0	0.0006755846907753525	5.733333333333333
1.0	3.0	0.0	0.0009519372685825932	4.166666666666667
1.0	3.0	0.0	0.0010428457194701314	6.5
1.0	2.0	0.0	0.0006938140686569431	7.1
1.0	3.0	0.0	0.0009454204968838149	4.433333333333334
1.0	2.0	0.0	0.0006468862570783212	4.5
1.0	3.0	0.0	0.000952360463709059	4.566666666666666
1.0	3.0	0.0	0.0009830572775834658	4.733333333333333
1.0	2.0	0.0	0.0006675041687646892	5.266666666666667
1.0	2.0	0.0	0.0006762172895549854	5.433333333333334
1.0	3.0	0.0	0.0010234594464912203	5.566666666666666
1.0	2.0	0.0	0.0007443458224013306	6.066666666666666
1.0	2.0	0.0	0.0007745732328198172	6.833333333333333
1.0	1.0	0.0	0.00044136490614265134	8.633333333333333
1.0	1.0	0.0	0.00044136490614265134	8.633333333333333
1.0	1.0	0.0	0.00041736570459075293	7.433333333333334
1.0	2.0	0.0	0.0006634895768094983	10.545454545454545
1.0	2.0	0.0	0.000666478258147849	12.527272727272727
1.0	2.0	0.0	0.0007075540398101105	9.272727272727273
1.0	1.0	0.0	0.00038064933017388763	10.254545454545454
1.0	1.0	0.0	0.0004073894868636049	15.2
1.0	1.0	0.0	0.0005758206442809816	1.5
1.0	1.0	0.0	0.0005758206442809816	1.5
1.0	3.0	0.0	0.0008953617349858788	10.2
1.0	2.0	0.0	0.00062574139150559	10.127272727272727
1.0	2.0	0.0	0.0006278071505724588	11.145454545454545
1.0	3.0	0.0	0.001090781984316555	14.872727272727273
1.0	1.0	0.0	0.00045760810656799805	18.581818181818182
1.0	1.0	0.0	0.00046209401536028186	19.418181818181818
1.0	3.0	0.0	0.0009114148549585307	9.745454545454546
1.0	3.0	0.0	0.000915079012846346	10.763636363636364
1.0	3.0	0.0	0.0009307319211999149	9.345454545454546
1.0	4.0	0.0	0.0012381182666395484	9.672727272727272
1.0	2.0	0.0	0.0006349738790942048	10.49090909090909
1.0	2.0	0.0	0.0006361686998660877	11.0
1.0	2.0	0.0	0.0006294901686998519	11.381818181818181
1.0	3.0	0.0	0.0009108698957323938	10.527272727272727
1.0	4.0	0.0	0.0012435989014200092	11.709090909090909
1.0	2.0	0.0	0.0006620124457634883	10.581818181818182
1.0	2.0	0.0	0.000667379879997275	12.6
1.0	3.0	0.0	0.0010191516615093012	9.272727272727273
1.0	2.0	0.0	0.0006895919159915454	11.454545454545455
1.0	3.0	0.0	0.001039461962629138	11.418181818181818
1.0	2.0	0.0	0.0006949342030314142	12.327272727272728
1.0	2.0	0.0	0.0006939308642147767	13.454545454545455
1.0	3.0	0.0	0.0010378991989057344	13.345454545454546
1.0	1.0	0.0	0.0003861707391723491	12.4
1.0	2.0	0.0	0.0007050686548520947	14.272727272727273
1.0	2.0	0.0	0.000704448996149702	14.236363636363636
1.0	2.0	0.0	0.0007653983063610657	14.290909090909091
1.0	2.0	0.0	0.0007284653290496113	9.309090909090909
1.0	1.0	0.0	0.00042058511752350955	15.272727272727273
1.0	2.0	0.0	0.0007385395373640472	9.381818181818181
1.0	2.0	0.0	0.0007475439899056018	9.49090909090909
1.0	2.0	0.0	0.0007508569846082823	9.636363636363637
1.0	2.0	0.0	0.0007547904892859661	9.818181818181818
1.0	2.0	0.0	0.0007557545134449416	10.036363636363637
1.0	2.0	0.0	0.000757287207136791	10.290909090909091
1.0	2.0	0.0	0.0007575383600510117	10.581818181818182
1.0	2.0	0.0	0.0007576791241175194	10.909090909090908
1.0	2.0	0.0	0.0007576437103721574	11.272727272727273
1.0	2.0	0.0	0.0007566176183495059	11.672727272727272
1.0	2.0	0.0	0.0007559872446843659	12.10909090909091
1.0	2.0	0.0	0.0007533368865600275	12.581818181818182
1.0	2.0	0.0	0.0007508854094840321	13.090909090909092
1.0	2.0	0.0	0.0007449020035865333	13.636363636363637
1.0	3.0	0.0	0.0011062092955731382	14.218181818181819
1.0	2.0	0.0	0.0007555902370185088	15.709090909090909
1.0	2.0	0.0	0.0007646505034686583	15.745454545454546
1.0	2.0	0.0	0.0007820523827089654	16.581818181818182
1.0	2.0	0.0	0.0008012278825469894	16.654545454545456
1.0	2.0	0.0	0.0008141402804074381	17.490909090909092
1.0	2.0	0.0	0.0008495059996196146	17.6
1.0	2.0	0.0	0.000858241178657805	18.436363636363637
1.0	2.0	0.0	0.001126263039456261	1.0
1.0	2.0	0.0	0.0006021196837438132	12.604938271604938
1.0	2.0	0.0	0.0006028688023799232	12.765432098765432
1.0	2.0	0.0	0.0006041918659362982	11.567901234567902
1.0	2.0	0.0	0.0006107770477072362	12.074074074074074
1.0	2.0	0.0	0.0006159595115620227	9.654320987654321
1.0	2.0	0.0	0.0006114607459684036	9.037037037037036
1.0	2.0	0.0	0.0006198671652974513	10.382716049382717
1.0	2.0	0.0	0.0006299502324846691	10.160493827160494
1.0	2.0	0.0	0.0006223890542863624	8.469135802469136
1.0	2.0	0.0	0.0006249716502815395	11.54320987654321
1.0	2.0	0.0	0.0006309484100082148	8.185185185185185
1.0	2.0	0.0	0.0006385217969277616	13.728395061728396
1.0	2.0	0.0	0.0006651941717206808	8.469135802469136
1.0	2.0	0.0	0.0006563136680612124	14.567901234567902
1.0	2.0	0.0	0.0006607732697713066	11.617283950617283
1.0	2.0	0.0	0.0006638326345775433	9.493827160493828
1.0	1.0	0.0	0.00038408016651972956	10.802469135802468
1.0	1.0	0.0	0.0003815869284136855	9.88888888888889
1.0	1.0	0.0	0.000405304253260837	17.25925925925926
1.0	1.0	0.0	0.0004174999619351836	11.765432098765432
1.0	1.0	0.0	0.0004341538974458522	18.22222222222222
1.0	3.0	0.0	0.000874110828246439	12.938271604938272
1.0	3.0	0.0	0.0008729181500639765	11.88888888888889
1.0	3.0	0.0	0.000874586647618067	12.506172839506172
1.0	3.0	0.0	0.0008813957440645486	12.987654320987655
1.0	3.0	0.0	0.0008779709692333007	11.049382716049383
1.0	4.0	0.0	0.001176554845147299	11.925925925925926
1.0	2.0	0.0	0.0006050912376852831	12.814814814814815
1.0	3.0	0.0	0.0008955110271208828	10.580246913580247
1.0	4.0	0.0	0.0011792151919563416	9.012345679012345
1.0	3.0	0.0	0.0009072497662772387	11.419753086419753
1.0	3.0	0.0	0.0009061342541001578	9.864197530864198
1.0	3.0	0.0	0.0009141771821247686	10.061728395061728
1.0	2.0	0.0	0.0006126196543224966	9.45679012345679
1.0	4.0	0.0	0.0012148501028059696	10.876543209876543
1.0	3.0	0.0	0.000901341191394239	8.691358024691358
1.0	2.0	0.0	0.0006117249033147297	9.0
1.0	3.0	0.0	0.0009010032644440104	8.728395061728396
1.0	3.0	0.0	0.0009686025020003536	10.555555555555555
1.0	2.0	0.0	0.0006339293603472513	12.419753086419753
1.0	2.0	0.0	0.0006384304726991529	11.074074074074074
1.0	3.0	0.0	0.0009195008629587643	8.246913580246913
1.0	3.0	0.0	0.0009154377062044773	8.283950617283951
1.0	2.0	0.0	0.000640885357369094	11.0
1.0	2.0	0.0	0.000620618683704538	8.506172839506172
1.0	2.0	0.0	0.0006410381186342624	11.654320987654321
1.0	3.0	0.0	0.000978003423846647	12.296296296296296
1.0	3.0	0.0	0.0009240622216461277	12.185185185185185
1.0	3.0	0.0	0.0009316653619916939	12.962962962962964
1.0	3.0	0.0	0.0009642032589639534	8.123456790123457
1.0	3.0	0.0	0.0009525949752238081	9.716049382716049
1.0	2.0	0.0	0.0006496565062599095	10.555555555555555
1.0	3.0	0.0	0.0009449400716857756	8.024691358024691
1.0	2.0	0.0	0.0006516779414642303	12.45679012345679
1.0	3.0	0.0	0.0009359517875459559	8.061728395061728
1.0	2.0	0.0	0.0006338762832654554	12.950617283950617
1.0	3.0	0.0	0.0009396919655831223	13.716049382716049
1.0	3.0	0.0	0.0009396243751850061	14.493827160493828
1.0	1.0	0.0	0.0003658659135175232	11.54320987654321
1.0	3.0	0.0	0.000968253038392958	12.012345679012345
1.0	2.0	0.0	0.0006486354097896791	8.555555555555555
1.0	2.0	0.0	0.0006671450421035253	9.320987654320987
1.0	2.0	0.0	0.0006571751597187065	15.345679012345679
1.0	1.0	0.0	0.00036847355945263257	13.283950617283951
1.0	1.0	0.0	0.0003650612774150008	9.11111111111111
1.0	3.0	0.0	0.0009756482610292713	8.975308641975309
1.0	3.0	0.0	0.0009963913790750852	15.358024691358025
1.0	4.0	0.0	0.001366701949774986	9.814814814814815
1.0	2.0	0.0	0.0006705891713285983	12.271604938271604
1.0	3.0	0.0	0.0010192035518681397	8.901234567901234
1.0	3.0	0.0	0.0010421568555681216	10.308641975308642
1.0	3.0	0.0	0.0009804881421332024	11.160493827160494
1.0	3.0	0.0	0.000987605961713811	9.901234567901234
1.0	2.0	0.0	0.00068367923332261	10.74074074074074
1.0	3.0	0.0	0.001014344914407972	11.839506172839506
1.0	3.0	0.0	0.0010978344162192837	16.271604938271604
1.0	2.0	0.0	0.000674404230450958	10.765432098765432
1.0	2.0	0.0	0.0006748243759224342	10.345679012345679
1.0	2.0	0.0	0.0007605185837087511	10.777777777777779
1.0	1.0	0.0	0.0003879387287366147	11.296296296296296
1.0	2.0	0.0	0.0007960726062122283	17.234567901234566
1.0	1.0	0.0	0.00038009542251362294	12.82716049382716
1.0	2.0	0.0	0.0006021196834773744	13.74712643678161
1.0	2.0	0.0	0.0006028688022670888	13.96551724137931
1.0	2.0	0.0	0.0006041918650951394	12.71264367816092
1.0	2.0	0.0	0.000610777045693106	13.183908045977011
1.0	2.0	0.0	0.0006158221847892291	9.96551724137931
1.0	2.0	0.0	0.0006114070399662259	9.459770114942529
1.0	2.0	0.0	0.0006193527297130622	10.436781609195402
1.0	2.0	0.0	0.0006299502067372211	11.195402298850574
1.0	2.0	0.0	0.0006223724468856862	9.068965517241379
1.0	2.0	0.0	0.0006232966340977482	11.379310344827585
1.0	2.0	0.0	0.0006309438115880864	8.942528735632184
1.0	2.0	0.0	0.0006335951287167785	13.275862068965518
1.0	2.0	0.0	0.0006651931991714503	9.344827586206897
1.0	2.0	0.0	0.000642375749811145	13.919540229885058
1.0	2.0	0.0	0.0006607732684472398	12.758620689655173
1.0	2.0	0.0	0.0006638324662115621	10.436781609195402
1.0	1.0	0.0	0.00038408012389309367	11.724137931034482
1.0	1.0	0.0	0.00038158677073481495	10.804597701149426
1.0	2.0	0.0	0.0007389761439069647	16.28735632183908
1.0	1.0	0.0	0.00041749993936277495	12.689655172413794
1.0	2.0	0.0	0.0007677926014129468	17.183908045977013
1.0	1.0	0.0	0.0004313433370489422	18.2183908045977
1.0	1.0	0.0	0.00043974168785133926	19.114942528735632
1.0	3.0	0.0	0.000874110827975385	14.126436781609195
1.0	3.0	0.0	0.0008729181489922397	13.011494252873563
1.0	3.0	0.0	0.0008745866466537726	13.655172413793103
1.0	3.0	0.0	0.0008813957439003253	14.172413793103448
1.0	3.0	0.0	0.0008779709658245985	12.160919540229886
1.0	4.0	0.0	0.00117655484477429	13.114942528735632
1.0	2.0	0.0	0.0006050912375950204	14.011494252873563
1.0	3.0	0.0	0.0008955110149830968	11.655172413793103
1.0	4.0	0.0	0.0011790332214325376	9.367816091954023
1.0	3.0	0.0	0.0009072497584674456	12.505747126436782
1.0	3.0	0.0	0.0009057324236648006	10.022988505747126
1.0	3.0	0.0	0.0009138560550612413	10.275862068965518
1.0	2.0	0.0	0.0006124583599344647	9.71264367816092
1.0	4.0	0.0	0.001213106310801732	10.827586206896552
1.0	3.0	0.0	0.0009012970447886928	9.206896551724139
1.0	2.0	0.0	0.0006116712067840111	9.425287356321839
1.0	3.0	0.0	0.0009009590846677607	9.241379310344827
1.0	3.0	0.0	0.0009681392896974349	10.666666666666666
1.0	2.0	0.0	0.0006339293602360941	13.64367816091954
1.0	2.0	0.0	0.0006378976116502558	11.080459770114942
1.0	3.0	0.0	0.0009194882522374988	8.931034482758621
1.0	2.0	0.0	0.0006408853455407224	12.045977011494253
1.0	3.0	0.0	0.0009154248216845027	8.96551724137931
1.0	2.0	0.0	0.0006206019871542713	9.10344827586207
1.0	2.0	0.0	0.0006399018175494012	11.551724137931034
1.0	3.0	0.0	0.000975543600150665	12.080459770114942
1.0	3.0	0.0	0.0009198009739763713	11.908045977011493
1.0	3.0	0.0	0.0009274165155195575	12.632183908045977
1.0	3.0	0.0	0.0009641974361329012	8.885057471264368
1.0	3.0	0.0	0.0009525948850456832	10.71264367816092
1.0	2.0	0.0	0.0006496564791660713	11.563218390804598
1.0	3.0	0.0	0.000944937136192419	8.862068965517242
1.0	2.0	0.0	0.0006516779412902591	13.67816091954023
1.0	3.0	0.0	0.0009359485855037514	8.89655172413793
1.0	2.0	0.0	0.0006289449450226164	12.551724137931034
1.0	3.0	0.0	0.0009275275263300833	13.195402298850574
1.0	3.0	0.0	0.0009274612563482535	13.919540229885058
1.0	1.0	0.0	0.00036572690874397983	11.655172413793103
1.0	3.0	0.0	0.0009682530377335321	13.195402298850574
1.0	2.0	0.0	0.0006671448615712662	10.275862068965518
1.0	2.0	0.0	0.0006486343723640369	9.425287356321839
1.0	2.0	0.0	0.0006432378069082979	14.64367816091954
1.0	1.0	0.0	0.0003677311146431251	13.068965517241379
1.0	1.0	0.0	0.0003650596329333039	9.873563218390805
1.0	3.0	0.0	0.0009756477238944343	9.885057471264368
1.0	3.0	0.0	0.0009620745154398382	14.586206896551724
1.0	4.0	0.0	0.001366701731757527	10.735632183908047
1.0	2.0	0.0	0.000670589170837299	13.436781609195402
1.0	3.0	0.0	0.0010192029588863352	9.816091954022989
1.0	3.0	0.0	0.0010421567840027675	11.264367816091953
1.0	3.0	0.0	0.0009804881370862658	12.264367816091953
1.0	3.0	0.0	0.0009876058689315959	10.885057471264368
1.0	2.0	0.0	0.0006836791916053934	11.735632183908047
1.0	3.0	0.0	0.0010253657364167389	15.367816091954023
1.0	3.0	0.0	0.0010143449128407547	12.96551724137931
1.0	2.0	0.0	0.0006744042187948311	11.827586206896552
1.0	2.0	0.0	0.0006748243479416191	11.367816091954023
1.0	2.0	0.0	0.0007605185242375692	11.701149425287356
1.0	1.0	0.0	0.00038793871075278	12.25287356321839
1.0	2.0	0.0	0.0007296057663187489	16.264367816091955
1.0	1.0	0.0	0.0003800954221633546	13.954022988505747
1.0	3.0	0.0	0.0011859890814297522	17.229885057471265
1.0	3.0	0.0	0.0012150498624565404	18.126436781609197
1.0	1.0	0.0	0.0004313433370489422	18.2183908045977
1.0	1.0	0.0	0.00043974168785133926	19.114942528735632
1.0	2.0	0.0	0.0006021236367239034	12.168831168831169
1.0	2.0	0.0	0.0006028727026336009	12.337662337662337
1.0	2.0	0.0	0.0006041946873575765	11.12987012987013
1.0	2.0	0.0	0.0006107782306736211	11.662337662337663
1.0	2.0	0.0	0.0006160300541230494	9.532467532467532
1.0	2.0	0.0	0.0006114897399800024	8.909090909090908
1.0	2.0	0.0	0.0006200938255241512	10.324675324675324
1.0	2.0	0.0	0.0006299608737216624	9.805194805194805
1.0	2.0	0.0	0.0006224243231162082	8.285714285714286
1.0	2.0	0.0	0.0006256751265440891	11.545454545454545
1.0	2.0	0.0	0.0006309368866214144	8.012987012987013
1.0	2.0	0.0	0.000640570254667512	13.818181818181818
1.0	2.0	0.0	0.0006652277481154038	8.233766233766234
1.0	2.0	0.0	0.0006621220478838749	14.727272727272727
1.0	2.0	0.0	0.000660800222992156	11.311688311688311
1.0	2.0	0.0	0.0006638228316682046	9.337662337662337
1.0	1.0	0.0	0.0003816003305900904	9.623376623376624
1.0	1.0	0.0	0.0004143633475444675	17.506493506493506
1.0	3.0	0.0	0.0008741159901036107	12.493506493506494
1.0	3.0	0.0	0.0008729214491863368	11.467532467532468
1.0	3.0	0.0	0.0008745935512462889	12.064935064935066
1.0	3.0	0.0	0.0008814015261763223	12.545454545454545
1.0	3.0	0.0	0.0008779799540602048	10.636363636363637
1.0	4.0	0.0	0.001176567763628105	11.506493506493506
1.0	2.0	0.0	0.0006050949493201681	12.38961038961039
1.0	3.0	0.0	0.0008955112708643591	10.194805194805195
1.0	4.0	0.0	0.001179317103599945	8.883116883116884
1.0	3.0	0.0	0.0009072607363547743	11.025974025974026
1.0	3.0	0.0	0.0009063214989667014	9.779220779220779
1.0	3.0	0.0	0.0009143318717180902	9.96103896103896
1.0	2.0	0.0	0.0006127001489323228	9.35064935064935
1.0	4.0	0.0	0.001215596554166817	10.844155844155845
1.0	3.0	0.0	0.0009013606449423139	8.519480519480519
1.0	2.0	0.0	0.0006117653579448627	8.844155844155845
1.0	3.0	0.0	0.0009010570934861083	8.584415584415584
1.0	3.0	0.0	0.0009688158724558444	10.480519480519481
1.0	2.0	0.0	0.0006339353865241889	12.025974025974026
1.0	2.0	0.0	0.0006386651289779951	11.025974025974026
1.0	2.0	0.0	0.0006408845542562101	10.636363636363637
1.0	3.0	0.0	0.0009194911539198991	8.051948051948052
1.0	2.0	0.0	0.0006206203538441768	8.35064935064935
1.0	3.0	0.0	0.0009154953375317936	8.116883116883116
1.0	2.0	0.0	0.0006415195572576997	11.636363636363637
1.0	3.0	0.0	0.0009790376640498592	12.311688311688311
1.0	3.0	0.0	0.000925834774680806	12.220779220779221
1.0	3.0	0.0	0.0009334326504434551	13.012987012987013
1.0	3.0	0.0	0.0009525900991324868	9.38961038961039
1.0	2.0	0.0	0.0006496677980709667	10.220779220779221
1.0	3.0	0.0	0.0009642606569294058	7.922077922077922
1.0	2.0	0.0	0.0006516916052420808	12.090909090909092
1.0	3.0	0.0	0.0009449197484541619	7.818181818181818
1.0	2.0	0.0	0.0006359263494341796	13.025974025974026
1.0	3.0	0.0	0.000936027406962441	7.883116883116883
1.0	1.0	0.0	0.0003659310096576086	11.467532467532468
1.0	3.0	0.0	0.0009447354068137408	13.831168831168831
1.0	3.0	0.0	0.0009446672501385877	14.623376623376624
1.0	2.0	0.0	0.000667165306779857	9.025974025974026
1.0	3.0	0.0	0.0009682678482009284	11.675324675324676
1.0	1.0	0.0	0.0003687854379373131	13.2987012987013
1.0	1.0	0.0	0.0003650550012084867	8.909090909090908
1.0	2.0	0.0	0.0006486317937539411	8.402597402597403
1.0	2.0	0.0	0.000662983381450333	15.519480519480519
1.0	3.0	0.0	0.001010660990865073	15.558441558441558
1.0	2.0	0.0	0.0006705980853221199	11.948051948051948
1.0	3.0	0.0	0.0010191888645356226	8.636363636363637
1.0	3.0	0.0	0.000975787233962826	8.844155844155845
1.0	3.0	0.0	0.000980479345070203	10.883116883116884
1.0	3.0	0.0	0.0010143886657085596	11.545454545454545
1.0	2.0	0.0	0.0006744544748610486	10.519480519480519
1.0	3.0	0.0	0.0009877207933035891	9.714285714285714
1.0	3.0	0.0	0.0010251715847589438	9.727272727272727
1.0	2.0	0.0	0.0006748008067432566	10.12987012987013
1.0	3.0	0.0	0.0010423123035409546	10.194805194805195
1.0	2.0	0.0	0.0006836693120611248	10.597402597402597
1.0	2.0	0.0	0.0007520736150919684	16.51948051948052
1.0	1.0	0.0	0.0003800957720861669	12.532467532467532
1.0	1.0	0.0	0.0003879425883854538	11.181818181818182
1.0	1.0	0.0	0.00038414522289012765	10.714285714285714
