Constant_feature	Degree	Clustering_coefficient	Pagerank	Aver_path_len
1.0	1.0	0.0	0.010936784705305635	11.040816326530612
1.0	1.0	0.0	0.010936784705305635	11.040816326530612
1.0	1.0	0.0	0.011100373847524986	11.816326530612244
1.0	1.0	0.0	0.011100373847524986	11.816326530612244
1.0	1.0	0.0	0.010847625980603444	10.346938775510203
1.0	1.0	0.0	0.010847625980603444	10.346938775510203
1.0	1.0	0.0	0.011405461095059554	12.673469387755102
1.0	1.0	0.0	0.011405461095059554	12.673469387755102
1.0	1.0	0.0	0.009788345943913595	7.857142857142857
1.0	1.0	0.0	0.009788345943913595	7.857142857142857
1.0	1.0	0.0	0.011988149092561908	13.612244897959183
1.0	1.0	0.0	0.011988149092561908	13.612244897959183
1.0	1.0	0.0	0.010790641140179818	9.73469387755102
1.0	1.0	0.0	0.010790641140179818	9.73469387755102
1.0	1.0	0.0	0.010116838062185574	9.326530612244898
1.0	1.0	0.0	0.010116838062185574	9.326530612244898
1.0	2.0	0.0	0.018117738103672454	6.877551020408164
1.0	2.0	0.0	0.018117738103672454	6.877551020408164
1.0	2.0	0.0	0.01943093789678514	8.224489795918368
1.0	2.0	0.0	0.01943093789678514	8.224489795918368
1.0	3.0	0.0	0.029791926452702427	10.061224489795919
1.0	3.0	0.0	0.029791926452702427	10.061224489795919
1.0	3.0	0.0	0.030331761646282956	10.83673469387755
1.0	3.0	0.0	0.030331761646282956	10.83673469387755
1.0	3.0	0.0	0.024926881894925854	6.26530612244898
1.0	3.0	0.0	0.024926881894925854	6.26530612244898
1.0	3.0	0.0	0.029489532684196774	9.36734693877551
1.0	3.0	0.0	0.029489532684196774	9.36734693877551
1.0	3.0	0.0	0.031354301274299556	11.693877551020408
1.0	3.0	0.0	0.031354301274299556	11.693877551020408
1.0	3.0	0.0	0.025534736173844087	6.510204081632653
1.0	3.0	0.0	0.025534736173844087	6.510204081632653
1.0	3.0	0.0	0.02557880962373794	7.489795918367347
1.0	3.0	0.0	0.02557880962373794	7.489795918367347
1.0	3.0	0.0	0.025961129724131442	6.877551020408164
1.0	3.0	0.0	0.025961129724131442	6.877551020408164
1.0	2.0	0.0	0.018793034779043018	7.285714285714286
1.0	2.0	0.0	0.018793034779043018	7.285714285714286
1.0	3.0	0.0	0.02930441843803473	8.755102040816327
1.0	3.0	0.0	0.02930441843803473	8.755102040816327
1.0	2.0	0.0	0.019201741189933817	7.73469387755102
1.0	2.0	0.0	0.019201741189933817	7.73469387755102
1.0	2.0	0.0	0.01756448761535087	6.755102040816326
1.0	2.0	0.0	0.017564487615350875	6.755102040816326
1.0	2.0	0.0	0.022193960791231638	12.63265306122449
1.0	2.0	0.0	0.022193960791231638	12.63265306122449
1.0	3.0	0.0	0.027056154200523805	8.346938775510203
1.0	3.0	0.0	0.02705615420052379	8.346938775510203
1.0	2.0	0.0	0.018394227643968804	9.204081632653061
1.0	2.0	0.0	0.018394227643968808	9.204081632653061
