Constant_feature	Degree	Clustering_coefficient	Pagerank	Aver_path_len
1.0	1.0	0.0	0.0228049477854336	1.6666666666666667
1.0	1.0	0.0	0.0228049477854336	1.6666666666666667
1.0	3.0	0.0	0.04155822492583489	3.4
1.0	3.0	0.0	0.04572589766408818	5.48
1.0	3.0	0.0	0.04085145676075514	3.28
1.0	3.0	0.0	0.04070693991635617	3.4
1.0	3.0	0.0	0.04121471462964346	3.68
1.0	3.0	0.0	0.04099119111552661	3.68
1.0	3.0	0.0	0.042795605508953505	3.6
1.0	2.0	0.0	0.03023341686006713	3.96
1.0	3.0	0.0	0.04273558339228479	3.72
1.0	3.0	0.0	0.04217300452987299	3.92
1.0	3.0	0.0	0.04217232264750854	4.04
1.0	2.0	0.0	0.0320724202628152	4.6
1.0	2.0	0.0	0.029147769398501746	4.48
1.0	2.0	0.0	0.029069920998326833	4.48
1.0	1.0	0.0	0.016171955064078716	4.56
1.0	2.0	0.0	0.033631331372034626	5.32
1.0	1.0	0.0	0.01615407437903207	4.68
1.0	2.0	0.0	0.029702621816770976	4.76
1.0	2.0	0.0	0.0296656031459101	4.64
1.0	2.0	0.0	0.029889051118304293	5.28
1.0	2.0	0.0	0.029864805030170756	5.28
1.0	2.0	0.0	0.03040043824973179	5.36
1.0	2.0	0.0	0.03525629699557254	6.12
1.0	1.0	0.0	0.017051005300354242	6.44
1.0	2.0	0.0	0.037308781003170484	7.0
1.0	1.0	0.0	0.02012223458100093	7.96
1.0	1.0	0.0	0.0228049477854336	1.6666666666666667
1.0	3.0	0.0	0.06491848997703259	1.0
