Constant_feature	Degree	Clustering_coefficient	Pagerank	Aver_path_len
1.0	1.0	0.0	0.01671507030172304	4.964285714285714
1.0	1.0	0.0	0.01671507030172304	4.964285714285714
1.0	2.0	0.0	0.03456445929594425	5.035714285714286
1.0	1.0	0.0	0.017846062899234485	5.178571428571429
1.0	1.0	0.0	0.017099918616075606	5.392857142857143
1.0	3.0	0.0	0.043243651148800084	3.9642857142857144
1.0	3.0	0.3333333333333333	0.04236351590230719	3.5714285714285716
1.0	3.0	0.3333333333333333	0.04239700513567962	3.7142857142857144
1.0	4.0	0.16666666666666666	0.058963508498298685	4.0
1.0	4.0	0.0	0.057462833239439126	3.5357142857142856
1.0	2.0	0.0	0.029802119333655855	3.7857142857142856
1.0	2.0	0.0	0.029832033961160485	3.9285714285714284
1.0	2.0	0.0	0.02999266337783781	4.071428571428571
1.0	3.0	0.0	0.047994512509382095	4.214285714285714
1.0	3.0	0.0	0.0455049896461507	4.428571428571429
1.0	3.0	0.0	0.045386134890630855	4.678571428571429
1.0	3.0	0.0	0.04564713096866244	5.035714285714286
1.0	2.0	0.0	0.03159892885340895	5.5
1.0	2.0	0.0	0.03159892885340895	5.5
1.0	2.0	0.0	0.03715429373876393	5.928571428571429
1.0	2.0	0.0	0.03171878593540712	5.857142857142857
1.0	2.0	0.0	0.03171878593540712	5.857142857142857
1.0	2.0	0.0	0.03230348057256258	6.321428571428571
1.0	2.0	0.0	0.03230348057256258	6.321428571428571
1.0	2.0	0.0	0.03251936335265782	7.142857142857143
1.0	1.0	0.0	0.020166672258778728	6.892857142857143
1.0	2.0	0.0	0.032392633644047444	6.678571428571429
1.0	2.0	0.0	0.032392633644047444	6.678571428571429
1.0	2.0	0.0	0.032601332612241844	7.5
