Constant_feature	Degree	Clustering_coefficient	Pagerank	Aver_path_len
1.0	0.0	0.0	0.0	0.0
1.0	2.0	0.0	0.050718092069361106	4.352941176470588
1.0	2.0	0.0	0.0552588566200443	4.294117647058823
1.0	2.0	0.0	0.04876331710934846	3.1176470588235294
1.0	2.0	0.0	0.050718092069361106	4.352941176470588
1.0	3.0	0.0	0.07056503152121245	2.764705882352941
1.0	3.0	0.0	0.0708820744168602	2.764705882352941
1.0	3.0	0.0	0.07149286950536934	3.0
1.0	3.0	0.0	0.07440951355998868	3.4705882352941178
1.0	2.0	0.0	0.04936045751071419	3.235294117647059
1.0	2.0	0.0	0.04955226232478904	3.4705882352941178
1.0	2.0	0.0	0.05009164981978909	3.4705882352941178
1.0	3.0	0.0	0.0731458586483193	3.588235294117647
1.0	2.0	0.0	0.04987406692136765	3.7058823529411766
1.0	2.0	0.0	0.0515977611164239	5.117647058823529
1.0	2.0	0.0	0.0515977611164239	5.117647058823529
1.0	2.0	0.0	0.050724729824671855	4.176470588235294
1.0	2.0	0.0	0.05082612866655133	4.411764705882353
1.0	1.0	0.0	0.030421477179403904	5.235294117647059
