Constant_feature	Degree	Clustering_coefficient	Pagerank	Aver_path_len
1.0	0.0	0.0	0.0	0.0
1.0	1.0	0.0	0.023594295942083985	1.6666666666666667
1.0	1.0	0.0	0.023594295942083985	1.6666666666666667
1.0	1.0	0.0	0.023594295942083985	1.6666666666666667
1.0	1.0	0.0	0.023594295942083985	1.6666666666666667
1.0	2.0	0.0	0.031447838543960736	4.2
1.0	2.0	0.0	0.030782676906614945	3.25
1.0	2.0	0.0	0.0320145000156277	4.8
1.0	2.0	0.0	0.031189585993848513	3.6
1.0	3.0	0.0	0.04505031849941658	3.45
1.0	3.0	0.0	0.044330978195226856	3.0
1.0	3.0	0.0	0.04505031849941658	3.45
1.0	2.0	0.0	0.03218725300155716	4.95
1.0	2.0	0.0	0.031447838543960736	4.2
1.0	3.0	0.0	0.04629632570157338	4.05
1.0	2.0	0.0	0.032417006573316455	5.7
1.0	2.0	0.0	0.03218725300155716	4.95
1.0	2.0	0.0	0.032615814305777424	5.55
1.0	2.0	0.0	0.03144783854396073	4.2
1.0	2.0	0.0	0.03144783854396073	4.2
1.0	2.0	0.0	0.03218725300155716	4.95
1.0	2.0	0.0	0.03218725300155716	4.95
1.0	2.0	0.0	0.0320145000156277	4.8
1.0	2.0	0.0	0.03241700657331645	5.7
1.0	2.0	0.0	0.03280271926687104	6.3
1.0	3.0	0.0	0.06714814665650667	1.0
1.0	3.0	0.0	0.06714814665650667	1.0
1.0	2.0	0.0	0.032615814305777424	5.55
1.0	1.0	0.0	0.023594295942083985	1.6666666666666667
1.0	1.0	0.0	0.023594295942083985	1.6666666666666667
