Constant_feature	Degree	Clustering_coefficient	Pagerank	Aver_path_len
1.0	1.0	0.0	0.030014295406251848	3.5625
1.0	2.0	0.0	0.058721662825923185	3.5625
1.0	1.0	0.0	0.03042107047175765	3.625
1.0	3.0	0.0	0.08044121378908396	2.625
1.0	2.0	0.0	0.053382650291124586	2.75
1.0	1.0	0.0	0.034320179415463815	5.3125
1.0	4.0	0.0	0.10225081630657996	2.5625
1.0	2.0	0.0	0.053572883420060335	3.25
1.0	2.0	0.0	0.053572883420060335	3.25
1.0	2.0	0.0	0.054851671015847446	3.9375
1.0	2.0	0.0	0.054851671015847446	3.9375
1.0	2.0	0.0	0.055249702336503476	4.625
1.0	3.0	0.0	0.08164340125840294	2.8125
1.0	3.0	0.0	0.0813396806091994	2.875
1.0	3.0	0.0	0.08179432111457438	2.6875
1.0	1.0	0.0	0.03037579450990422	3.75
1.0	2.0	0.0	0.06319610279341485	4.375
