Constant_feature	Degree	Clustering_coefficient	Pagerank	Aver_path_len
1.0	1.0	0.0	0.03215001825288929	4.0
1.0	1.0	0.0	0.03215001825288929	4.0
1.0	1.0	0.0	0.03215001825288929	4.0
1.0	1.0	0.0	0.03215001825288929	4.0
1.0	4.0	0.16666666666666666	0.10095919959374061	2.125
1.0	4.0	0.16666666666666666	0.10468850574470911	2.25
1.0	4.0	0.16666666666666666	0.10468850574470911	2.25
1.0	2.0	0.0	0.053298107856699584	2.75
1.0	2.0	0.0	0.053298107856699584	2.75
1.0	2.0	0.0	0.05488746889460337	3.375
1.0	2.0	0.0	0.05488746889460337	3.375
1.0	2.0	0.0	0.055603265374671855	4.0
1.0	2.0	0.0	0.055603265374671855	4.0
1.0	2.0	0.0	0.05837150791333355	3.0625
1.0	2.0	0.0	0.05837150791333355	3.0625
1.0	2.0	0.0	0.05837150791333354	3.0625
1.0	2.0	0.0	0.05837150791333354	3.0625
