Constant_feature	Degree	Clustering_coefficient	Pagerank	Aver_path_len
1.0	4.0	0.0	0.06610148332975944	6.0
1.0	1.0	0.0	0.018320465795303192	6.964285714285714
1.0	1.0	0.0	0.018320465795303192	6.964285714285714
1.0	2.0	0.0	0.030502129723980684	4.392857142857143
1.0	2.0	0.0	0.029361014835761874	6.0
1.0	2.0	0.0	0.034842751025029824	6.75
1.0	1.0	0.0	0.019970561091795597	8.535714285714286
1.0	1.0	0.0	0.019970561091795597	8.535714285714286
1.0	3.0	0.0	0.042618510824581186	4.392857142857143
1.0	3.0	0.0	0.04281460902404906	4.928571428571429
1.0	3.0	0.0	0.04281460902404906	4.928571428571429
1.0	2.0	0.0	0.029960431236631932	4.357142857142857
1.0	3.0	0.0	0.04318728780633327	5.464285714285714
1.0	3.0	0.0	0.04318728780633327	5.464285714285714
1.0	2.0	0.0	0.03027552188413511	5.75
1.0	2.0	0.0	0.03027552188413511	5.75
1.0	3.0	0.0	0.045241561786702814	4.5
1.0	2.0	0.0	0.030406072978829177	6.285714285714286
1.0	2.0	0.0	0.030406072978829177	6.285714285714286
1.0	2.0	0.0	0.031073875008907653	6.571428571428571
1.0	2.0	0.0	0.031073875008907653	6.571428571428571
1.0	2.0	0.0	0.031113896423571298	7.107142857142857
1.0	2.0	0.0	0.031113896423571298	7.107142857142857
1.0	2.0	0.0	0.031184298078293413	4.821428571428571
1.0	2.0	0.0	0.031184298078293413	4.821428571428571
1.0	3.0	0.0	0.04664854773903079	5.464285714285714
1.0	2.0	0.0	0.031476894607695455	5.142857142857143
1.0	2.0	0.0	0.031476894607695455	5.142857142857143
1.0	3.0	0.0	0.055076604100694926	7.571428571428571
