Constant_feature	Degree	Clustering_coefficient	Pagerank	Aver_path_len
1.0	1.0	0.0	0.023493649645783696	5.523809523809524
1.0	2.0	0.0	0.03850364560641546	3.8095238095238093
1.0	1.0	0.0	0.025016244595893394	5.619047619047619
1.0	1.0	0.0	0.025016244595893394	5.619047619047619
1.0	3.0	0.0	0.054417644362673684	3.1904761904761907
1.0	2.0	0.0	0.03795971567115783	4.285714285714286
1.0	3.0	0.0	0.06823314977439587	4.666666666666667
1.0	3.0	0.0	0.055520333924602684	3.0476190476190474
1.0	3.0	0.0	0.055254310076449584	3.761904761904762
1.0	3.0	0.0	0.05546460886892472	3.619047619047619
1.0	2.0	0.0	0.038448170324880175	4.095238095238095
1.0	3.0	0.0	0.05774616032623951	3.142857142857143
1.0	3.0	0.0	0.056126881293187915	4.190476190476191
1.0	2.0	0.0	0.039458100913086255	4.380952380952381
1.0	2.0	0.0	0.04052891760979642	3.5238095238095237
1.0	2.0	0.0	0.04067770202169802	3.8095238095238093
1.0	2.0	0.0	0.03968869713522879	4.9523809523809526
1.0	2.0	0.0	0.04060675082530047	5.142857142857143
1.0	3.0	0.0	0.06220312740713323	3.9047619047619047
1.0	2.0	0.0	0.040678613676648726	5.714285714285714
1.0	2.0	0.0	0.041799262343866495	4.190476190476191
1.0	3.0	0.0	0.06315806900074336	4.571428571428571
