Constant_feature	Degree	Clustering_coefficient	Pagerank	Aver_path_len
1.0	1.0	0.0	0.01786688936515495	4.769230769230769
1.0	2.0	0.0	0.03643662666627434	5.769230769230769
1.0	3.0	0.0	0.04475271811792189	3.9615384615384617
1.0	2.0	0.0	0.03358345605368929	4.153846153846154
1.0	3.0	0.0	0.05628614375857603	5.884615384615385
1.0	2.0	0.0	0.031387953135870256	4.961538461538462
1.0	3.0	0.0	0.04430736555976601	3.730769230769231
1.0	3.0	0.0	0.0451938238217988	3.5384615384615383
1.0	3.0	0.0	0.0467827721359728	3.730769230769231
1.0	3.0	0.0	0.04564041803729874	4.230769230769231
1.0	3.0	0.0	0.04539961147263324	4.423076923076923
1.0	3.0	0.0	0.04622842020691745	4.038461538461538
1.0	3.0	0.0	0.047210070700562594	3.8076923076923075
1.0	2.0	0.0	0.03643364070655537	5.230769230769231
1.0	2.0	0.0	0.03521265107403618	4.653846153846154
1.0	2.0	0.0	0.03201752377280208	4.423076923076923
1.0	2.0	0.0	0.03125384345322881	4.730769230769231
1.0	2.0	0.0	0.03173160299539459	4.615384615384615
1.0	3.0	0.0	0.04881076312112055	4.884615384615385
1.0	2.0	0.0	0.04020472914363252	6.769230769230769
1.0	2.0	0.0	0.04020472914363252	6.769230769230769
1.0	2.0	0.0	0.03259730439657452	4.846153846153846
1.0	2.0	0.0	0.03337189757850083	5.6923076923076925
1.0	2.0	0.0	0.03339057709123148	5.5
1.0	1.0	0.0	0.021796929194785822	7.730769230769231
1.0	1.0	0.0	0.021796929194785822	7.730769230769231
1.0	1.0	0.0	0.02010061010128229	6.730769230769231
