Constant_feature	Degree	Clustering_coefficient	Pagerank	Aver_path_len
1.0	2.0	0.0	0.029411410095558956	5.241379310344827
1.0	1.0	0.0	0.01640540752173365	5.551724137931035
1.0	2.0	0.0	0.02897681287613093	5.551724137931035
1.0	2.0	0.0	0.02903956937573678	5.9655172413793105
1.0	1.0	0.0	0.01606314333323683	5.448275862068965
1.0	2.0	0.0	0.03359731416401525	5.310344827586207
1.0	2.0	0.0	0.03359731416401525	5.310344827586207
1.0	2.0	0.0	0.033757040545817754	5.862068965517241
1.0	3.0	0.0	0.040800841437447916	3.793103448275862
1.0	3.0	0.0	0.04111273697036996	4.206896551724138
1.0	3.0	0.0	0.04020369045716424	3.2413793103448274
1.0	2.0	0.0	0.027852421790229412	4.482758620689655
1.0	3.0	0.0	0.04006682813580291	3.5172413793103448
1.0	2.0	0.0	0.02890241439357342	5.0344827586206895
1.0	3.0	0.0	0.040616287631386035	3.9310344827586206
1.0	3.0	0.0	0.043573188632540734	4.586206896551724
1.0	3.0	0.0	0.04203695083541158	3.4482758620689653
1.0	2.0	0.0	0.027748293771151112	4.137931034482759
1.0	3.0	0.0	0.04243340755696387	4.482758620689655
1.0	3.0	0.0	0.04131784570216319	4.689655172413793
1.0	3.0	0.0	0.04152605087409989	5.103448275862069
1.0	2.0	0.0	0.02960100121152752	4.0
1.0	2.0	0.0	0.02960100121152752	4.0
1.0	3.0	0.0	0.0455259198921418	4.413793103448276
1.0	3.0	0.0	0.0455259198921418	4.413793103448276
1.0	2.0	0.0	0.029440679969743748	6.206896551724138
1.0	3.0	0.0	0.04583750700298664	4.9655172413793105
1.0	1.0	0.0	0.018452854832351526	6.275862068965517
1.0	1.0	0.0	0.018452854832351526	6.275862068965517
1.0	1.0	0.0	0.018523290890678265	6.827586206896552
