Constant_feature	Degree	Clustering_coefficient	Pagerank	Aver_path_len
1.0	2.0	0.0	0.04812837961263035	4.4
1.0	2.0	0.0	0.05076695993232492	5.75
1.0	1.0	0.0	0.026507445589946846	6.9
1.0	1.0	0.0	0.026507445589946846	6.9
1.0	1.0	0.0	0.026646383406110377	5.95
1.0	2.0	0.0	0.04626545798865839	4.0
1.0	3.0	0.0	0.07248269763444806	5.95
1.0	2.0	0.0	0.04746554482364981	4.45
1.0	2.0	0.0	0.04423756152816646	3.7
1.0	3.0	0.0	0.06443738787567643	3.85
1.0	2.0	0.0	0.044189276555057645	4.3
1.0	2.0	0.0	0.044189276555057645	4.3
1.0	3.0	0.0	0.06714486535343084	3.65
1.0	3.0	0.0	0.06669857264986441	5.2
1.0	2.0	0.0	0.044655312602698644	4.75
1.0	2.0	0.0	0.044655312602698644	4.75
1.0	2.0	0.0	0.05160499365251009	5.25
1.0	1.0	0.0	0.027984531109562755	6.2
1.0	2.0	0.0	0.05360141096741085	6.6
1.0	3.0	0.0	0.0729487026820304	5.0
1.0	1.0	0.0	0.0288824812881193	7.55
