Constant_feature	Degree	Clustering_coefficient	Pagerank	Aver_path_len
1.0	2.0	0.0	0.015353196507331536	8.327272727272728
1.0	2.0	0.0	0.015550876354971882	6.254545454545455
1.0	2.0	0.0	0.015068261776334323	7.054545454545455
1.0	2.0	0.0	0.01628989784024596	7.5636363636363635
1.0	1.0	0.0	0.008931125836446466	9.2
1.0	1.0	0.0	0.00893371506390152	9.345454545454546
1.0	2.0	0.0	0.01820244861222091	9.054545454545455
1.0	1.0	0.0	0.009011078384197749	7.418181818181818
1.0	2.0	0.0	0.01797133747684173	8.363636363636363
1.0	2.0	0.0	0.018268269988938563	9.854545454545455
1.0	1.0	0.0	0.00860363335703077	6.472727272727273
1.0	2.0	0.0	0.0187081569889977	7.963636363636364
1.0	1.0	0.0	0.008732734652005261	7.490909090909091
1.0	1.0	0.0	0.00855110762911754	6.6909090909090905
1.0	1.0	0.0	0.008612076991274266	6.7272727272727275
1.0	1.0	0.0	0.009524171077557878	8.0
1.0	3.0	0.0	0.026549922331275722	9.854545454545455
1.0	4.0	0.0	0.030137308127502142	7.490909090909091
1.0	3.0	0.0	0.023817041610736625	8.218181818181819
1.0	3.0	0.0	0.02404439745471366	8.945454545454545
1.0	3.0	0.0	0.023825673374891047	8.363636363636363
1.0	3.0	0.0	0.022623982834921456	7.636363636363637
1.0	4.0	0.0	0.03211098529097473	6.4363636363636365
1.0	3.0	0.0	0.022467761167011414	5.781818181818182
1.0	3.0	0.0	0.021955507914088256	6.909090909090909
1.0	4.0	0.0	0.03305380124427556	8.10909090909091
1.0	2.0	0.0	0.015751804868372105	6.472727272727273
1.0	3.0	0.0	0.023395287435619284	6.1454545454545455
1.0	3.0	0.0	0.0243352495340737	7.418181818181818
1.0	3.0	0.0	0.023413340208864694	6.763636363636364
1.0	3.0	0.0	0.02199011210078307	5.490909090909091
1.0	3.0	0.0	0.024924187825747603	8.909090909090908
1.0	3.0	0.0	0.022151246137083348	5.454545454545454
1.0	3.0	0.0	0.02165324007978374	6.363636363636363
1.0	1.0	0.0	0.008566304820824185	8.472727272727273
1.0	3.0	0.0	0.024931007704374734	8.254545454545454
1.0	3.0	0.0	0.021664022050407985	5.927272727272728
1.0	3.0	0.0	0.02272517031932024	5.490909090909091
1.0	3.0	0.0	0.021901691130452518	5.490909090909091
1.0	3.0	0.0	0.022000856811501497	5.527272727272727
1.0	2.0	0.0	0.015319698528664941	6.945454545454545
1.0	2.0	0.0	0.01500232729420297	5.490909090909091
1.0	1.0	0.0	0.009011078384197749	7.418181818181818
1.0	3.0	0.0	0.022058632603453796	5.963636363636364
1.0	1.0	0.0	0.009223267713189341	9.090909090909092
1.0	3.0	0.0	0.022552447314465922	5.709090909090909
1.0	3.0	0.0	0.023155658622100752	6.509090909090909
1.0	3.0	0.0	0.0227534025070655	5.745454545454545
1.0	3.0	0.0	0.025793556072444504	7.0181818181818185
1.0	1.0	0.0	0.009265462255162721	9.236363636363636
1.0	1.0	0.0	0.009750985125794245	10.836363636363636
1.0	1.0	0.0	0.009750985125794245	10.836363636363636
1.0	1.0	0.0	0.00997636694899632	10.036363636363637
1.0	1.0	0.0	0.009873260521515404	9.345454545454546
1.0	1.0	0.0	0.010006886428824106	10.836363636363636
1.0	1.0	0.0	0.010203993639113784	8.945454545454545
