Constant_feature	Degree	Clustering_coefficient	Pagerank	Aver_path_len
1.0	2.0	0.0	0.02947784100614252	4.448275862068965
1.0	2.0	0.0	0.029805345820654257	4.275862068965517
1.0	2.0	0.0	0.029021866234834118	4.172413793103448
1.0	2.0	0.0	0.02953540343306406	4.620689655172414
1.0	1.0	0.0	0.01808143150731531	5.827586206896552
1.0	2.0	0.0	0.030178113542259515	4.827586206896552
1.0	3.0	0.0	0.04297279324501739	3.793103448275862
1.0	3.0	0.0	0.04477517221827321	5.448275862068965
1.0	3.0	0.0	0.04389003549020796	3.9655172413793105
1.0	3.0	0.0	0.04305772463907115	4.068965517241379
1.0	3.0	0.0	0.042655158173258545	4.310344827586207
1.0	3.0	0.0	0.043448810238333385	4.931034482758621
1.0	2.0	0.0	0.03095688922663569	6.275862068965517
1.0	2.0	0.0	0.03095688922663569	6.275862068965517
1.0	2.0	0.0	0.0293955310734939	4.551724137931035
1.0	3.0	0.0	0.04428725970708219	5.241379310344827
1.0	2.0	0.0	0.03035353308476043	5.758620689655173
1.0	2.0	0.0	0.03035353308476043	5.758620689655173
1.0	2.0	0.0	0.031536405446952055	7.103448275862069
1.0	2.0	0.0	0.031536405446952055	7.103448275862069
1.0	2.0	0.0	0.0317156719727475	7.931034482758621
1.0	2.0	0.0	0.03073356605669623	6.068965517241379
1.0	2.0	0.0	0.03073356605669623	6.068965517241379
1.0	2.0	0.0	0.031080197334978632	6.586206896551724
1.0	2.0	0.0	0.031080197334978632	6.586206896551724
1.0	2.0	0.0	0.03130495638866198	7.413793103448276
1.0	2.0	0.0	0.03277423725862277	4.862068965517241
1.0	2.0	0.0	0.03136906812399856	6.896551724137931
1.0	2.0	0.0	0.03136906812399856	6.896551724137931
1.0	2.0	0.0	0.031563329502917147	7.724137931034483
