Constant_feature	Degree	Clustering_coefficient	Pagerank	Aver_path_len
1.0	1.0	0.0	0.016026893848370884	9.4375
1.0	1.0	0.0	0.01576959347967934	8.0625
1.0	4.0	0.0	0.055064466313101336	5.1875
1.0	4.0	0.0	0.05561260028986651	5.53125
1.0	1.0	0.0	0.015419751981874279	6.15625
1.0	1.0	0.0	0.015419751981874279	6.15625
1.0	1.0	0.0	0.014990591505935267	5.59375
1.0	1.0	0.0	0.015542436821926332	6.5
1.0	1.0	0.0	0.015542436821926332	6.5
1.0	3.0	0.0	0.03938820003230068	4.78125
1.0	2.0	0.0	0.02735851633868553	5.125
1.0	2.0	0.0	0.027706181715002682	5.71875
1.0	2.0	0.0	0.026689681258899263	5.40625
1.0	3.0	0.0	0.038430822031514524	4.53125
1.0	3.0	0.0	0.03936874557874101	4.84375
1.0	3.0	0.0	0.038578187620476004	5.25
1.0	2.0	0.0	0.026369934240071252	4.6875
1.0	3.0	0.0	0.03986668475434098	4.625
1.0	2.0	0.0	0.026849607461587904	5.5625
1.0	2.0	0.0	0.02668635639952193	5.40625
1.0	2.0	0.0	0.026856489011566863	5.5
1.0	3.0	0.0	0.04097264285188024	6.125
1.0	3.0	0.0	0.0409554102916914	6.3125
1.0	2.0	0.0	0.0282577417887325	6.90625
1.0	2.0	0.0	0.0282577417887325	6.90625
1.0	3.0	0.0	0.04246355908631537	7.09375
1.0	2.0	0.0	0.028261530785065783	7.15625
1.0	2.0	0.0	0.028741996863347836	7.6875
1.0	2.0	0.0	0.028741996863347836	7.6875
1.0	3.0	0.0	0.04332508713270277	8.46875
1.0	2.0	0.0	0.02878811417537997	7.9375
1.0	2.0	0.0	0.028766729568991067	8.0
1.0	2.0	0.0	0.028929519316549468	8.78125
