Constant_feature	Degree	Clustering_coefficient	Pagerank	Aver_path_len
1.0	2.0	0.0	0.040931244397847094	6.333333333333333
1.0	2.0	0.0	0.04105673996266479	6.958333333333333
1.0	1.0	0.0	0.01999744362080837	5.541666666666667
1.0	1.0	0.0	0.02018864750506542	6.083333333333333
1.0	2.0	0.0	0.0363648198341768	4.166666666666667
1.0	2.0	0.0	0.036215149213850856	6.291666666666667
1.0	2.0	0.0	0.03673764985896296	4.333333333333333
1.0	2.0	0.0	0.03689691224183521	4.208333333333333
1.0	3.0	0.0	0.05378281085830798	4.541666666666667
1.0	3.0	0.0	0.05254002067930172	4.208333333333333
1.0	2.0	0.0	0.03688856856635747	5.0
1.0	2.0	0.0	0.03699954885901299	5.166666666666667
1.0	3.0	0.0	0.05188326615374027	4.958333333333333
1.0	3.0	0.0	0.053323497870232224	4.583333333333333
1.0	2.0	0.0	0.03595025704954394	4.75
1.0	3.0	0.0	0.05204965474683795	5.5
1.0	3.0	0.0	0.05584844721117099	5.458333333333333
1.0	3.0	0.0	0.056094365686317656	6.083333333333333
1.0	2.0	0.0	0.03747892048342471	5.625
1.0	3.0	0.0	0.0539634760467132	5.125
1.0	2.0	0.0	0.03615586687052199	5.75
1.0	2.0	0.0	0.03687039260833631	6.541666666666667
1.0	2.0	0.0	0.03688770458500282	7.083333333333333
1.0	1.0	0.0	0.022419467690489494	7.291666666666667
1.0	1.0	0.0	0.022475127399476557	7.916666666666667
