Constant_feature	Degree	Clustering_coefficient	Pagerank	Aver_path_len
1.0	0.0	0.0	0.0	0.0
1.0	1.0	0.0	0.020897834506077774	2.75
1.0	1.0	0.0	0.020897834506077774	2.75
1.0	1.0	0.0	0.020897834506077774	2.75
1.0	1.0	0.0	0.020897834506077774	2.75
1.0	1.0	0.0	0.02631671470463214	1.6666666666666667
1.0	1.0	0.0	0.02631671470463214	1.6666666666666667
1.0	3.0	0.0	0.056838935497256396	1.875
1.0	3.0	0.0	0.056838935497256396	1.875
1.0	3.0	0.0	0.056838935497256396	1.875
1.0	3.0	0.0	0.056838935497256396	1.875
1.0	3.0	0.0	0.07489600973225746	1.0
1.0	3.0	0.0	0.07489600973225746	1.0
1.0	1.0	0.0	0.02631671470463214	1.6666666666666667
1.0	1.0	0.0	0.02631671470463214	1.6666666666666667
1.0	1.0	0.0	0.02631671470463214	1.6666666666666667
1.0	1.0	0.0	0.02631671470463214	1.6666666666666667
1.0	2.0	0.0	0.038073444390230735	2.125
1.0	2.0	0.0	0.038073444390230735	2.125
1.0	2.0	0.0	0.038073444390230735	2.125
1.0	2.0	0.0	0.038073444390230735	2.125
1.0	2.0	0.0	0.038168021876128326	2.375
1.0	2.0	0.0	0.038168021876128326	2.375
1.0	2.0	0.0	0.038168021876128326	2.375
1.0	2.0	0.0	0.038168021876128326	2.375
1.0	2.0	0.0	0.03819737361445977	2.5
1.0	2.0	0.0	0.03819737361445977	2.5
