Constant_feature	Degree	Clustering_coefficient	Pagerank	Aver_path_len
1.0	2.0	0.0	0.03484582221254636	3.9130434782608696
1.0	2.0	0.0	0.036563934697042624	5.304347826086956
1.0	2.0	0.0	0.03658125651509854	5.739130434782608
1.0	1.0	0.0	0.019995204484908585	4.608695652173913
1.0	3.0	0.0	0.05003212559544543	3.5217391304347827
1.0	2.0	0.0	0.03431671827735992	4.043478260869565
1.0	2.0	0.0	0.03816733372932441	5.565217391304348
1.0	3.0	0.0	0.049823288824379294	3.652173913043478
1.0	3.0	0.0	0.05020116481546817	4.086956521739131
1.0	3.0	0.0	0.05029968483564605	3.739130434782609
1.0	3.0	0.0	0.0517461313957652	4.521739130434782
1.0	2.0	0.0	0.03463774136155848	4.086956521739131
1.0	3.0	0.0	0.051797127247830754	4.956521739130435
1.0	2.0	0.0	0.03476588982946946	4.521739130434782
1.0	3.0	0.0	0.05276097527701078	3.652173913043478
1.0	3.0	0.0	0.05196570601565696	3.8260869565217392
1.0	2.0	0.0	0.03749588294425896	6.086956521739131
1.0	2.0	0.0	0.037501666712402945	6.521739130434782
1.0	2.0	0.0	0.0361977921469439	4.260869565217392
1.0	3.0	0.0	0.05480885573343272	4.782608695652174
1.0	2.0	0.0	0.03816733372932441	5.565217391304348
1.0	2.0	0.0	0.0390219734445478	6.3478260869565215
1.0	2.0	0.0	0.0390219734445478	6.3478260869565215
1.0	2.0	0.0	0.03928441673003025	7.130434782608695
