Constant_feature	Degree	Clustering_coefficient	Pagerank	Aver_path_len
1.0	2.0	0.0	0.03224916002306047	4.8076923076923075
1.0	1.0	0.0	0.018285201233335716	6.0
1.0	1.0	0.0	0.018216248984272744	5.1923076923076925
1.0	2.0	0.0	0.0380809158899238	8.153846153846153
1.0	3.0	0.0	0.046441532627418805	4.769230769230769
1.0	3.0	0.0	0.04770868567196157	4.269230769230769
1.0	2.0	0.0	0.032137635719693365	4.5
1.0	2.0	0.0	0.033059513535663866	4.538461538461538
1.0	3.0	0.0	0.04606159940352136	4.461538461538462
1.0	3.0	0.0	0.046547104662007996	4.269230769230769
1.0	3.0	0.0	0.047791152914979894	5.346153846153846
1.0	3.0	0.0	0.04860472053385772	5.038461538461538
1.0	3.0	0.0	0.0483743132138387	4.230769230769231
1.0	2.0	0.0	0.03350651395021861	6.153846153846154
1.0	2.0	0.0	0.03350651395021861	6.153846153846154
1.0	2.0	0.0	0.03247766559394363	4.461538461538462
1.0	2.0	0.0	0.03436625201267187	6.961538461538462
1.0	2.0	0.0	0.03436625201267187	6.961538461538462
1.0	2.0	0.0	0.034634043238699286	7.769230769230769
1.0	3.0	0.0	0.049498966167386235	5.3076923076923075
1.0	2.0	0.0	0.033431165637845595	4.884615384615385
1.0	2.0	0.0	0.03416993626064529	5.961538461538462
1.0	2.0	0.0	0.03416993626064529	5.961538461538462
1.0	3.0	0.0	0.05207270776637042	7.269230769230769
1.0	2.0	0.0	0.03470074369395321	6.615384615384615
1.0	2.0	0.0	0.03470074369395321	6.615384615384615
1.0	1.0	0.0	0.020840775347240756	9.115384615384615
