Constant_feature	Degree	Clustering_coefficient	Pagerank	Aver_path_len
1.0	1.0	0.0	0.017740132820590802	8.266666666666667
1.0	1.0	0.0	0.017740132820590802	8.266666666666667
1.0	1.0	0.0	0.017740132820590802	8.266666666666667
1.0	2.0	0.0	0.028614081424234567	5.233333333333333
1.0	1.0	0.0	0.016325011517987525	7.033333333333333
1.0	1.0	0.0	0.016326493240071085	5.7
1.0	2.0	0.0	0.02924035340475528	5.033333333333333
1.0	1.0	0.0	0.01621064373537741	6.1
1.0	2.0	0.0	0.03170782026319939	6.833333333333333
1.0	2.0	0.0	0.03298261507206566	7.6
1.0	2.0	0.0	0.030313660815507147	6.133333333333334
1.0	2.0	0.0	0.03441536771979883	8.433333333333334
1.0	3.0	0.0	0.04272699863616952	5.5
1.0	2.0	0.0	0.03633065652410507	9.333333333333334
1.0	2.0	0.0	0.028359981422546414	5.133333333333334
1.0	3.0	0.0	0.041050079949694555	4.766666666666667
1.0	3.0	0.0	0.04366588201956702	6.066666666666666
1.0	3.0	0.0	0.04134641272669013	5.333333333333333
1.0	2.0	0.0	0.02872844920684468	5.7
1.0	1.0	0.0	0.019573879797494854	10.3
1.0	2.0	0.0	0.02813284855452234	4.666666666666667
1.0	3.0	0.0	0.041970705104160615	4.566666666666666
1.0	3.0	0.0	0.043284097348381	5.133333333333334
1.0	3.0	0.0	0.043669585522460204	4.733333333333333
1.0	3.0	0.0	0.04304590835610649	5.4
1.0	2.0	0.0	0.029523986365093506	5.966666666666667
1.0	3.0	0.0	0.044613668445960486	6.533333333333333
1.0	2.0	0.0	0.02972532949025118	6.233333333333333
1.0	2.0	0.0	0.03019578907436339	7.366666666666666
1.0	2.0	0.0	0.030189967609867068	6.8
1.0	4.0	0.0	0.06450932819095179	7.3
