Constant_feature	Degree	Clustering_coefficient	Pagerank	Aver_path_len
1.0	1.0	0.0	0.030208478622232478	3.875
1.0	1.0	0.0	0.03054946230879837	4.25
1.0	1.0	0.0	0.03288040186934292	5.0625
1.0	1.0	0.0	0.03036020955963263	4.0
1.0	3.0	0.0	0.07811622431693294	2.625
1.0	2.0	0.0	0.05544820911889743	3.625
1.0	1.0	0.0	0.03097035250044127	5.125
1.0	3.0	0.0	0.07783280384023149	2.5625
1.0	3.0	0.0	0.08108641607335572	2.9375
1.0	3.0	0.0	0.08222393734039837	3.3125
1.0	3.0	0.0	0.08173644073919072	3.3125
1.0	2.0	0.0	0.05375274982663009	3.0
1.0	2.0	0.0	0.05999551603623851	4.125
1.0	2.0	0.0	0.05423799692916621	3.1875
1.0	3.0	0.0	0.08159495241892988	3.0625
1.0	2.0	0.0	0.05537683937092313	3.75
1.0	3.0	0.0	0.08362900912865763	4.1875
