Constant_feature	Degree	Clustering_coefficient	Pagerank	Aver_path_len
1.0	3.0	0.0	0.05412696974322721	3.5454545454545454
1.0	2.0	0.0	0.038740402490135994	4.954545454545454
1.0	2.0	0.0	0.039662668072414475	5.045454545454546
1.0	1.0	0.0	0.02176872214778375	5.318181818181818
1.0	1.0	0.0	0.02224177201158725	6.5
1.0	1.0	0.0	0.02280762750533546	7.2727272727272725
1.0	3.0	0.0	0.05337363884044943	3.4545454545454546
1.0	3.0	0.0	0.0533552830571074	3.5454545454545454
1.0	2.0	0.0	0.03773919920983736	3.8636363636363638
1.0	3.0	0.0	0.054273550190341746	3.772727272727273
1.0	2.0	0.0	0.03729826458540435	4.0
1.0	2.0	0.0	0.03713814971292098	4.0
1.0	2.0	0.0	0.037293382583835744	3.9545454545454546
1.0	3.0	0.0	0.05499753952535645	4.2727272727272725
1.0	3.0	0.0	0.05717751290526725	4.2727272727272725
1.0	2.0	0.0	0.03762804602808835	4.181818181818182
1.0	3.0	0.0	0.05807200182504126	4.363636363636363
1.0	2.0	0.0	0.03983034442733367	4.954545454545454
1.0	2.0	0.0	0.03983034442733367	4.954545454545454
1.0	3.0	0.0	0.059649063337007785	5.545454545454546
1.0	2.0	0.0	0.04073115845796303	5.636363636363637
1.0	2.0	0.0	0.04073115845796303	5.636363636363637
1.0	3.0	0.0	0.061533200458264166	6.318181818181818
