Constant_feature	Degree	Clustering_coefficient	Pagerank	Aver_path_len
1.0	2.0	0.0	0.022345359888322792	2.5
1.0	2.0	0.0	0.022345359888322792	2.5
1.0	0.0	0.0	0.0	0.0
1.0	1.0	0.0	0.011638030752981489	4.071428571428571
1.0	1.0	0.0	0.011638030752981489	4.071428571428571
1.0	1.0	0.0	0.011638030752981489	4.071428571428571
1.0	1.0	0.0	0.011638030752981489	4.071428571428571
1.0	2.0	0.0	0.021476188840063856	3.0714285714285716
1.0	2.0	0.0	0.021476188840063856	3.0714285714285716
1.0	2.0	0.0	0.02150088412854137	3.142857142857143
1.0	2.0	0.0	0.02150088412854137	3.142857142857143
1.0	2.0	0.0	0.02156226065096646	3.5
1.0	2.0	0.0	0.02156226065096646	3.5
1.0	2.0	0.0	0.022511958038848076	2.625
1.0	2.0	0.0	0.022511958038848076	2.625
1.0	2.0	0.0	0.022511958038848076	2.625
1.0	2.0	0.0	0.022511958038848076	2.625
1.0	2.0	0.0	0.023054393501768175	3.0
1.0	2.0	0.0	0.023054393501768175	3.0
1.0	2.0	0.0	0.023054393501768175	3.0
1.0	2.0	0.0	0.023054393501768175	3.0
1.0	2.0	0.0	0.02408758829094891	3.625
1.0	2.0	0.0	0.02408758829094891	3.625
1.0	2.0	0.0	0.02408758829094891	3.625
1.0	2.0	0.0	0.02408758829094891	3.625
1.0	3.0	0.0	0.03184786682430614	3.142857142857143
1.0	3.0	0.0	0.03184786682430614	3.142857142857143
1.0	1.0	0.0	0.012923380224273447	4.5
1.0	1.0	0.0	0.012923380224273447	4.5
1.0	1.0	0.0	0.012923380224273447	4.5
1.0	1.0	0.0	0.012923380224273447	4.5
1.0	3.0	0.0	0.02939030058866466	2.5
1.0	3.0	0.0	0.02939030058866466	2.5
1.0	3.0	0.0	0.02939876048427562	2.2857142857142856
1.0	3.0	0.0	0.02939876048427562	2.2857142857142856
1.0	2.0	0.0	0.019848816326752228	2.857142857142857
1.0	2.0	0.0	0.019848816326752228	2.857142857142857
1.0	3.0	0.0	0.02945021160063972	2.357142857142857
1.0	3.0	0.0	0.02945021160063972	2.357142857142857
1.0	2.0	0.0	0.019886815937581237	2.9285714285714284
1.0	2.0	0.0	0.019886815937581237	2.9285714285714284
1.0	3.0	0.0	0.02956947011423977	2.7142857142857144
1.0	3.0	0.0	0.02956947011423977	2.7142857142857144
1.0	1.0	0.0	0.01174728114391074	4.0
1.0	1.0	0.0	0.01174728114391074	4.0
1.0	1.0	0.0	0.011759068216527108	4.071428571428571
1.0	1.0	0.0	0.011759068216527108	4.071428571428571
1.0	1.0	0.0	0.011786013637568048	4.428571428571429
1.0	1.0	0.0	0.011786013637568048	4.428571428571429
