Constant_feature	Degree	Clustering_coefficient	Pagerank	Aver_path_len
1.0	2.0	0.0	0.009693117159047731	15.617283950617283
1.0	2.0	0.0	0.009698904195905248	14.234567901234568
1.0	2.0	0.0	0.00973230089005621	14.024691358024691
1.0	2.0	0.0	0.00986226468469322	16.234567901234566
1.0	2.0	0.0	0.009902267612681105	12.17283950617284
1.0	2.0	0.0	0.009970727042575608	12.901234567901234
1.0	2.0	0.0	0.009853462412283244	11.296296296296296
1.0	2.0	0.0	0.010327641157596797	16.14814814814815
1.0	2.0	0.0	0.01005168445790094	14.061728395061728
1.0	2.0	0.0	0.01009220395512497	11.246913580246913
1.0	2.0	0.0	0.010245528107621058	16.246913580246915
1.0	2.0	0.0	0.010322018928564023	10.444444444444445
1.0	2.0	0.0	0.01054384814128809	17.08641975308642
1.0	2.0	0.0	0.010614534970924948	11.716049382716049
1.0	1.0	0.0	0.006043837036193111	11.790123456790123
1.0	2.0	0.0	0.010714177142091413	10.493827160493828
1.0	1.0	0.0	0.006508517607089287	19.77777777777778
1.0	2.0	0.0	0.013145967803217865	19.728395061728396
1.0	1.0	0.0	0.00672435976171604	19.753086419753085
1.0	1.0	0.0	0.006972017816370336	20.74074074074074
1.0	3.0	0.0	0.014067636344233284	14.901234567901234
1.0	3.0	0.0	0.014064250041626916	15.45679012345679
1.0	3.0	0.0	0.014096644934265348	15.518518518518519
1.0	3.0	0.0	0.014181607216386935	14.950617283950617
1.0	3.0	0.0	0.014178110767000221	14.617283950617283
1.0	4.0	0.0	0.018929443694366863	13.395061728395062
1.0	2.0	0.0	0.009733148137417493	14.283950617283951
1.0	3.0	0.0	0.014534628029045643	15.333333333333334
1.0	4.0	0.0	0.018981210747307742	11.530864197530864
1.0	3.0	0.0	0.014710945153613736	16.17283950617284
1.0	3.0	0.0	0.014705461830823401	12.580246913580247
1.0	3.0	0.0	0.014554288077440039	12.382716049382717
1.0	4.0	0.0	0.01949283043944215	13.395061728395062
1.0	2.0	0.0	0.009856209123127476	11.975308641975309
1.0	3.0	0.0	0.015548929937032113	13.074074074074074
1.0	2.0	0.0	0.009858530238087072	11.777777777777779
1.0	3.0	0.0	0.014560055381086186	11.469135802469136
1.0	2.0	0.0	0.010191427917444859	12.925925925925926
1.0	3.0	0.0	0.014544739143587155	10.987654320987655
1.0	2.0	0.0	0.010268984722130349	13.592592592592593
1.0	2.0	0.0	0.01043113467849014	16.987654320987655
1.0	2.0	0.0	0.010310852524043054	14.17283950617284
1.0	3.0	0.0	0.014824890624583259	14.703703703703704
1.0	3.0	0.0	0.014982451477611172	15.481481481481481
1.0	3.0	0.0	0.015689083196246595	14.814814814814815
1.0	2.0	0.0	0.010049905010688687	10.765432098765432
1.0	3.0	0.0	0.015013323810553689	11.024691358024691
1.0	3.0	0.0	0.014892205682772825	10.54320987654321
1.0	2.0	0.0	0.010661181523735479	17.80246913580247
1.0	3.0	0.0	0.015828629104507972	16.962962962962962
1.0	2.0	0.0	0.01047279942146514	12.481481481481481
1.0	2.0	0.0	0.010190439418037276	15.469135802469136
1.0	3.0	0.0	0.01595328448355355	10.901234567901234
1.0	3.0	0.0	0.01508128857596923	16.234567901234566
1.0	3.0	0.0	0.015101096440011088	17.012345679012345
1.0	1.0	0.0	0.0058836986315060034	14.061728395061728
1.0	3.0	0.0	0.01607912284787544	10.802469135802468
1.0	3.0	0.0	0.015453047745478614	10.320987654320987
1.0	3.0	0.0	0.015557152680090438	12.061728395061728
1.0	2.0	0.0	0.010550488480686718	17.864197530864196
1.0	1.0	0.0	0.005925566433418709	15.802469135802468
1.0	3.0	0.0	0.01600097842320112	17.876543209876544
1.0	2.0	0.0	0.011472428286379267	17.85185185185185
1.0	1.0	0.0	0.006004968124627865	11.88888888888889
1.0	2.0	0.0	0.01058456281415958	10.320987654320987
1.0	2.0	0.0	0.01077422957802322	12.345679012345679
1.0	3.0	0.0	0.015758722284311258	11.358024691358025
1.0	3.0	0.0	0.01762997794111721	18.790123456790123
1.0	3.0	0.0	0.015768414191887188	10.345679012345679
1.0	3.0	0.0	0.016292361238090296	11.987654320987655
1.0	3.0	0.0	0.018351893491583386	18.765432098765434
1.0	2.0	0.0	0.010834795270454663	11.08641975308642
1.0	3.0	0.0	0.015885400280581444	10.617283950617283
1.0	3.0	0.0	0.016540570036481933	11.234567901234568
1.0	2.0	0.0	0.01085967221449863	10.839506172839506
1.0	3.0	0.0	0.016762331842049588	11.358024691358025
1.0	2.0	0.0	0.011012296947157984	11.506172839506172
1.0	2.0	0.0	0.012783348559870475	19.753086419753085
1.0	1.0	0.0	0.006107062662761753	12.975308641975309
1.0	1.0	0.0	0.006247386655365733	12.345679012345679
1.0	1.0	0.0	0.006182514000414686	12.222222222222221
1.0	1.0	0.0	0.007135979607251012	20.71604938271605
