Constant_feature	Degree	Clustering_coefficient	Pagerank	Aver_path_len
1.0	1.0	0.0	0.020021149055682787	7.08
1.0	3.0	0.0	0.046068241683879435	3.48
1.0	2.0	0.0	0.03185058708580916	4.2
1.0	2.0	0.0	0.032102592387770836	3.6
1.0	3.0	0.0	0.04602931313500036	3.6
1.0	3.0	0.0	0.0468697733465786	4.0
1.0	3.0	0.0	0.046768400031286066	3.36
1.0	3.0	0.0	0.047318292516640985	4.36
1.0	2.0	0.0	0.03189259133886925	3.72
1.0	3.0	0.0	0.04742224954208102	3.48
1.0	3.0	0.0	0.04888814374334233	3.92
1.0	2.0	0.0	0.03335127450093445	4.8
1.0	3.0	0.0	0.04925619804385478	3.96
1.0	2.0	0.0	0.033507361776606355	5.16
1.0	2.0	0.0	0.03431986473683842	5.6
1.0	2.0	0.0	0.034368588263633065	5.96
1.0	2.0	0.0	0.03445806057892861	4.72
1.0	2.0	0.0	0.03445806057892861	4.72
1.0	2.0	0.0	0.03465035095979767	4.68
1.0	2.0	0.0	0.03465035095979767	4.68
1.0	2.0	0.0	0.03543324008096353	5.52
1.0	2.0	0.0	0.03543324008096353	5.52
1.0	2.0	0.0	0.03561307046790059	5.4
1.0	2.0	0.0	0.03561307046790059	5.4
1.0	2.0	0.0	0.035736559099780116	6.32
1.0	3.0	0.0	0.053919375536231176	6.12
