Constant_feature	Degree	Clustering_coefficient	Pagerank	Aver_path_len
1.0	2.0	0.0	0.03995215776235318	5.375
1.0	3.0	0.0	0.05043788451239979	3.25
1.0	2.0	0.0	0.0363337869948976	5.416666666666667
1.0	1.0	0.0	0.023413494117930478	6.583333333333333
1.0	3.0	0.0	0.04925803327887651	3.0833333333333335
1.0	3.0	0.0	0.04897719437045937	3.0833333333333335
1.0	3.0	0.0	0.04935375568373246	3.25
1.0	3.0	0.0	0.04973637205131949	3.375
1.0	3.0	0.0	0.05144186272479026	3.4583333333333335
1.0	2.0	0.0	0.037201760844808016	3.9583333333333335
1.0	3.0	0.0	0.05131380733976647	3.4583333333333335
1.0	3.0	0.0	0.050586332018764696	3.8333333333333335
1.0	3.0	0.0	0.05055137848783762	3.8333333333333335
1.0	2.0	0.0	0.04015366013987511	4.75
1.0	2.0	0.0	0.03497772678160048	3.875
1.0	2.0	0.0	0.03510679497705898	4.0
1.0	1.0	0.0	0.019432915291925028	4.416666666666667
1.0	1.0	0.0	0.019393880744214553	4.416666666666667
1.0	3.0	0.0	0.053904173048622356	4.5
1.0	2.0	0.0	0.03596984154138417	4.625
1.0	2.0	0.0	0.0355273446830639	4.625
1.0	2.0	0.0	0.043143067426480136	5.625
1.0	2.0	0.0	0.03551631261059334	4.625
1.0	2.0	0.0	0.036338251186688784	5.416666666666667
1.0	1.0	0.0	0.021978211380557052	6.333333333333333
