Constant_feature	Degree	Clustering_coefficient	Pagerank	Aver_path_len
1.0	2.0	0.0	0.0633103831583731	4.142857142857143
1.0	4.0	0.0	0.12887747502546554	2.2857142857142856
1.0	2.0	0.0	0.06858741976999036	2.9285714285714284
1.0	2.0	0.0	0.06858741976999036	2.9285714285714284
1.0	1.0	0.0	0.035052446400278936	3.2857142857142856
1.0	1.0	0.0	0.035664681195282294	3.2142857142857144
1.0	3.0	0.0	0.09462069810038605	2.357142857142857
1.0	3.0	0.0	0.091360432279426	2.7142857142857144
1.0	2.0	0.0	0.06256476871586468	3.4285714285714284
1.0	2.0	0.0	0.07316015661397776	3.7142857142857144
1.0	2.0	0.0	0.07316015661397776	3.7142857142857144
1.0	2.0	0.0	0.06256476871586468	3.4285714285714284
1.0	2.0	0.0	0.0633103831583731	4.142857142857143
1.0	1.0	0.0	0.03958940524137474	4.642857142857143
1.0	1.0	0.0	0.03958940524137474	4.642857142857143
