Constant_feature	Degree	Clustering_coefficient	Pagerank	Aver_path_len
1.0	0.0	0.0	0.0	0.0
1.0	1.0	0.0	0.019273496251020306	6.653846153846154
1.0	1.0	0.0	0.020044321760253246	6.038461538461538
1.0	1.0	0.0	0.020044321760253246	6.038461538461538
1.0	2.0	0.0	0.03267314416610358	3.6923076923076925
1.0	3.0	0.0	0.05189791767727645	5.6923076923076925
1.0	2.0	0.0	0.031598478293016964	4.6923076923076925
1.0	3.0	0.0	0.05446754210073298	5.076923076923077
1.0	2.0	0.0	0.03385884019673013	4.461538461538462
1.0	3.0	0.0	0.05005396869688246	4.961538461538462
1.0	2.0	0.0	0.033643866487103935	4.038461538461538
1.0	3.0	0.0	0.04610147558393763	3.423076923076923
1.0	3.0	0.0	0.04616774497324031	3.6923076923076925
1.0	3.0	0.0	0.04614487054881678	3.923076923076923
1.0	3.0	0.0	0.04649845040009133	4.1923076923076925
1.0	3.0	0.0	0.0464864536728912	4.423076923076923
1.0	2.0	0.0	0.03454039900384363	5.769230769230769
1.0	3.0	0.0	0.04895042318597244	4.269230769230769
1.0	2.0	0.0	0.032590746386501085	4.730769230769231
1.0	2.0	0.0	0.03272012621298047	5.0
1.0	2.0	0.0	0.03518471065365743	6.5
1.0	2.0	0.0	0.03515851371614373	6.576923076923077
1.0	2.0	0.0	0.03270875027548496	5.230769230769231
1.0	2.0	0.0	0.03345571422325858	5.076923076923077
1.0	2.0	0.0	0.03535732030997616	7.3076923076923075
1.0	2.0	0.0	0.03348353564239479	5.576923076923077
1.0	2.0	0.0	0.03342865122569527	5.538461538461538
1.0	2.0	0.0	0.03346621659574072	6.038461538461538
