Constant_feature	Degree	Clustering_coefficient	Pagerank	Aver_path_len
1.0	1.0	0.0	0.015799790695085636	6.909090909090909
1.0	1.0	0.0	0.014299942752164688	5.151515151515151
1.0	2.0	0.0	0.029172174449386815	6.363636363636363
1.0	2.0	0.0	0.029564985736269027	6.96969696969697
1.0	2.0	0.0	0.029550270029414436	7.03030303030303
1.0	3.0	0.0	0.036536258131613326	4.181818181818182
1.0	2.0	0.0	0.028771966903562145	6.393939393939394
1.0	2.0	0.0	0.02519141552092351	4.696969696969697
1.0	3.0	0.0	0.03804551917752337	5.03030303030303
1.0	3.0	0.0	0.03617732630262749	4.787878787878788
1.0	2.0	0.0	0.025315424151424154	4.757575757575758
1.0	3.0	0.0	0.036148809130627575	4.393939393939394
1.0	3.0	0.0	0.036597646116622445	5.2727272727272725
1.0	2.0	0.0	0.02857383251870669	5.9393939393939394
1.0	2.0	0.0	0.025316621807235627	5.0
1.0	3.0	0.0	0.03718873087611542	5.878787878787879
1.0	3.0	0.0	0.03843961657988439	5.484848484848484
1.0	3.0	0.0	0.03786274705596698	4.181818181818182
1.0	2.0	0.0	0.025877185954162447	6.121212121212121
1.0	3.0	0.0	0.036968650759113916	4.303030303030303
1.0	2.0	0.0	0.02608565265761712	6.7272727272727275
1.0	2.0	0.0	0.02657379009853498	6.96969696969697
1.0	2.0	0.0	0.025183511465603995	4.757575757575758
1.0	3.0	0.0	0.03719814548084745	4.96969696969697
1.0	3.0	0.0	0.03717286257814273	5.03030303030303
1.0	2.0	0.0	0.026636319154015323	7.575757575757576
1.0	3.0	0.0	0.03923139353361038	5.454545454545454
1.0	2.0	0.0	0.026087058813833396	5.636363636363637
1.0	1.0	0.0	0.01588927528422998	7.363636363636363
1.0	3.0	0.0	0.040008522509142844	6.0606060606060606
1.0	3.0	0.0	0.03998136591594706	6.121212121212121
1.0	1.0	0.0	0.016068925544219143	7.333333333333333
1.0	1.0	0.0	0.016245153480643815	7.9393939393939394
1.0	1.0	0.0	0.01623910883518157	8.0
