Constant_feature	Degree	Clustering_coefficient	Pagerank	Aver_path_len
1.0	2.0	0.0	0.018127277613781273	9.727272727272727
1.0	2.0	0.0	0.01456043566419893	5.454545454545454
1.0	2.0	0.0	0.014805719217297304	5.890909090909091
1.0	2.0	0.0	0.014792039894896043	5.745454545454545
1.0	2.0	0.0	0.014832659703927643	6.327272727272727
1.0	3.0	0.0	0.021209949062518923	5.2727272727272725
1.0	3.0	0.0	0.021371128306616353	5.418181818181818
1.0	3.0	0.0	0.021505214824601028	5.545454545454546
1.0	3.0	0.0	0.021472702784266516	5.5636363636363635
1.0	3.0	0.0	0.021403960311109055	5.418181818181818
1.0	2.0	0.0	0.014648576253028742	5.6909090909090905
1.0	3.0	0.0	0.021674630813714506	5.709090909090909
1.0	3.0	0.0	0.02172421938622443	6.0
1.0	3.0	0.0	0.02254690668534607	6.2727272727272725
1.0	3.0	0.0	0.021641200555188537	5.5636363636363635
1.0	3.0	0.0	0.022574935178415655	6.363636363636363
1.0	3.0	0.0	0.021622661549395836	6.1454545454545455
1.0	2.0	0.0	0.015077874389113843	6.2727272727272725
1.0	3.0	0.0	0.022539950365002316	6.218181818181818
1.0	2.0	0.0	0.015088142896584684	6.418181818181818
1.0	3.0	0.0	0.02171196201593758	5.8545454545454545
1.0	3.0	0.0	0.02174512563292244	6.290909090909091
1.0	3.0	0.0	0.021617750014422246	6.0
1.0	2.0	0.0	0.015063255428435968	6.127272727272727
1.0	3.0	0.0	0.02174350023290101	6.1454545454545455
1.0	3.0	0.0	0.02265108564643144	6.945454545454545
1.0	2.0	0.0	0.015077874389113843	6.2727272727272725
1.0	2.0	0.0	0.015900609441511483	7.109090909090909
1.0	2.0	0.0	0.015900609441511483	7.109090909090909
1.0	2.0	0.0	0.01594304413087783	7.2727272727272725
1.0	2.0	0.0	0.01594304413087783	7.2727272727272725
1.0	2.0	0.0	0.015107665508374191	6.8545454545454545
1.0	2.0	0.0	0.015107329434775506	6.709090909090909
1.0	2.0	0.0	0.015927164776556826	7.127272727272727
1.0	2.0	0.0	0.015927164776556826	7.127272727272727
1.0	3.0	0.0	0.022648590629294765	6.8
1.0	2.0	0.0	0.016333540036186228	7.945454545454545
1.0	2.0	0.0	0.016333540036186228	7.945454545454545
1.0	2.0	0.0	0.016408488776032567	8.181818181818182
1.0	2.0	0.0	0.016408488776032567	8.181818181818182
1.0	3.0	0.0	0.02464445538248708	8.781818181818181
1.0	2.0	0.0	0.015977691874127575	7.8545454545454545
1.0	2.0	0.0	0.015977691874127575	7.8545454545454545
1.0	2.0	0.0	0.016396459609149802	8.036363636363637
1.0	2.0	0.0	0.016396459609149802	8.036363636363637
1.0	2.0	0.0	0.016554505236858103	9.090909090909092
1.0	2.0	0.0	0.01597655472628475	7.709090909090909
1.0	2.0	0.0	0.01597655472628475	7.709090909090909
1.0	2.0	0.0	0.016543692642526524	8.945454545454545
1.0	2.0	0.0	0.0164346917971741	8.763636363636364
1.0	2.0	0.0	0.0164346917971741	8.763636363636364
1.0	2.0	0.0	0.01657809560411965	9.672727272727272
1.0	2.0	0.0	0.016433833955124953	8.618181818181819
1.0	2.0	0.0	0.016433833955124953	8.618181818181819
1.0	2.0	0.0	0.016577320031585064	9.527272727272727
1.0	1.0	0.0	0.009943448468534276	10.709090909090909
