Constant_feature	Degree	Clustering_coefficient	Pagerank	Aver_path_len
1.0	1.0	0.0	0.016874355781382216	6.52
1.0	1.0	0.0	0.016957481795884466	7.24
1.0	4.0	0.0	0.07809190117107889	1.0
1.0	1.0	0.0	0.01594113499813566	4.68
1.0	1.0	0.0	0.020799605352391545	1.75
1.0	1.0	0.0	0.020799605352391545	1.75
1.0	1.0	0.0	0.020799605352391545	1.75
1.0	1.0	0.0	0.020799605352391545	1.75
1.0	3.0	0.0	0.04279614272168802	4.28
1.0	4.0	0.0	0.05314221494427644	3.88
1.0	2.0	0.0	0.027375074435890382	3.8
1.0	3.0	0.0	0.04064085456989025	3.56
1.0	2.0	0.0	0.028102703919847493	4.6
1.0	2.0	0.0	0.027898142058654218	3.88
1.0	2.0	0.0	0.028710850939795283	4.52
1.0	3.0	0.0	0.040858118622798936	3.56
1.0	3.0	0.0	0.04132426449017726	4.44
1.0	3.0	0.0	0.04238441728291165	3.72
1.0	1.0	0.0	0.016064642724677225	5.24
1.0	2.0	0.0	0.02827717783126381	3.88
1.0	2.0	0.0	0.02904602472513379	5.24
1.0	2.0	0.0	0.02904602472513379	5.24
1.0	2.0	0.0	0.02982881736979988	6.04
1.0	2.0	0.0	0.02982881736979988	6.04
1.0	3.0	0.0	0.04264640352648835	4.28
1.0	2.0	0.0	0.030071710534460432	6.84
1.0	2.0	0.0	0.02966829180873374	4.92
1.0	2.0	0.0	0.029655951929797638	5.0
1.0	3.0	0.0	0.045495094725376925	5.56
1.0	2.0	0.0	0.030302642675135754	5.64
1.0	3.0	0.0	0.04577232091222101	6.28
