Constant_feature	Degree	Clustering_coefficient	Pagerank	Aver_path_len
1.0	1.0	0.0	0.020345226850111996	4.173913043478261
1.0	1.0	0.0	0.020341084230462415	4.3478260869565215
1.0	1.0	0.0	0.02364086739316307	5.478260869565218
1.0	2.0	0.0	0.03548671340107468	3.4782608695652173
1.0	3.0	0.0	0.05191101268719066	2.869565217391304
1.0	3.0	0.0	0.05333666688635347	2.9565217391304346
1.0	3.0	0.0	0.05188340218888537	3.0434782608695654
1.0	3.0	0.0	0.05254418970001279	3.391304347826087
1.0	3.0	0.0	0.05292635723932333	3.5652173913043477
1.0	3.0	0.0	0.05292161018999963	3.739130434782609
1.0	3.0	0.0	0.05392785562901382	3.217391304347826
1.0	3.0	0.0	0.05251681782953706	3.5652173913043477
1.0	3.0	0.0	0.05391594121723655	3.391304347826087
1.0	3.0	0.0	0.05944064758992783	3.652173913043478
1.0	2.0	0.0	0.036938013841201295	4.173913043478261
1.0	2.0	0.0	0.037119452090423	4.3478260869565215
1.0	2.0	0.0	0.03711941447044854	4.521739130434782
1.0	2.0	0.0	0.03692794072173346	4.3478260869565215
1.0	2.0	0.0	0.037794925701497895	4.956521739130435
1.0	2.0	0.0	0.03794676302827908	5.130434782608695
1.0	2.0	0.0	0.037945129970221564	5.304347826086956
1.0	2.0	0.0	0.03779216771729932	5.130434782608695
1.0	2.0	0.0	0.04327795946902084	4.521739130434782
1.0	1.0	0.0	0.021999839957582108	4.608695652173913
