Constant_feature	Degree	Clustering_coefficient	Pagerank	Aver_path_len
1.0	1.0	0.0	0.02433816053638227	5.1
1.0	2.0	0.0	0.04158598253061954	4.85
1.0	2.0	0.0	0.04160250960398897	5.15
1.0	1.0	0.0	0.023484543863908885	4.35
1.0	2.0	0.0	0.04052258112460493	3.2
1.0	3.0	0.0	0.05892543418498382	3.15
1.0	3.0	0.0	0.059351321742182175	3.45
1.0	3.0	0.0	0.06027422074178888	3.15
1.0	3.0	0.0	0.05945127419129126	4.05
1.0	3.0	0.0	0.05950749410649753	4.35
1.0	2.0	0.0	0.04027541084217835	3.6
1.0	2.0	0.0	0.04041906049108801	3.9
1.0	3.0	0.0	0.062407538144912525	3.4
1.0	2.0	0.0	0.04156726593924669	3.45
1.0	3.0	0.0	0.06191079379452034	3.5
1.0	2.0	0.0	0.04219672431399034	5.4
1.0	3.0	0.0	0.06525226274663568	4.15
1.0	2.0	0.0	0.0433096484923836	4.25
1.0	2.0	0.0	0.044476636492677316	4.9
1.0	2.0	0.0	0.044390291901000065	5.0
1.0	2.0	0.0	0.04475084421511831	5.65
