Constant_feature	Degree	Clustering_coefficient	Pagerank	Aver_path_len
1.0	2.0	0.0	0.03117911450928628	5.444444444444445
1.0	2.0	0.0	0.031326186524966736	6.148148148148148
1.0	2.0	0.0	0.03143856292886068	5.444444444444445
1.0	2.0	0.0	0.031413861214277305	5.777777777777778
1.0	2.0	0.0	0.034734765357595135	4.888888888888889
1.0	1.0	0.0	0.017687315467514682	4.592592592592593
1.0	3.0	0.0	0.048812232526894955	4.2592592592592595
1.0	2.0	0.0	0.03250239564257926	4.185185185185185
1.0	2.0	0.0	0.03159808177451248	4.333333333333333
1.0	2.0	0.0	0.031753360102425965	4.111111111111111
1.0	3.0	0.0	0.04461564594303133	4.0
1.0	3.0	0.0	0.04518164432480831	3.888888888888889
1.0	3.0	0.0	0.044934567886707626	3.7777777777777777
1.0	3.0	0.0	0.045123725421883344	3.5555555555555554
1.0	2.0	0.0	0.031168241977042963	3.7037037037037037
1.0	3.0	0.0	0.044476066251308274	4.592592592592593
1.0	3.0	0.0	0.04705179228214484	3.6296296296296298
1.0	3.0	0.0	0.04627131859520252	4.0
1.0	2.0	0.0	0.03063399139532372	4.481481481481482
1.0	3.0	0.0	0.044969069977439546	5.296296296296297
1.0	2.0	0.0	0.0310098311331762	4.481481481481482
1.0	3.0	0.0	0.045107888507877524	4.592592592592593
1.0	3.0	0.0	0.04502494754842781	4.925925925925926
1.0	1.0	0.0	0.01821407140278469	5.222222222222222
1.0	2.0	0.0	0.03101563824801989	5.074074074074074
1.0	2.0	0.0	0.03169863495204024	6.222222222222222
1.0	2.0	0.0	0.03185492466478201	6.037037037037037
1.0	1.0	0.0	0.019202123439085287	5.851851851851852
