Constant_feature	Degree	Clustering_coefficient	Pagerank	Aver_path_len
1.0	2.0	0.0	0.036171768643880775	4.375
1.0	2.0	0.0	0.036324430576985894	3.875
1.0	1.0	0.0	0.0204295338795948	5.166666666666667
1.0	1.0	0.0	0.020569280770215446	5.708333333333333
1.0	1.0	0.0	0.021012985046923557	7.125
1.0	1.0	0.0	0.02050966772343914	5.208333333333333
1.0	3.0	0.0	0.05268806378134931	4.125
1.0	2.0	0.0	0.037582265817139	5.458333333333333
1.0	3.0	0.0	0.05202235648092884	3.75
1.0	3.0	0.0	0.055214240283086295	4.25
1.0	2.0	0.0	0.035421870302912425	3.7083333333333335
1.0	3.0	0.0	0.05476638676207756	4.208333333333333
1.0	3.0	0.0	0.052714626984174534	3.5833333333333335
1.0	1.0	0.0	0.0205646611945151	5.208333333333333
1.0	3.0	0.0	0.05522951965317558	4.75
1.0	2.0	0.0	0.03669167117073607	4.833333333333333
1.0	2.0	0.0	0.037524660608691744	5.541666666666667
1.0	3.0	0.0	0.05670851480866693	6.166666666666667
1.0	3.0	0.0	0.05503110918898485	4.25
1.0	3.0	0.0	0.05409140578048559	4.791666666666667
1.0	2.0	0.0	0.03731234827233092	5.583333333333333
1.0	2.0	0.0	0.03731234827233092	5.583333333333333
1.0	2.0	0.0	0.03796789675351832	6.375
1.0	2.0	0.0	0.03796789675351832	6.375
1.0	2.0	0.0	0.03817049049033782	7.166666666666667
