Constant_feature	Degree	Clustering_coefficient	Pagerank	Aver_path_len
1.0	2.0	0.0	0.05213379894616811	3.125
1.0	1.0	0.0	0.028995738558328425	3.625
1.0	1.0	0.0	0.028995738558328425	3.625
1.0	1.0	0.0	0.03231170290454477	5.0625
1.0	3.0	0.0	0.07493653970450535	2.625
1.0	3.0	0.0	0.07528425719318224	2.75
1.0	3.0	0.0	0.07493653970450535	2.625
1.0	3.0	0.0	0.07528425719318224	2.75
1.0	3.0	0.0	0.07704518377367056	2.6875
1.0	3.0	0.0	0.07704518377367056	2.6875
1.0	2.0	0.0	0.05213379894616812	3.125
1.0	3.0	0.0	0.07923092759208226	3.3125
1.0	2.0	0.0	0.05267397269081896	3.4375
1.0	2.0	0.0	0.05267397269081896	3.4375
1.0	2.0	0.0	0.053791880510380044	4.125
1.0	2.0	0.0	0.05379188051038004	4.125
1.0	2.0	0.0	0.05873462674926543	4.125
