Constant_feature	Degree	Clustering_coefficient	Pagerank	Aver_path_len
1.0	1.0	0.0	0.026493933804459517	5.105263157894737
1.0	1.0	0.0	0.025828084255615565	3.9473684210526314
1.0	1.0	0.0	0.026081515468651006	4.2631578947368425
1.0	1.0	0.0	0.026081515468651006	4.2631578947368425
1.0	2.0	0.0	0.04618711717987893	3.3157894736842106
1.0	3.0	0.0	0.07133628676694843	3.736842105263158
1.0	3.0	0.0	0.07133628676694843	3.736842105263158
1.0	3.0	0.0	0.06786208770575261	3.736842105263158
1.0	2.0	0.0	0.046754561176874945	4.473684210526316
1.0	2.0	0.0	0.046754561176874945	4.473684210526316
1.0	2.0	0.0	0.04754471237710778	5.2105263157894735
1.0	2.0	0.0	0.04754471237710778	5.2105263157894735
1.0	2.0	0.0	0.04779105650522317	5.947368421052632
1.0	3.0	0.0	0.06942560339361098	3.0
1.0	3.0	0.0	0.06799111519291758	2.8947368421052633
1.0	3.0	0.0	0.0702703826998548	3.3157894736842106
1.0	3.0	0.0	0.0702703826998548	3.3157894736842106
1.0	3.0	0.0	0.07164511286492516	4.157894736842105
1.0	1.0	0.0	0.02640048605937116	4.684210526315789
1.0	1.0	0.0	0.02640048605937116	4.684210526315789
