Constant_feature	Degree	Clustering_coefficient	Pagerank	Aver_path_len
1.0	1.0	0.0	0.02979665400892345	4.1875
1.0	1.0	0.0	0.029244112301353604	4.0625
1.0	3.0	0.0	0.07482504319967977	2.6875
1.0	3.0	0.0	0.07894040303678884	2.75
1.0	2.0	0.0	0.05160643445098789	3.1875
1.0	3.0	0.0	0.07321377424314421	2.375
1.0	2.0	0.0	0.053672081225218084	3.375
1.0	2.0	0.0	0.05248196894453869	3.1875
1.0	2.0	0.0	0.053716099159515404	3.25
1.0	3.0	0.0	0.07507056438203143	2.375
1.0	3.0	0.0	0.07453996182486723	2.6875
1.0	2.0	0.0	0.05858489037884983	3.5625
1.0	3.0	0.0	0.07787203132500034	3.125
1.0	2.0	0.0	0.052318261918765464	2.9375
1.0	2.0	0.0	0.05215897615855774	3.25
1.0	3.0	0.0	0.07971261654995775	3.25
1.0	1.0	0.0	0.03224612689182016	4.5
