Constant_feature	Degree	Clustering_coefficient	Pagerank	Aver_path_len
1.0	2.0	1.0	0.021329513648007135	5.783783783783784
1.0	2.0	0.0	0.021183550264627794	5.054054054054054
1.0	2.0	1.0	0.021696332158508067	6.162162162162162
1.0	2.0	0.0	0.02327655740864168	4.864864864864865
1.0	1.0	0.0	0.012736689579304324	6.405405405405405
1.0	2.0	0.0	0.02405380806065984	4.648648648648648
1.0	1.0	0.0	0.013636512395317995	6.27027027027027
1.0	1.0	0.0	0.013808335351288885	5.945945945945946
1.0	1.0	0.0	0.01400293555139564	6.324324324324325
1.0	2.0	0.0	0.025907109054309374	7.0
1.0	1.0	0.0	0.01425660061371146	8.054054054054054
1.0	4.0	0.0	0.041443612746403964	4.108108108108108
1.0	4.0	0.0	0.04138590078383603	4.0
1.0	4.0	0.16666666666666666	0.04044308449470854	4.837837837837838
1.0	3.0	0.0	0.030872990455021447	4.621621621621622
1.0	3.0	0.0	0.030966548221845497	5.135135135135135
1.0	3.0	0.3333333333333333	0.03132441462665453	5.324324324324325
1.0	3.0	0.0	0.032134064812884146	4.4324324324324325
1.0	4.0	0.16666666666666666	0.042966394907644354	6.054054054054054
1.0	2.0	0.0	0.022048305662601075	4.72972972972973
1.0	2.0	1.0	0.021329513648007132	5.783783783783784
1.0	2.0	0.0	0.021561593280023886	5.081081081081081
1.0	3.0	0.0	0.03368409185633959	5.4324324324324325
1.0	1.0	0.0	0.011956531480036739	5.081081081081081
1.0	2.0	0.0	0.02276681396473726	4.324324324324325
1.0	1.0	0.0	0.012299069214954548	7.027027027027027
1.0	3.0	0.0	0.03668446501191226	5.297297297297297
1.0	3.0	0.0	0.0372532811067771	4.972972972972973
1.0	2.0	0.0	0.0251207791972885	5.72972972972973
1.0	3.0	0.0	0.03790748849571632	5.351351351351352
1.0	3.0	0.0	0.03831538345693221	5.783783783783784
1.0	2.0	0.0	0.025521994846513504	6.108108108108108
1.0	2.0	0.0	0.02577768330131616	6.216216216216216
1.0	1.0	0.0	0.014127174860718244	6.756756756756757
1.0	2.0	0.0	0.025743977750839666	6.4324324324324325
1.0	2.0	0.0	0.025887788116740047	6.648648648648648
1.0	2.0	0.0	0.025842139589655883	6.756756756756757
1.0	3.0	0.0	0.03874697002411888	7.081081081081081
