Constant_feature	Degree	Clustering_coefficient	Pagerank	Aver_path_len
1.0	1.0	0.0	0.020271244586386003	7.04
1.0	0.0	0.0	0.0	0.0
1.0	1.0	0.0	0.02083619783583011	5.92
1.0	2.0	0.0	0.035070330031398644	4.48
1.0	2.0	0.0	0.03583061935462689	5.52
1.0	1.0	0.0	0.019999168971172987	6.4
1.0	2.0	0.0	0.036684642795357804	6.8
1.0	1.0	0.0	0.020259552055125647	7.12
1.0	4.0	0.0	0.06736436759899629	4.08
1.0	3.0	0.0	0.05031018476521674	4.48
1.0	2.0	0.0	0.03409652703703854	4.28
1.0	2.0	0.0	0.03451539024413782	4.6
1.0	2.0	0.0	0.03447109622278465	4.8
1.0	2.0	0.0	0.034785593380657544	4.24
1.0	2.0	0.0	0.03468640002970328	4.88
1.0	2.0	0.0	0.037756207320828954	4.96
1.0	2.0	0.0	0.034993195904385745	5.36
1.0	3.0	0.0	0.05179492894781845	5.92
1.0	3.0	0.0	0.05190593506374798	4.8
1.0	2.0	0.0	0.03577920111539935	6.72
1.0	2.0	0.0	0.03577920111539935	6.72
1.0	3.0	0.0	0.05384077472745672	5.44
1.0	2.0	0.0	0.03643325038969292	7.52
1.0	2.0	0.0	0.03643325038969292	7.52
1.0	3.0	0.0	0.0547530328236413	6.08
1.0	2.0	0.0	0.03663566736641871	8.32
1.0	3.0	0.0	0.054714039927084776	6.16
