Constant_feature	Degree	Clustering_coefficient	Pagerank	Aver_path_len
1.0	2.0	0.0	0.040917385417256674	6.083333333333333
1.0	2.0	0.0	0.04084680031307738	5.625
1.0	2.0	0.0	0.04084680031307738	5.625
1.0	1.0	0.0	0.020489896723281612	4.916666666666667
1.0	2.0	0.0	0.0427603164484678	7.25
1.0	1.0	0.0	0.02184243858234026	7.333333333333333
1.0	2.0	0.0	0.03655030301643099	4.083333333333333
1.0	3.0	0.0	0.05359304712805565	4.0
1.0	3.0	0.0	0.05582080435595147	5.208333333333333
1.0	3.0	0.0	0.0556781521909437	4.75
1.0	3.0	0.0	0.0556781521909437	4.75
1.0	2.0	0.0	0.03678210929925443	4.458333333333333
1.0	2.0	0.0	0.03678210929925443	4.458333333333333
1.0	3.0	0.0	0.054967677227020006	3.9583333333333335
1.0	3.0	0.0	0.053536192317742114	4.291666666666667
1.0	2.0	0.0	0.036763559950949244	4.75
1.0	2.0	0.0	0.036763559950949244	4.75
1.0	3.0	0.0	0.055248745897939995	5.666666666666667
1.0	2.0	0.0	0.03711916322526184	5.208333333333333
1.0	2.0	0.0	0.03711916322526184	5.208333333333333
1.0	3.0	0.0	0.05947641290606141	6.375
1.0	1.0	0.0	0.022413182524410925	7.041666666666667
1.0	1.0	0.0	0.02238069786589851	6.583333333333333
1.0	1.0	0.0	0.02238069786589851	6.583333333333333
1.0	1.0	0.0	0.023242631764270757	8.208333333333334
