Constant_feature	Degree	Clustering_coefficient	Pagerank	Aver_path_len
1.0	1.0	0.0	0.01342028222130991	11.674418604651162
1.0	1.0	0.0	0.01342028222130991	11.674418604651162
1.0	0.0	0.0	0.0	0.0
1.0	1.0	0.0	0.011527978702441702	7.5813953488372094
1.0	1.0	0.0	0.011527978702441702	7.5813953488372094
1.0	3.0	0.0	0.03246376982777129	8.883720930232558
1.0	3.0	0.0	0.03246376982777129	8.883720930232558
1.0	3.0	0.0	0.03548342307287204	9.953488372093023
1.0	3.0	0.0	0.03548342307287204	9.953488372093023
1.0	2.0	0.0	0.020484562208441377	6.837209302325581
1.0	2.0	0.0	0.020484562208441377	6.837209302325581
1.0	3.0	0.0	0.030455979816444385	8.13953488372093
1.0	3.0	0.0	0.030455979816444385	8.13953488372093
1.0	3.0	0.0	0.03071063856428828	8.232558139534884
1.0	3.0	0.0	0.03071063856428828	8.232558139534884
1.0	2.0	0.0	0.020623763784619054	8.837209302325581
1.0	2.0	0.0	0.020623763784619054	8.837209302325581
1.0	2.0	0.0	0.023158866971145935	9.767441860465116
1.0	2.0	0.0	0.023158866971145935	9.767441860465116
1.0	2.0	0.0	0.023624722185544445	9.813953488372093
1.0	2.0	0.0	0.023624722185544445	9.813953488372093
1.0	2.0	0.0	0.022132065330569994	9.069767441860465
1.0	2.0	0.0	0.022132065330569994	9.069767441860465
1.0	2.0	0.0	0.02036662614368858	7.72093023255814
1.0	2.0	0.0	0.02036662614368858	7.72093023255814
1.0	3.0	0.0	0.02985384042447011	7.116279069767442
1.0	3.0	0.0	0.02985384042447011	7.116279069767442
1.0	2.0	0.0	0.0204430319256571	7.813953488372093
1.0	2.0	0.0	0.0204430319256571	7.813953488372093
1.0	2.0	0.0	0.024773595274417436	10.69767441860465
1.0	2.0	0.0	0.024773595274417436	10.69767441860465
1.0	1.0	0.0	0.012904406526157933	10.790697674418604
1.0	1.0	0.0	0.012904406526157933	10.790697674418604
1.0	1.0	0.0	0.012918344183639846	10.930232558139535
1.0	1.0	0.0	0.012918344183639846	10.930232558139535
1.0	1.0	0.0	0.012918344183639846	10.930232558139535
1.0	1.0	0.0	0.012918344183639846	10.930232558139535
1.0	3.0	0.0	0.03085014153250679	6.604651162790698
1.0	3.0	0.0	0.03085014153250679	6.604651162790698
1.0	3.0	0.0	0.02994935551417235	6.465116279069767
1.0	3.0	0.0	0.02994935551417235	6.465116279069767
1.0	2.0	0.0	0.020468130803100733	6.465116279069767
1.0	2.0	0.0	0.020468130803100733	6.465116279069767
1.0	2.0	0.0	0.020468130803100733	6.465116279069767
1.0	2.0	0.0	0.020468130803100733	6.465116279069767
