Constant_feature	Degree	Clustering_coefficient	Pagerank	Aver_path_len
1.0	2.0	0.0	0.029591122551497803	6.033333333333333
1.0	2.0	0.0	0.029572434114162754	6.133333333333334
1.0	1.0	0.0	0.016315390352431597	8.5
1.0	2.0	0.0	0.028834479322794385	7.966666666666667
1.0	2.0	0.0	0.030071763049401054	6.0
1.0	2.0	0.0	0.030064898806167025	6.033333333333333
1.0	3.0	0.0	0.042499840946990275	7.033333333333333
1.0	3.0	0.0	0.042315873994531225	7.4
1.0	3.0	0.0	0.04277908006423881	6.133333333333334
1.0	3.0	0.0	0.04272192995849709	6.3
1.0	2.0	0.0	0.029094517204165313	6.733333333333333
1.0	2.0	0.0	0.029094517204165313	6.733333333333333
1.0	2.0	0.0	0.02901456083087527	7.033333333333333
1.0	2.0	0.0	0.02901456083087527	7.033333333333333
1.0	2.0	0.0	0.02915142821680923	6.433333333333334
1.0	2.0	0.0	0.02915142821680923	6.433333333333334
1.0	3.0	0.0	0.043632893941350726	7.533333333333333
1.0	2.0	0.0	0.029099856174636066	6.666666666666667
1.0	2.0	0.0	0.029099856174636066	6.666666666666667
1.0	3.0	0.0	0.04324142627884517	8.166666666666666
1.0	3.0	0.0	0.043049724790081255	8.6
1.0	2.0	0.0	0.029918412909916293	9.0
1.0	2.0	0.0	0.029918412909916293	9.0
1.0	2.0	0.0	0.029829817092986488	9.433333333333334
1.0	2.0	0.0	0.029829817092986488	9.433333333333334
1.0	2.0	0.0	0.030488088185969438	9.833333333333334
1.0	2.0	0.0	0.030488088185969438	9.833333333333334
1.0	2.0	0.0	0.03042256158112741	10.266666666666667
1.0	2.0	0.0	0.03042256158112741	10.266666666666667
1.0	2.0	0.0	0.03066561746981557	10.666666666666666
1.0	2.0	0.0	0.030605039966223865	11.1
