Constant_feature	Degree	Clustering_coefficient	Pagerank	Aver_path_len
1.0	2.0	0.0	0.03552190152811248	4.36
1.0	1.0	0.0	0.01981262132846439	5.48
1.0	1.0	0.0	0.021397534034081955	8.28
1.0	1.0	0.0	0.021397534034081955	8.28
1.0	2.0	0.0	0.03490958927793341	4.28
1.0	3.0	0.0	0.05850648457257557	7.32
1.0	2.0	0.0	0.03550554245381318	6.12
1.0	2.0	0.0	0.03553536603542146	5.88
1.0	2.0	0.0	0.03481767078735874	5.32
1.0	2.0	0.0	0.034916005838061426	5.08
1.0	3.0	0.0	0.04998191147731654	4.52
1.0	3.0	0.0	0.050261709212126734	4.28
1.0	2.0	0.0	0.03419657874117996	5.0
1.0	3.0	0.0	0.051188647665206824	5.56
1.0	2.0	0.0	0.03550297688953637	6.36
1.0	2.0	0.0	0.03550297688953637	6.36
1.0	2.0	0.0	0.03622488766893566	7.16
1.0	2.0	0.0	0.03622488766893566	7.16
1.0	2.0	0.0	0.03644753006112874	7.96
1.0	3.0	0.0	0.05322069388878035	4.52
1.0	3.0	0.0	0.05186363260023281	4.84
1.0	2.0	0.0	0.03561123489293418	5.4
1.0	2.0	0.0	0.03561123489293418	5.4
1.0	3.0	0.0	0.053810296206984756	6.52
1.0	2.0	0.0	0.03601527567716323	5.96
1.0	2.0	0.0	0.03601527567716323	5.96
