Constant_feature	Degree	Clustering_coefficient	Pagerank	Aver_path_len
1.0	4.0	0.0	0.0719681300658914	4.592592592592593
1.0	2.0	0.0	0.03543640913070789	4.666666666666667
1.0	2.0	0.0	0.03652465683664086	5.555555555555555
1.0	1.0	0.0	0.019763530606943563	5.555555555555555
1.0	1.0	0.0	0.019763530606943563	5.555555555555555
1.0	1.0	0.0	0.01932868619912408	5.111111111111111
1.0	1.0	0.0	0.01932868619912408	5.111111111111111
1.0	1.0	0.0	0.01896198029327558	5.703703703703703
1.0	3.0	0.0	0.05010764757968986	3.8518518518518516
1.0	2.0	0.0	0.031535669955184885	4.148148148148148
1.0	3.0	0.0	0.052525669868465	4.148148148148148
1.0	3.0	0.0	0.045744489838246326	3.3333333333333335
1.0	3.0	0.0	0.04578437630735213	3.7037037037037037
1.0	3.0	0.0	0.04717688747204467	3.4074074074074074
1.0	3.0	0.0	0.047204311543684326	3.3333333333333335
1.0	3.0	0.0	0.0475855174626527	3.740740740740741
1.0	3.0	0.0	0.047428614369511755	4.074074074074074
1.0	3.0	0.0	0.047664604115785394	3.7777777777777777
1.0	2.0	0.0	0.03202297238330328	3.7777777777777777
1.0	2.0	0.0	0.03598283553640981	4.666666666666667
1.0	1.0	0.0	0.017847187123680663	4.703703703703703
1.0	3.0	0.0	0.05130220849575099	4.7407407407407405
1.0	1.0	0.0	0.019763530606943563	5.555555555555555
1.0	2.0	0.0	0.03861714328202848	5.555555555555555
1.0	1.0	0.0	0.019518214857795903	5.62962962962963
1.0	2.0	0.0	0.03902852317419146	6.444444444444445
1.0	1.0	0.0	0.020949880973833507	6.518518518518518
1.0	1.0	0.0	0.021134105114793852	7.407407407407407
