Constant_feature	Degree	Clustering_coefficient	Pagerank	Aver_path_len
1.0	4.0	0.0	0.09112468679186166	5.809523809523809
1.0	1.0	0.0	0.025049118210882383	6.761904761904762
1.0	1.0	0.0	0.025049118210882383	6.761904761904762
1.0	1.0	0.0	0.025049118210882383	6.761904761904762
1.0	1.0	0.0	0.02333378091261876	4.857142857142857
1.0	1.0	0.0	0.02527973030792385	7.238095238095238
1.0	2.0	0.0	0.041630344585898815	3.9047619047619047
1.0	1.0	0.0	0.02527973030792385	7.238095238095238
1.0	3.0	0.0	0.060986867782839654	4.0
1.0	3.0	0.0	0.06316344263742159	5.142857142857143
1.0	2.0	0.0	0.0418991804320042	4.380952380952381
1.0	2.0	0.0	0.0418991804320042	4.380952380952381
1.0	2.0	0.0	0.04234800419800824	4.761904761904762
1.0	2.0	0.0	0.04234800419800824	4.761904761904762
1.0	3.0	0.0	0.061160409373436364	4.095238095238095
1.0	3.0	0.0	0.06262653160864613	3.9047619047619047
1.0	2.0	0.0	0.042028980165159095	4.571428571428571
1.0	2.0	0.0	0.042028980165159095	4.571428571428571
1.0	3.0	0.0	0.06355114018373641	5.523809523809524
1.0	2.0	0.0	0.04252434471164652	5.0476190476190474
1.0	2.0	0.0	0.04252434471164652	5.0476190476190474
1.0	3.0	0.0	0.06911496186140931	6.285714285714286
