Constant_feature	Degree	Clustering_coefficient	Pagerank	Aver_path_len
1.0	1.0	0.0	0.018283766547653426	4.923076923076923
1.0	1.0	0.0	0.01944547117627165	5.5
1.0	1.0	0.0	0.020254181640728265	6.461538461538462
1.0	1.0	0.0	0.020254181640728265	6.461538461538462
1.0	1.0	0.0	0.02135422092998135	7.038461538461538
1.0	3.0	0.0	0.04772745654377394	4.269230769230769
1.0	2.0	0.0	0.033284289715385176	4.576923076923077
1.0	3.0	0.0	0.04707626936201639	3.730769230769231
1.0	2.0	0.0	0.03252205071115977	4.3076923076923075
1.0	2.0	0.0	0.032657058918055204	4.576923076923077
1.0	3.0	0.0	0.048600181645725354	3.9615384615384617
1.0	3.0	0.0	0.04719092811077326	3.6923076923076925
1.0	2.0	0.0	0.032773986786194614	4.769230769230769
1.0	3.0	0.0	0.04858123504020126	3.9615384615384617
1.0	2.0	0.0	0.03286786633710256	4.3076923076923075
1.0	3.0	0.0	0.050023025363275804	4.6923076923076925
1.0	3.0	0.0	0.049172351814935095	5.346153846153846
1.0	3.0	0.0	0.052469791059332804	4.538461538461538
1.0	2.0	0.0	0.03413456229420925	6.153846153846154
1.0	2.0	0.0	0.03413456229420925	6.153846153846154
1.0	3.0	0.0	0.055167369900322456	5.5
1.0	2.0	0.0	0.037095988402549296	5.269230769230769
1.0	2.0	0.0	0.03484133528381247	6.961538461538462
1.0	2.0	0.0	0.03484133528381247	6.961538461538462
1.0	2.0	0.0	0.03506150750643862	7.769230769230769
1.0	3.0	0.0	0.058830804761370384	6.076923076923077
1.0	1.0	0.0	0.02135422092998135	7.038461538461538
