Constant_feature	Degree	Clustering_coefficient	Pagerank	Aver_path_len
1.0	2.0	1.0	0.023090298515686357	5.3428571428571425
1.0	2.0	0.0	0.024416281688966125	4.257142857142857
1.0	1.0	0.0	0.013493751021825703	5.4
1.0	2.0	0.0	0.026376757514634856	5.085714285714285
1.0	1.0	0.0	0.014339884549623146	5.628571428571429
1.0	1.0	0.0	0.014838293619850505	7.142857142857143
1.0	1.0	0.0	0.014855311066753432	7.228571428571429
1.0	2.0	0.0	0.023825079863631117	4.8
1.0	4.0	0.16666666666666666	0.04548949883262811	4.9714285714285715
1.0	3.0	0.3333333333333333	0.03359112994349201	4.742857142857143
1.0	3.0	0.0	0.033717629417682075	4.0285714285714285
1.0	3.0	0.0	0.03510727178640932	4.714285714285714
1.0	4.0	0.0	0.04478432953707461	3.8
1.0	3.0	0.0	0.033958920997376775	4.057142857142857
1.0	3.0	0.0	0.034438186501389544	4.485714285714286
1.0	1.0	0.0	0.013012929944644836	5.942857142857143
1.0	3.0	0.0	0.03571988466308963	4.428571428571429
1.0	1.0	0.0	0.013309903436533677	5.685714285714286
1.0	2.0	0.0	0.024504631042976913	4.485714285714286
1.0	2.0	0.0	0.024052149296782177	5.114285714285714
1.0	2.0	0.0	0.02564389816529184	4.914285714285715
1.0	3.0	0.0	0.03647785263958158	5.8
1.0	3.0	0.0	0.03854196711475279	4.6571428571428575
1.0	2.0	0.0	0.02630681310633455	5.3428571428571425
1.0	2.0	0.0	0.025417435357506478	6.6571428571428575
1.0	2.0	0.0	0.025417435357506478	6.6571428571428575
1.0	3.0	0.0	0.03996868399625917	5.742857142857143
1.0	2.0	0.0	0.025993299693168218	7.514285714285714
1.0	2.0	0.0	0.025993299693168218	7.514285714285714
1.0	3.0	0.0	0.04019860183180189	6.171428571428572
1.0	1.0	0.0	0.014767551278010754	6.714285714285714
1.0	2.0	0.0	0.026171007582837212	8.371428571428572
1.0	2.0	0.0	0.026750339001306994	5.514285714285714
1.0	4.0	0.0	0.05368219684290408	6.257142857142857
1.0	2.0	0.0	0.026892184031765146	5.942857142857143
1.0	1.0	0.0	0.014855311066753432	7.228571428571429
