Constant_feature	Degree	Clustering_coefficient	Pagerank	Aver_path_len
1.0	2.0	0.0	0.010575342343696136	8.7375
1.0	2.0	0.0	0.010575342343696136	8.7375
1.0	2.0	0.0	0.010694873701666534	9.0875
1.0	2.0	0.0	0.010694873701666534	9.0875
1.0	2.0	0.0	0.010463132696189838	8.9125
1.0	2.0	0.0	0.010463132696189838	8.9125
1.0	1.0	0.0	0.006147978144935734	11.6125
1.0	1.0	0.0	0.006147978144935734	11.6125
1.0	1.0	0.0	0.005969064672187162	11.2875
1.0	1.0	0.0	0.005969064672187162	11.2875
1.0	1.0	0.0	0.005997490859645344	11.9
1.0	1.0	0.0	0.005997490859645344	11.9
1.0	1.0	0.0	0.006620491995850565	12.525
1.0	1.0	0.0	0.006620491995850565	12.525
1.0	1.0	0.0	0.007082538661663539	13.4875
1.0	1.0	0.0	0.007082538661663539	13.4875
1.0	1.0	0.0	0.006032602178453241	12.6625
1.0	1.0	0.0	0.006032602178453241	12.6625
1.0	1.0	0.0	0.006034665370615123	13.275
1.0	1.0	0.0	0.006034665370615123	13.275
1.0	2.0	0.0	0.012283170433626022	14.2875
1.0	2.0	0.0	0.012283170433626022	14.2875
1.0	3.0	0.0	0.015126165195549284	8.25
1.0	3.0	0.0	0.015126165195549286	8.25
1.0	3.0	0.0	0.015042457250843692	8.3
1.0	3.0	0.0	0.015042457250843692	8.3
1.0	3.0	0.0	0.015339397676580147	8.7375
1.0	3.0	0.0	0.015339397676580147	8.7375
1.0	2.0	0.0	0.010310111017316381	8.3
1.0	2.0	0.0	0.010374770450556563	8.4875
1.0	2.0	0.0	0.010374770450556563	8.4875
1.0	3.0	0.0	0.016109306716049543	8.9
1.0	3.0	0.0	0.016109306716049543	8.9
1.0	2.0	0.0	0.010531308514562951	8.7
1.0	2.0	0.0	0.010531308514562951	8.7
1.0	3.0	0.0	0.015423512556081233	8.65
1.0	3.0	0.0	0.015423512556081233	8.65
1.0	1.0	0.0	0.006067549886818606	9.8875
1.0	1.0	0.0	0.006067549886818606	9.8875
1.0	3.0	0.0	0.015336009223695988	9.2
1.0	3.0	0.0	0.015336009223695988	9.2
1.0	2.0	0.0	0.010749219125043077	10.0125
1.0	2.0	0.0	0.010749219125043077	10.0125
1.0	4.0	0.0	0.02183502696229033	10.625
1.0	4.0	0.0	0.02183502696229033	10.625
1.0	3.0	0.0	0.015190617068350195	9.6875
1.0	3.0	0.0	0.015190617068350195	9.6875
1.0	2.0	0.0	0.010768289560991424	11.1125
1.0	2.0	0.0	0.010768289560991424	11.1125
1.0	3.0	0.0	0.015399443149075528	10.3
1.0	3.0	0.0	0.015399443149075528	10.3
1.0	3.0	0.0	0.015780158924461406	10.3
1.0	3.0	0.0	0.015780158924461406	10.3
1.0	3.0	0.0	0.01795496581817987	11.5375
1.0	3.0	0.0	0.01795496581817987	11.5375
1.0	3.0	0.0	0.015877944701234797	10.9125
1.0	3.0	0.0	0.015877944701234797	10.9125
1.0	3.0	0.0	0.01539195947351352	10.9125
1.0	3.0	0.0	0.01539195947351352	10.9125
1.0	3.0	0.0	0.015414743271687587	11.525
1.0	3.0	0.0	0.015414743271687587	11.525
1.0	2.0	0.0	0.012994188249738286	12.5
1.0	2.0	0.0	0.012994188249738286	12.5
1.0	3.0	0.0	0.01599207278344468	11.675
1.0	3.0	0.0	0.01599207278344468	11.675
1.0	3.0	0.0	0.016001710429284936	12.2875
1.0	3.0	0.0	0.016001710429284936	12.2875
1.0	3.0	0.0	0.015706042832826776	12.4375
1.0	3.0	0.0	0.015706042832826776	12.4375
1.0	3.0	0.0	0.015700901518435062	13.05
1.0	3.0	0.0	0.015700901518435062	13.05
1.0	3.0	0.0	0.016541320135691685	13.325
1.0	3.0	0.0	0.016541320135691685	13.325
1.0	2.0	0.0	0.011011560437635863	13.9875
1.0	2.0	0.0	0.011011560437635863	13.9875
1.0	2.0	0.0	0.011263665854313579	14.2625
1.0	2.0	0.0	0.011263665854313579	14.2625
1.0	2.0	0.0	0.011257659613147009	14.875
1.0	2.0	0.0	0.011257659613147009	14.875
1.0	1.0	0.0	0.006761626052728874	15.275
1.0	1.0	0.0	0.006761626052728874	15.275
