Constant_feature	Degree	Clustering_coefficient	Pagerank	Aver_path_len
1.0	2.0	1.0	0.02945337832222427	3.64
1.0	2.0	1.0	0.02980833716943504	3.76
1.0	2.0	1.0	0.030859496704859733	4.36
1.0	1.0	0.0	0.01775003944391196	4.52
1.0	2.0	0.0	0.033806902724023376	5.28
1.0	1.0	0.0	0.018959163116286273	6.12
1.0	4.0	0.16666666666666666	0.05635674559744047	2.96
1.0	4.0	0.16666666666666666	0.05698462576873195	3.16
1.0	3.0	0.3333333333333333	0.043089494200699095	3.4
1.0	4.0	0.0	0.060038084642805474	3.04
1.0	4.0	0.16666666666666666	0.060905939262439715	4.0
1.0	3.0	0.3333333333333333	0.044363891473774134	3.8
1.0	3.0	0.3333333333333333	0.04380166764331728	3.44
1.0	3.0	0.0	0.04634744684547862	3.56
1.0	3.0	0.0	0.04500990222831897	3.32
1.0	2.0	0.0	0.030490067391696185	3.52
1.0	2.0	0.0	0.031974256694372566	3.64
1.0	3.0	0.0	0.05320429026863022	4.8
1.0	1.0	0.0	0.01735434115446757	4.0
1.0	3.0	0.0	0.04645202507448987	3.8
1.0	2.0	0.0	0.03248989105046379	4.12
1.0	3.0	0.0	0.047514365527020055	4.4
1.0	1.0	0.0	0.01980643260672599	5.76
1.0	1.0	0.0	0.01980643260672599	5.76
1.0	2.0	0.0	0.032994761976595136	4.6
1.0	3.0	0.0	0.050378020505066234	5.16
