Constant_feature	Degree	Clustering_coefficient	Pagerank	Aver_path_len
1.0	1.0	0.0	0.021952418609634042	7.565217391304348
1.0	1.0	0.0	0.021952418609634042	7.565217391304348
1.0	0.0	0.0	0.0	0.0
1.0	1.0	0.0	0.020902581759045226	4.695652173913044
1.0	3.0	0.0	0.057456095381160754	4.434782608695652
1.0	2.0	0.0	0.03780843995316442	4.434782608695652
1.0	2.0	0.0	0.03780843995316442	4.434782608695652
1.0	3.0	0.0	0.054679447943860454	3.739130434782609
1.0	3.0	0.0	0.054679447943860454	3.739130434782609
1.0	3.0	0.0	0.05578806674493442	3.739130434782609
1.0	1.0	0.0	0.021404167031035506	5.391304347826087
1.0	2.0	0.0	0.037252922500587454	4.086956521739131
1.0	2.0	0.0	0.037252922500587454	4.086956521739131
1.0	3.0	0.0	0.05560714494774903	4.521739130434782
1.0	3.0	0.0	0.05560714494774903	4.521739130434782
1.0	2.0	0.0	0.038529116430034795	5.217391304347826
1.0	2.0	0.0	0.038529116430034795	5.217391304347826
1.0	2.0	0.0	0.038529116430034795	5.217391304347826
1.0	2.0	0.0	0.038529116430034795	5.217391304347826
1.0	2.0	0.0	0.03929082496432672	5.913043478260869
1.0	2.0	0.0	0.03929082496432672	5.913043478260869
1.0	2.0	0.0	0.03929082496432672	5.913043478260869
1.0	2.0	0.0	0.03929082496432672	5.913043478260869
1.0	3.0	0.0	0.05928428779819353	6.608695652173913
1.0	3.0	0.0	0.05928428779819353	6.608695652173913
