Constant_feature	Degree	Clustering_coefficient	Pagerank	Aver_path_len
1.0	2.0	0.0	0.023083170952683335	7.883720930232558
1.0	2.0	0.0	0.022498684543774496	7.186046511627907
1.0	2.0	0.0	0.02283218953083446	7.883720930232558
1.0	2.0	0.0	0.022844289456396688	8.116279069767442
1.0	1.0	0.0	0.011463464549712355	6.209302325581396
1.0	1.0	0.0	0.01165802404569447	7.441860465116279
1.0	2.0	0.0	0.02289937677646951	7.372093023255814
1.0	2.0	0.0	0.02289937677646951	7.372093023255814
1.0	2.0	0.0	0.021648946386938345	7.6976744186046515
1.0	2.0	0.0	0.02383897292104202	9.372093023255815
1.0	1.0	0.0	0.01245963866475335	9.465116279069768
1.0	2.0	0.0	0.020114188711235187	5.046511627906977
1.0	3.0	0.0	0.02883494538961793	4.906976744186046
1.0	2.0	0.0	0.019867551726808038	5.441860465116279
1.0	2.0	0.0	0.019875546158485927	5.790697674418604
1.0	3.0	0.0	0.0285705288639058	5.023255813953488
1.0	3.0	0.0	0.02887544124046429	5.883720930232558
1.0	3.0	0.0	0.028547778190930108	5.651162790697675
1.0	3.0	0.0	0.028479535980011586	5.255813953488372
1.0	3.0	0.0	0.03022841671366855	6.255813953488372
1.0	2.0	0.0	0.020209492354907464	6.5813953488372094
1.0	2.0	0.0	0.020229053860998887	5.744186046511628
1.0	2.0	0.0	0.020158896021924097	6.0
1.0	3.0	0.0	0.030889923247741695	6.953488372093023
1.0	3.0	0.0	0.030913927805457632	7.186046511627907
1.0	3.0	0.0	0.030633795459776406	5.232558139534884
1.0	3.0	0.0	0.03128444824152624	6.465116279069767
1.0	2.0	0.0	0.020760495284598786	6.72093023255814
1.0	3.0	0.0	0.03138770485871901	6.953488372093023
1.0	3.0	0.0	0.029981185176619657	5.511627906976744
1.0	1.0	0.0	0.012397122877848629	8.162790697674419
1.0	2.0	0.0	0.02057335860516511	6.023255813953488
1.0	2.0	0.0	0.02057335860516511	6.023255813953488
1.0	1.0	0.0	0.012547217886061146	8.86046511627907
1.0	1.0	0.0	0.012552661999365094	9.093023255813954
1.0	3.0	0.0	0.031026549500134247	6.441860465116279
1.0	3.0	0.0	0.031026549500134247	6.441860465116279
1.0	3.0	0.0	0.03062779266983994	6.953488372093023
1.0	1.0	0.0	0.012660161668392013	8.86046511627907
1.0	1.0	0.0	0.012578381464495603	8.348837209302326
1.0	1.0	0.0	0.012578381464495603	8.348837209302326
1.0	3.0	0.0	0.033952637344614324	8.488372093023257
1.0	2.0	0.0	0.025284774993106877	10.30232558139535
1.0	1.0	0.0	0.013652061529015944	11.279069767441861
