Constant_feature	Degree	Clustering_coefficient	Pagerank	Aver_path_len
1.0	4.0	0.0	0.0631130063965496	1.4285714285714286
1.0	1.0	0.0	0.017057569296388218	2.2857142857142856
1.0	1.0	0.0	0.017057569296388218	2.2857142857142856
1.0	1.0	0.0	0.017057569296388218	2.2857142857142856
1.0	1.0	0.0	0.017057569296388218	2.2857142857142856
1.0	1.0	0.0	0.017057569296388218	2.2857142857142856
1.0	1.0	0.0	0.017057569296388218	2.2857142857142856
1.0	3.0	0.0	0.03417133551279563	3.8846153846153846
1.0	3.0	0.0	0.03598422954612687	4.423076923076923
1.0	3.0	0.0	0.043126184324482286	6.538461538461538
1.0	3.0	0.0	0.034725394812164086	4.038461538461538
1.0	3.0	0.0	0.03529555450433844	4.538461538461538
1.0	3.0	0.0	0.03381361640431904	3.5384615384615383
1.0	2.0	0.0	0.024746481535985722	4.846153846153846
1.0	2.0	0.0	0.02494487734412778	5.346153846153846
1.0	2.0	0.0	0.025492099277213916	5.653846153846154
1.0	2.0	0.0	0.025554044567318905	6.153846153846154
1.0	3.0	0.0	0.034289983598040634	3.3846153846153846
1.0	3.0	0.0	0.03458258237736225	4.038461538461538
1.0	3.0	0.0	0.034614512075599166	3.8461538461538463
1.0	1.0	0.0	0.01365248007092454	5.384615384615385
1.0	2.0	0.0	0.024644773626797137	4.846153846153846
1.0	2.0	0.0	0.024234294191105583	3.6538461538461537
1.0	2.0	0.0	0.024655238649840344	4.653846153846154
1.0	2.0	0.0	0.02536110014864454	5.653846153846154
1.0	2.0	0.0	0.02536494474745346	5.461538461538462
1.0	3.0	0.0	0.03696309630779063	4.0
1.0	2.0	0.0	0.02578124145393114	4.576923076923077
1.0	2.0	0.0	0.02578124145393114	4.576923076923077
1.0	2.0	0.0	0.026296017244708238	5.153846153846154
1.0	2.0	0.0	0.026296017244708238	5.153846153846154
1.0	3.0	0.0	0.03946479554747759	5.730769230769231
1.0	1.0	0.0	0.015796217430691997	7.5
1.0	1.0	0.0	0.015796217430691997	7.5
1.0	4.0	0.0	0.0631130063965496	1.4285714285714286
