Constant_feature	Degree	Clustering_coefficient	Pagerank	Aver_path_len
1.0	0.0	0.0	0.0	0.0
1.0	1.0	0.0	0.021674123946780595	5.666666666666667
1.0	1.0	0.0	0.021674123946780595	5.666666666666667
1.0	3.0	0.0	0.060765543814853384	5.166666666666667
1.0	2.0	0.0	0.03620320464527822	3.5416666666666665
1.0	2.0	0.0	0.03422326714641271	4.291666666666667
1.0	3.0	0.0	0.058915039468122245	4.708333333333333
1.0	2.0	0.0	0.039324528131899586	4.541666666666667
1.0	2.0	0.0	0.03798663599220916	4.0
1.0	3.0	0.0	0.05036133576608111	3.1666666666666665
1.0	3.0	0.0	0.05012179731944374	3.375
1.0	3.0	0.0	0.050115114594934694	3.625
1.0	2.0	0.0	0.0434120499543018	6.041666666666667
1.0	2.0	0.0	0.0434120499543018	6.041666666666667
1.0	3.0	0.0	0.050372588879996426	3.8333333333333335
1.0	3.0	0.0	0.05036909763436875	4.083333333333333
1.0	3.0	0.0	0.05300153158080147	3.9166666666666665
1.0	2.0	0.0	0.035321857531553896	4.416666666666667
1.0	1.0	0.0	0.02353497100270769	7.0
1.0	1.0	0.0	0.02353497100270769	7.0
1.0	2.0	0.0	0.035414965374747774	4.625
1.0	2.0	0.0	0.03541163670235664	4.875
1.0	2.0	0.0	0.036203650857532084	4.708333333333333
1.0	2.0	0.0	0.03622760626732975	5.166666666666667
1.0	2.0	0.0	0.03619574262131266	5.208333333333333
1.0	2.0	0.0	0.03622256586318538	5.666666666666667
