Constant_feature	Degree	Clustering_coefficient	Pagerank	Aver_path_len
1.0	2.0	0.0	0.031856423088785196	5.714285714285714
1.0	1.0	0.0	0.01913384271036598	8.107142857142858
1.0	1.0	0.0	0.01814897256411002	5.178571428571429
1.0	1.0	0.0	0.018237136116351863	5.214285714285714
1.0	1.0	0.0	0.01795433502132017	5.642857142857143
1.0	2.0	0.0	0.03206786579712238	4.321428571428571
1.0	2.0	0.0	0.03226127906529254	6.392857142857143
1.0	1.0	0.0	0.01913384271036598	8.107142857142858
1.0	3.0	0.0	0.047528771033013686	5.107142857142857
1.0	3.0	0.0	0.047528771033013686	5.107142857142857
1.0	3.0	0.0	0.05198465777016967	5.928571428571429
1.0	3.0	0.0	0.05198465777016967	5.928571428571429
1.0	3.0	0.0	0.04639407473725603	4.5
1.0	2.0	0.0	0.032366129606530486	5.928571428571429
1.0	2.0	0.0	0.032366129606530486	5.928571428571429
1.0	1.0	0.0	0.019044400044994865	6.892857142857143
1.0	1.0	0.0	0.019044400044994865	6.892857142857143
1.0	1.0	0.0	0.019044400044994865	6.892857142857143
1.0	1.0	0.0	0.019044400044994865	6.892857142857143
1.0	2.0	0.0	0.032579231372081886	6.535714285714286
1.0	3.0	0.0	0.04900066804820666	4.214285714285714
1.0	3.0	0.0	0.049297542085066745	4.25
1.0	2.0	0.0	0.03274319527560307	4.428571428571429
1.0	3.0	0.0	0.048354232134239755	4.678571428571429
1.0	3.0	0.0	0.046706616917011556	5.071428571428571
1.0	3.0	0.0	0.04805676118550603	5.75
1.0	3.0	0.0	0.04798677233184343	6.321428571428571
1.0	1.0	0.0	0.017865232261363963	6.714285714285714
1.0	3.0	0.0	0.05228525957869945	7.142857142857143
