Constant_feature	Degree	Clustering_coefficient	Pagerank	Aver_path_len
1.0	1.0	0.0	0.010750072098551715	5.613636363636363
1.0	1.0	0.0	0.010750072098551715	5.613636363636363
1.0	1.0	0.0	0.010788611038747706	5.795454545454546
1.0	1.0	0.0	0.010788611038747706	5.795454545454546
1.0	2.0	0.0	0.022596178195776043	7.931818181818182
1.0	3.0	0.0	0.027623447488396895	5.068181818181818
1.0	3.0	0.0	0.027623447488396895	5.068181818181818
1.0	3.0	0.0	0.02718512536345913	3.9545454545454546
1.0	3.0	0.0	0.027472373521793443	4.159090909090909
1.0	3.0	0.0	0.027472373521793443	4.159090909090909
1.0	3.0	0.0	0.02826868236149307	4.613636363636363
1.0	3.0	0.0	0.02842483936987577	4.636363636363637
1.0	3.0	0.0	0.02842483936987577	4.636363636363637
1.0	3.0	0.0	0.02855330774043292	4.818181818181818
1.0	3.0	0.0	0.02855330774043292	4.818181818181818
1.0	3.0	0.0	0.02793604345788345	5.25
1.0	3.0	0.0	0.02793604345788345	5.25
1.0	3.0	0.0	0.027690396618053087	5.7272727272727275
1.0	3.0	0.0	0.027690396618053087	5.7272727272727275
1.0	2.0	0.0	0.019877643775451814	5.409090909090909
1.0	2.0	0.0	0.019877643775451814	5.409090909090909
1.0	3.0	0.0	0.028551462793195558	5.818181818181818
1.0	3.0	0.0	0.028551462793195558	5.818181818181818
1.0	2.0	0.0	0.01964334116225741	6.136363636363637
1.0	2.0	0.0	0.01964334116225741	6.136363636363637
1.0	2.0	0.0	0.019558983067711755	6.613636363636363
1.0	2.0	0.0	0.019558983067711755	6.613636363636363
1.0	2.0	0.0	0.020389969609971317	6.204545454545454
1.0	2.0	0.0	0.020389969609971317	6.204545454545454
1.0	3.0	0.0	0.030740516836245322	7.0
1.0	2.0	0.0	0.0200913671253104	7.0227272727272725
1.0	2.0	0.0	0.0200913671253104	7.0227272727272725
1.0	2.0	0.0	0.020064066510079435	7.5
1.0	2.0	0.0	0.020064066510079435	7.5
1.0	2.0	0.0	0.02004826941673338	6.704545454545454
1.0	2.0	0.0	0.02004826941673338	6.704545454545454
1.0	2.0	0.0	0.02004826941673338	6.704545454545454
1.0	2.0	0.0	0.02004826941673338	6.704545454545454
1.0	2.0	0.0	0.020577287276111675	7.590909090909091
1.0	2.0	0.0	0.020577287276111675	7.590909090909091
1.0	2.0	0.0	0.020577287276111675	7.590909090909091
1.0	2.0	0.0	0.020577287276111675	7.590909090909091
1.0	2.0	0.0	0.02074261419309128	8.477272727272727
1.0	2.0	0.0	0.02074261419309128	8.477272727272727
1.0	1.0	0.0	0.012390191330038314	8.909090909090908
