Constant_feature	Degree	Clustering_coefficient	Pagerank	Aver_path_len
1.0	4.0	0.0	0.1023819056063235	2.888888888888889
1.0	1.0	0.0	0.029631561811968472	4.444444444444445
1.0	1.0	0.0	0.029631561811968472	4.444444444444445
1.0	1.0	0.0	0.029631561811968472	4.444444444444445
1.0	2.0	0.0	0.048472054036460335	2.611111111111111
1.0	1.0	0.0	0.02875103751076739	4.555555555555555
1.0	1.0	0.0	0.028299727556863725	3.8333333333333335
1.0	1.0	0.0	0.028299727556863725	3.8333333333333335
1.0	2.0	0.0	0.052195993045851596	3.611111111111111
1.0	3.0	0.0	0.0681335133920595	3.3333333333333335
1.0	4.0	0.0	0.08965463629609689	2.4444444444444446
1.0	4.0	0.0	0.09451049224032533	3.2222222222222223
1.0	2.0	0.0	0.04587574026922902	3.0555555555555554
1.0	2.0	0.0	0.04658228261127303	3.6666666666666665
1.0	2.0	0.0	0.046397342224652645	3.2222222222222223
1.0	3.0	0.0	0.0701879186210148	2.7777777777777777
1.0	1.0	0.0	0.02652771252538763	4.166666666666667
1.0	1.0	0.0	0.02652771252538763	4.166666666666667
1.0	4.0	0.0	0.10830751854553769	3.5
