Constant_feature	Degree	Clustering_coefficient	Pagerank	Aver_path_len
1.0	0.0	0.0	0.0	0.0
1.0	2.0	0.0	0.05	5.2631578947368425
1.0	2.0	0.0	0.05	5.2631578947368425
1.0	2.0	0.0	0.05	5.2631578947368425
1.0	2.0	0.0	0.05	5.2631578947368425
1.0	2.0	0.0	0.05	5.2631578947368425
1.0	2.0	0.0	0.05	5.2631578947368425
1.0	2.0	0.0	0.05	5.2631578947368425
1.0	2.0	0.0	0.05	5.2631578947368425
1.0	2.0	0.0	0.05	5.2631578947368425
1.0	2.0	0.0	0.05	5.2631578947368425
1.0	2.0	0.0	0.05	5.2631578947368425
1.0	2.0	0.0	0.05	5.2631578947368425
1.0	2.0	0.0	0.05	5.2631578947368425
1.0	2.0	0.0	0.05	5.2631578947368425
1.0	2.0	0.0	0.05	5.2631578947368425
1.0	2.0	0.0	0.05	5.2631578947368425
1.0	2.0	0.0	0.05	5.2631578947368425
1.0	2.0	0.0	0.05	5.2631578947368425
1.0	2.0	0.0	0.05	5.2631578947368425
1.0	2.0	0.0	0.05	5.2631578947368425
