Constant_feature	Degree	Clustering_coefficient	Pagerank	Aver_path_len
1.0	2.0	0.0	0.03830524946814854	4.409090909090909
1.0	1.0	0.0	0.02183727428647805	4.5
1.0	1.0	0.0	0.021671995470358373	4.954545454545454
1.0	2.0	0.0	0.04548923299012622	5.136363636363637
1.0	1.0	0.0	0.023759816742724166	5.318181818181818
1.0	2.0	0.0	0.0391989749375108	3.6818181818181817
1.0	1.0	0.0	0.021709526737989277	4.2272727272727275
1.0	3.0	0.0	0.054539665182680094	3.090909090909091
1.0	4.0	0.0	0.07716136225883005	3.272727272727273
1.0	2.0	0.0	0.038071814153840824	3.227272727272727
1.0	3.0	0.0	0.05552373108573144	3.5
1.0	3.0	0.0	0.05467855870029337	3.5
1.0	3.0	0.0	0.058296861355149956	3.5454545454545454
1.0	2.0	0.0	0.041121517393756926	3.772727272727273
1.0	3.0	0.0	0.05774594464070439	4.0
1.0	3.0	0.0	0.05544289918126821	4.0
1.0	2.0	0.0	0.03852179391773762	4.2727272727272725
1.0	3.0	0.0	0.06470529155148752	4.363636363636363
1.0	2.0	0.0	0.03878954948650405	4.7727272727272725
1.0	2.0	0.0	0.03949148668840902	5.045454545454546
1.0	2.0	0.0	0.0395735252980885	5.545454545454546
1.0	2.0	0.0	0.04828668613782387	6.0
1.0	1.0	0.0	0.026077242334358576	6.954545454545454
