Constant_feature	Degree	Clustering_coefficient	Pagerank	Aver_path_len
1.0	2.0	0.0	0.03291563688505174	7.346153846153846
1.0	2.0	0.0	0.032958641156046214	8.038461538461538
1.0	1.0	0.0	0.018926909654645167	5.6923076923076925
1.0	1.0	0.0	0.019359757284014397	5.5
1.0	1.0	0.0	0.01953366553610838	5.5
1.0	2.0	0.0	0.032709983060187964	6.461538461538462
1.0	3.0	0.0	0.04720432514222771	5.615384615384615
1.0	3.0	0.0	0.04783629546539445	5.076923076923077
1.0	3.0	0.0	0.04752611591054033	6.3076923076923075
1.0	2.0	0.0	0.03277441765860084	5.846153846153846
1.0	2.0	0.0	0.03309162199474971	6.423076923076923
1.0	3.0	0.0	0.050745694360391544	4.730769230769231
1.0	2.0	0.0	0.03320443623017387	7.115384615384615
1.0	3.0	0.0	0.04735330081025145	6.5
1.0	3.0	0.0	0.0474949601770291	7.1923076923076925
1.0	3.0	0.0	0.04836507681634268	5.346153846153846
1.0	2.0	0.0	0.03241848112824907	5.923076923076923
1.0	2.0	0.0	0.03383793412215602	7.230769230769231
1.0	3.0	0.0	0.05218470245084976	4.538461538461538
1.0	2.0	0.0	0.03518971911641907	4.5
1.0	2.0	0.0	0.03387238165432635	7.923076923076923
1.0	2.0	0.0	0.03278801095695726	6.615384615384615
1.0	2.0	0.0	0.032967014981782616	6.038461538461538
1.0	2.0	0.0	0.033347139516424686	8.115384615384615
1.0	2.0	0.0	0.033858919054932705	5.0
1.0	3.0	0.0	0.05276408582119048	4.538461538461538
1.0	2.0	0.0	0.034770773054956176	4.730769230769231
