Constant_feature	Degree	Clustering_coefficient	Pagerank	Aver_path_len
1.0	2.0	0.0	0.057833641051609694	4.266666666666667
1.0	2.0	0.0	0.0660301979786298	3.8
1.0	1.0	0.0	0.03366303525822891	3.933333333333333
1.0	2.0	0.0	0.05633820452733611	2.8666666666666667
1.0	1.0	0.0	0.03467988342394468	4.8
1.0	3.0	0.0	0.0812411935144178	2.4
1.0	3.0	0.0	0.08372221301719494	2.466666666666667
1.0	3.0	0.0	0.08173918842756597	2.8
1.0	2.0	0.0	0.05708326578821952	2.933333333333333
1.0	3.0	0.0	0.08571903828843128	3.066666666666667
1.0	2.0	0.0	0.05679697738711473	3.533333333333333
1.0	2.0	0.0	0.056796977387114735	3.533333333333333
1.0	3.0	0.0	0.0913795082584396	3.0
1.0	2.0	0.0	0.057833641051609694	4.266666666666667
1.0	2.0	0.0	0.0631784011187073	3.8666666666666667
1.0	1.0	0.0	0.03596463352143507	4.733333333333333
