Constant_feature	Degree	Clustering_coefficient	Pagerank	Aver_path_len
1.0	4.0	0.0	0.05127133607384056	9.289473684210526
1.0	4.0	0.0	0.05132448846745512	9.368421052631579
1.0	1.0	0.0	0.01281231995276978	6.605263157894737
1.0	1.0	0.0	0.014100709236346976	10.263157894736842
1.0	1.0	0.0	0.014100709236346976	10.263157894736842
1.0	1.0	0.0	0.01411288182620792	10.342105263157896
1.0	1.0	0.0	0.01411288182620792	10.342105263157896
1.0	2.0	0.0	0.021545926210904336	5.7631578947368425
1.0	2.0	0.0	0.02224027698790386	5.552631578947368
1.0	2.0	0.0	0.022727202598659284	6.0
1.0	2.0	0.0	0.023034878307045675	6.078947368421052
1.0	1.0	0.0	0.014100709236346976	10.263157894736842
1.0	1.0	0.0	0.01411288182620792	10.342105263157896
1.0	3.0	0.0	0.031408611178545764	5.131578947368421
1.0	3.0	0.0	0.03149729425836964	5.157894736842105
1.0	3.0	0.0	0.031381582062629504	5.105263157894737
1.0	3.0	0.0	0.03167499846017935	5.815789473684211
1.0	3.0	0.0	0.031890386508218314	5.7894736842105265
1.0	3.0	0.0	0.032332350245352255	5.2894736842105265
1.0	2.0	0.0	0.02217898510746322	6.0
1.0	2.0	0.0	0.022432147010406384	6.684210526315789
1.0	2.0	0.0	0.02245595347897886	6.157894736842105
1.0	2.0	0.0	0.02265018476811336	6.184210526315789
1.0	2.0	0.0	0.022507440035393705	6.657894736842105
1.0	3.0	0.0	0.03415944918992869	5.631578947368421
1.0	2.0	0.0	0.02303476215688917	7.552631578947368
1.0	2.0	0.0	0.023057969088725698	7.526315789473684
1.0	3.0	0.0	0.03384821895840464	6.5
1.0	3.0	0.0	0.03407315500257932	6.578947368421052
1.0	2.0	0.0	0.023397779016169136	7.157894736842105
1.0	2.0	0.0	0.023397779016169136	7.157894736842105
1.0	3.0	0.0	0.035458369615351495	8.473684210526315
1.0	3.0	0.0	0.035528842947937234	8.552631578947368
1.0	2.0	0.0	0.02372967132435621	7.815789473684211
1.0	2.0	0.0	0.02372967132435621	7.815789473684211
1.0	2.0	0.0	0.023494641479243114	7.2368421052631575
1.0	2.0	0.0	0.023494641479243114	7.2368421052631575
1.0	2.0	0.0	0.02379395725037645	7.894736842105263
1.0	2.0	0.0	0.02379395725037645	7.894736842105263
