Constant_feature	Degree	Clustering_coefficient	Pagerank	Aver_path_len
1.0	2.0	0.0	0.024501297649381693	5.428571428571429
1.0	1.0	0.0	0.013864642227714285	5.885714285714286
1.0	2.0	0.0	0.029137866193419206	6.514285714285714
1.0	2.0	0.0	0.026039722587997693	5.771428571428571
1.0	1.0	0.0	0.014837035160079505	6.571428571428571
1.0	1.0	0.0	0.014407508076552101	6.171428571428572
1.0	2.0	0.0	0.025118819037920168	4.742857142857143
1.0	3.0	0.0	0.03541177739586619	4.3428571428571425
1.0	2.0	0.0	0.024079404469179503	4.571428571428571
1.0	3.0	0.0	0.03570465700807018	4.3428571428571425
1.0	3.0	0.0	0.03559426549078488	4.8
1.0	3.0	0.0	0.036514664755501997	4.8
1.0	2.0	0.0	0.02444362439151901	4.571428571428571
1.0	3.0	0.0	0.03695694081112777	4.914285714285715
1.0	3.0	0.0	0.036922752849515836	5.6
1.0	3.0	0.0	0.04019793303485133	5.6
1.0	3.0	0.0	0.03876671955275554	5.2
1.0	3.0	0.0	0.03682103301605451	6.114285714285714
1.0	2.0	0.0	0.02562096659774966	6.457142857142857
1.0	2.0	0.0	0.02562096659774966	6.457142857142857
1.0	2.0	0.0	0.02557255888365623	6.9714285714285715
1.0	2.0	0.0	0.02557255888365623	6.9714285714285715
1.0	2.0	0.0	0.026145846011054	7.314285714285714
1.0	2.0	0.0	0.026145846011054	7.314285714285714
1.0	2.0	0.0	0.02630984393301658	8.17142857142857
1.0	2.0	0.0	0.025850260113369945	6.4
1.0	1.0	0.0	0.015889940028730454	7.485714285714286
1.0	2.0	0.0	0.02611169420928472	7.828571428571428
1.0	2.0	0.0	0.02611169420928472	7.828571428571428
1.0	2.0	0.0	0.02627633907322953	8.685714285714285
1.0	3.0	0.0	0.037846021172208054	7.085714285714285
1.0	2.0	0.0	0.026041051653867484	7.942857142857143
1.0	2.0	0.0	0.026041051653867484	7.942857142857143
1.0	2.0	0.0	0.026463440124803957	8.8
1.0	2.0	0.0	0.026463440124803957	8.8
1.0	2.0	0.0	0.02659581701032167	9.657142857142857
