Constant_feature	Degree	Clustering_coefficient	Pagerank	Aver_path_len
1.0	2.0	0.0	0.038118715607973655	3.6363636363636362
1.0	1.0	0.0	0.022120650603605758	5.590909090909091
1.0	1.0	0.0	0.021297830555234678	4.318181818181818
1.0	1.0	0.0	0.021351513662752775	4.545454545454546
1.0	3.0	0.0	0.056363318037647214	3.909090909090909
1.0	3.0	0.0	0.05517916715819885	3.409090909090909
1.0	3.0	0.0	0.05454667960283502	3.0454545454545454
1.0	2.0	0.0	0.037266340058061544	3.272727272727273
1.0	3.0	0.0	0.054932791950891735	3.272727272727273
1.0	2.0	0.0	0.03930777147015111	4.7272727272727275
1.0	2.0	0.0	0.04011369406462193	5.5
1.0	2.0	0.0	0.040171778020270346	5.454545454545454
1.0	3.0	0.0	0.05924238289968423	4.636363636363637
1.0	3.0	0.0	0.057388021923829906	3.409090909090909
1.0	3.0	0.0	0.056501652427232284	3.3636363636363638
1.0	3.0	0.0	0.056677299882211526	3.590909090909091
1.0	3.0	0.0	0.05540104286790856	3.6818181818181817
1.0	3.0	0.0	0.05544918888448684	3.909090909090909
1.0	1.0	0.0	0.021564653005982058	4.363636363636363
1.0	2.0	0.0	0.038821142945679954	4.454545454545454
1.0	2.0	0.0	0.038836234089306365	4.681818181818182
1.0	2.0	0.0	0.0396709778606984	5.2272727272727275
1.0	2.0	0.0	0.03967715242073508	5.454545454545454
