Constant_feature	Degree	Clustering_coefficient	Pagerank	Aver_path_len
1.0	2.0	0.0	0.038218990308469404	3.6818181818181817
1.0	2.0	0.0	0.0381976990915313	3.9545454545454546
1.0	1.0	0.0	0.021918839641707807	5.454545454545454
1.0	1.0	0.0	0.02134667798278757	4.045454545454546
1.0	1.0	0.0	0.02121831801033035	4.0
1.0	2.0	0.0	0.03885749953083909	3.9545454545454546
1.0	3.0	0.0	0.05513094518618543	3.6363636363636362
1.0	3.0	0.0	0.05426383595092112	3.227272727272727
1.0	4.0	0.0	0.07702708941449313	3.272727272727273
1.0	3.0	0.0	0.05395637679557801	2.8181818181818183
1.0	3.0	0.0	0.05486559046449094	2.8636363636363638
1.0	2.0	0.0	0.038458420221613124	4.363636363636363
1.0	1.0	0.0	0.02167940972856409	4.2272727272727275
1.0	1.0	0.0	0.02167940972856409	4.2272727272727275
1.0	3.0	0.0	0.058569977987834754	4.5
1.0	3.0	0.0	0.05666118746966406	3.090909090909091
1.0	3.0	0.0	0.05623648785378307	3.0454545454545454
1.0	3.0	0.0	0.055477121544331515	3.3181818181818183
1.0	3.0	0.0	0.05534638200156333	3.272727272727273
1.0	2.0	0.0	0.03894574328380658	4.0
1.0	3.0	0.0	0.05985241106094917	4.681818181818182
1.0	2.0	0.0	0.03978849806380341	4.636363636363637
1.0	1.0	0.0	0.022303088678188508	5.636363636363637
