Constant_feature	Degree	Clustering_coefficient	Pagerank	Aver_path_len
1.0	2.0	0.0	0.023703470351906404	3.9705882352941178
1.0	2.0	0.0	0.027896084568758743	5.205882352941177
1.0	1.0	0.0	0.013793527633431689	5.852941176470588
1.0	3.0	0.0	0.03324399429163194	3.411764705882353
1.0	3.0	0.0	0.03303674992473089	3.5588235294117645
1.0	2.0	0.0	0.028144767306655043	5.382352941176471
1.0	2.0	0.0	0.024597786484925444	5.352941176470588
1.0	4.0	0.0	0.04669215842757292	3.676470588235294
1.0	3.0	0.0	0.03723509292820221	4.294117647058823
1.0	3.0	0.0	0.03446458970525701	3.823529411764706
1.0	3.0	0.0	0.037721841683496	4.470588235294118
1.0	2.0	0.0	0.024514528496520412	4.4411764705882355
1.0	3.0	0.0	0.03235944965701974	3.2941176470588234
1.0	3.0	0.0	0.03231328799868802	3.3529411764705883
1.0	3.0	0.0	0.032784541747454855	3.6470588235294117
1.0	3.0	0.0	0.03279155422502385	3.7058823529411766
1.0	3.0	0.0	0.03390757761391413	3.8823529411764706
1.0	1.0	0.0	0.013363511791604263	4.647058823529412
1.0	3.0	0.0	0.03381774240421767	4.029411764705882
1.0	3.0	0.0	0.033787926069685226	4.029411764705882
1.0	3.0	0.0	0.033611089892870157	4.0
1.0	3.0	0.0	0.03371435759344432	4.0588235294117645
1.0	3.0	0.0	0.033754290219082	4.176470588235294
1.0	2.0	0.0	0.024009430337990977	4.852941176470588
1.0	2.0	0.0	0.02431492946699614	4.735294117647059
1.0	3.0	0.0	0.03645454765363313	4.882352941176471
1.0	2.0	0.0	0.024272355091302236	4.882352941176471
1.0	2.0	0.0	0.0242757958811173	4.882352941176471
1.0	2.0	0.0	0.02425283927809245	5.029411764705882
1.0	1.0	0.0	0.015521339788583593	6.352941176470588
1.0	1.0	0.0	0.015411296914665383	6.176470588235294
1.0	2.0	0.0	0.025077589970135594	5.588235294117647
1.0	2.0	0.0	0.025065172722559075	5.735294117647059
1.0	2.0	0.0	0.02505056286796676	5.735294117647059
1.0	2.0	0.0	0.02504421901086424	5.882352941176471
