Constant_feature	Degree	Clustering_coefficient	Pagerank	Aver_path_len
1.0	1.0	0.0	0.01634419160799714	6.068965517241379
1.0	1.0	0.0	0.01657869540581225	6.620689655172414
1.0	1.0	0.0	0.017344444049062338	7.517241379310345
1.0	3.0	0.0	0.04360355533417825	5.0344827586206895
1.0	3.0	0.0	0.042664358223208916	5.413793103448276
1.0	3.0	0.0	0.043582778476339346	5.9655172413793105
1.0	4.0	0.0	0.055676329556462886	4.827586206896552
1.0	2.0	0.0	0.029150138376047626	4.896551724137931
1.0	2.0	0.0	0.029150138376047626	4.896551724137931
1.0	2.0	0.0	0.029106081241272404	5.379310344827586
1.0	2.0	0.0	0.029531231388095193	4.9655172413793105
1.0	2.0	0.0	0.029531231388095193	4.9655172413793105
1.0	3.0	0.0	0.04336996491843859	5.103448275862069
1.0	3.0	0.0	0.04415105899067674	5.655172413793103
1.0	2.0	0.0	0.03042405936319501	5.310344827586207
1.0	2.0	0.0	0.030500064363934633	6.758620689655173
1.0	2.0	0.0	0.030500064363934633	6.758620689655173
1.0	2.0	0.0	0.031315423336931124	7.551724137931035
1.0	2.0	0.0	0.031315423336931124	7.551724137931035
1.0	2.0	0.0	0.03113503829094253	5.655172413793103
1.0	2.0	0.0	0.031682299305463194	8.344827586206897
1.0	2.0	0.0	0.031682299305463194	8.344827586206897
1.0	2.0	0.0	0.03135453919345372	6.068965517241379
1.0	3.0	0.0	0.04670660287608638	6.551724137931035
1.0	3.0	0.0	0.045503733078240446	7.172413793103448
1.0	2.0	0.0	0.03129025493393807	8.0
1.0	2.0	0.0	0.03129025493393807	8.0
1.0	2.0	0.0	0.031786353180352105	8.827586206896552
1.0	2.0	0.0	0.031786353180352105	8.827586206896552
1.0	2.0	0.0	0.03194303962510929	9.655172413793103
