Constant_feature	Degree	Clustering_coefficient	Pagerank	Aver_path_len
1.0	2.0	0.0	0.028844436453186517	6.818181818181818
1.0	2.0	0.0	0.028844436453186517	6.818181818181818
1.0	2.0	0.0	0.028844436453186517	6.818181818181818
1.0	2.0	0.0	0.028844436453186517	6.818181818181818
1.0	1.0	0.0	0.015164232259923634	6.393939393939394
1.0	1.0	0.0	0.015164232259923634	6.393939393939394
1.0	2.0	0.0	0.026450047280850028	5.242424242424242
1.0	2.0	0.0	0.03135029919742171	8.454545454545455
1.0	2.0	0.0	0.03135029919742171	8.454545454545455
1.0	2.0	0.0	0.03135029919742171	8.454545454545455
1.0	2.0	0.0	0.03135029919742171	8.454545454545455
1.0	2.0	0.0	0.033101465929751966	9.363636363636363
1.0	2.0	0.0	0.033101465929751966	9.363636363636363
1.0	2.0	0.0	0.033101465929751966	9.363636363636363
1.0	2.0	0.0	0.033101465929751966	9.363636363636363
1.0	2.0	0.0	0.03002790537316325	7.606060606060606
1.0	2.0	0.0	0.03002790537316325	7.606060606060606
1.0	2.0	0.0	0.03002790537316325	7.606060606060606
1.0	2.0	0.0	0.03002790537316325	7.606060606060606
1.0	3.0	0.0	0.041299344041385744	6.090909090909091
1.0	3.0	0.0	0.041299344041385744	6.090909090909091
1.0	1.0	0.0	0.01783729012693659	10.333333333333334
1.0	1.0	0.0	0.01783729012693659	10.333333333333334
1.0	1.0	0.0	0.01783729012693659	10.333333333333334
1.0	1.0	0.0	0.01783729012693659	10.333333333333334
1.0	2.0	0.0	0.027554483172036796	5.7272727272727275
1.0	2.0	0.0	0.027554483172036796	5.7272727272727275
1.0	3.0	0.0	0.04074205532940014	5.424242424242424
1.0	3.0	0.0	0.04074205532940014	5.424242424242424
1.0	3.0	0.0	0.03918290786785079	5.242424242424242
1.0	3.0	0.0	0.03918290786785079	5.242424242424242
1.0	2.0	0.0	0.026922852741849752	6.090909090909091
1.0	2.0	0.0	0.026922852741849752	6.090909090909091
1.0	2.0	0.0	0.027172613572416005	6.090909090909091
