Constant_feature	Degree	Clustering_coefficient	Pagerank	Aver_path_len
1.0	2.0	0.0	0.03621952666220195	4.391304347826087
1.0	2.0	0.0	0.04197603902999547	6.782608695652174
1.0	1.0	0.0	0.021540855837399342	4.869565217391305
1.0	2.0	0.0	0.03622265322746302	4.478260869565218
1.0	2.0	0.0	0.03765377967257694	3.9130434782608696
1.0	1.0	0.0	0.02332610202229561	5.913043478260869
1.0	3.0	0.0	0.05313317934925429	4.695652173913044
1.0	3.0	0.0	0.05314378063213528	4.782608695652174
1.0	2.0	0.0	0.037165681097851413	5.304347826086956
1.0	2.0	0.0	0.03719283556806889	5.391304347826087
1.0	3.0	0.0	0.05371051486190722	4.0
1.0	3.0	0.0	0.05686348626968035	5.913043478260869
1.0	2.0	0.0	0.0379625791311617	6.0
1.0	3.0	0.0	0.05661071621187318	5.043478260869565
1.0	3.0	0.0	0.057915785619517504	3.9130434782608696
1.0	3.0	0.0	0.05805510556935356	4.086956521739131
1.0	2.0	0.0	0.03856782628030757	4.521739130434782
1.0	2.0	0.0	0.038989713775852745	5.826086956521739
1.0	2.0	0.0	0.038989713775852745	5.826086956521739
1.0	2.0	0.0	0.03964069715207595	6.608695652173913
1.0	2.0	0.0	0.03964069715207595	6.608695652173913
1.0	2.0	0.0	0.03984483050635022	7.391304347826087
1.0	1.0	0.0	0.023055838756241946	7.739130434782608
1.0	2.0	0.0	0.04257806183850695	4.956521739130435
