Constant_feature	Degree	Clustering_coefficient	Pagerank	Aver_path_len
1.0	1.0	0.0	0.016300814635607817	8.064516129032258
1.0	1.0	0.0	0.015743374440704363	6.483870967741935
1.0	1.0	0.0	0.01571411359729041	6.548387096774194
1.0	2.0	0.0	0.026937628704474383	4.806451612903226
1.0	2.0	0.0	0.026979025331172423	5.129032258064516
1.0	2.0	0.0	0.027072531970073165	4.225806451612903
1.0	2.0	0.0	0.027475523931584634	5.32258064516129
1.0	2.0	0.0	0.027277950582890852	4.483870967741935
1.0	1.0	0.0	0.016996114181561953	6.709677419354839
1.0	3.0	0.0	0.038258443686673055	4.0
1.0	3.0	0.0	0.039095759483910406	4.193548387096774
1.0	3.0	0.0	0.03890651292402237	4.032258064516129
1.0	3.0	0.0	0.03910641314542524	4.67741935483871
1.0	3.0	0.0	0.04030453062484332	4.774193548387097
1.0	3.0	0.0	0.04134362962314826	4.838709677419355
1.0	3.0	0.0	0.04206004045315288	5.516129032258065
1.0	3.0	0.0	0.03971057416389619	5.387096774193548
1.0	3.0	0.0	0.039903033930364484	4.806451612903226
1.0	3.0	0.0	0.04023022882540013	6.096774193548387
1.0	2.0	0.0	0.028276913658542003	5.548387096774194
1.0	2.0	0.0	0.028276913658542003	5.548387096774194
1.0	3.0	0.0	0.04196250425043898	5.580645161290323
1.0	2.0	0.0	0.02788155431152628	6.225806451612903
1.0	2.0	0.0	0.027918292937911895	6.870967741935484
1.0	2.0	0.0	0.029026009447588506	6.32258064516129
1.0	2.0	0.0	0.029026009447588506	6.32258064516129
1.0	2.0	0.0	0.0280615452502992	6.935483870967742
1.0	2.0	0.0	0.02827772196419125	6.290322580645161
1.0	3.0	0.0	0.043917266669004945	7.096774193548387
1.0	2.0	0.0	0.02853917610737211	7.064516129032258
1.0	2.0	0.0	0.02859609165420209	7.774193548387097
1.0	2.0	0.0	0.03082375640659572	5.741935483870968
