Constant_feature	Degree	Clustering_coefficient	Pagerank	Aver_path_len
1.0	2.0	0.0	0.036138772483258225	3.5652173913043477
1.0	2.0	0.0	0.03745467800889695	4.0
1.0	1.0	0.0	0.021425299590812425	4.6521739130434785
1.0	1.0	0.0	0.02126059678905482	5.217391304347826
1.0	3.0	0.0	0.05255057147277403	3.347826086956522
1.0	3.0	0.0	0.05309052055766144	3.5652173913043477
1.0	3.0	0.0	0.05402303788999256	3.4782608695652173
1.0	2.0	0.0	0.036301173229158004	3.6956521739130435
1.0	3.0	0.0	0.053979202104575935	3.391304347826087
1.0	4.0	0.0	0.07670667019400941	3.6956521739130435
1.0	3.0	0.0	0.05731235296444373	3.6956521739130435
1.0	3.0	0.0	0.056079475943980675	4.173913043478261
1.0	2.0	0.0	0.039480254256670705	4.086956521739131
1.0	2.0	0.0	0.03939263111832296	4.086956521739131
1.0	1.0	0.0	0.021425299590812425	4.6521739130434785
1.0	3.0	0.0	0.05697873497680997	4.260869565217392
1.0	1.0	0.0	0.021359929598058214	4.6521739130434785
1.0	2.0	0.0	0.0400740101180678	4.391304347826087
1.0	2.0	0.0	0.040123382364051885	4.434782608695652
1.0	1.0	0.0	0.020990228755300773	5.130434782608695
1.0	2.0	0.0	0.04039883550406165	4.608695652173913
1.0	2.0	0.0	0.040421088649655185	4.695652173913044
1.0	3.0	0.0	0.060667119855773124	4.739130434782608
1.0	1.0	0.0	0.02236613398379691	5.695652173913044
