Constant_feature	Degree	Clustering_coefficient	Pagerank	Aver_path_len
1.0	2.0	0.0	0.039863972913562834	4.2727272727272725
1.0	2.0	0.0	0.03905774528323719	3.9545454545454546
1.0	2.0	0.0	0.03901476567516681	3.9545454545454546
1.0	1.0	0.0	0.0215999661598201	4.454545454545454
1.0	1.0	0.0	0.02165183460373658	4.090909090909091
1.0	1.0	0.0	0.0227004915260245	5.7272727272727275
1.0	1.0	0.0	0.0227004915260245	5.7272727272727275
1.0	2.0	0.0	0.041053156965092485	5.454545454545454
1.0	3.0	0.0	0.05648035644198758	3.1818181818181817
1.0	4.0	0.0	0.07667529561666417	3.5
1.0	3.0	0.0	0.057678583022485616	3.1363636363636362
1.0	3.0	0.0	0.05633763063125354	3.1818181818181817
1.0	3.0	0.0	0.05709358296077281	3.5
1.0	3.0	0.0	0.060017977711643106	4.136363636363637
1.0	3.0	0.0	0.061000195304385885	4.863636363636363
1.0	2.0	0.0	0.03982916497804348	4.181818181818182
1.0	2.0	0.0	0.03982916497804348	4.181818181818182
1.0	2.0	0.0	0.04058659504737251	4.954545454545454
1.0	2.0	0.0	0.039481330427841924	4.0
1.0	1.0	0.0	0.022353096961747743	5.090909090909091
1.0	3.0	0.0	0.06117333712600605	4.7727272727272725
1.0	3.0	0.0	0.06117333712600605	4.7727272727272725
1.0	1.0	0.0	0.022647927013081003	5.818181818181818
