Constant_feature	Degree	Clustering_coefficient	Pagerank	Aver_path_len
1.0	2.0	0.0	0.0334133928090961	6.793103448275862
1.0	1.0	0.0	0.01805577899367172	6.862068965517241
1.0	1.0	0.0	0.01805577899367172	6.862068965517241
1.0	2.0	0.0	0.03326486803657991	6.172413793103448
1.0	2.0	0.0	0.02996465653433857	4.379310344827586
1.0	2.0	0.0	0.028491912124370015	5.413793103448276
1.0	3.0	0.0	0.049073475815845244	5.896551724137931
1.0	2.0	0.0	0.03430107652217868	7.482758620689655
1.0	2.0	0.0	0.03507695006683844	8.241379310344827
1.0	2.0	0.0	0.03373661047189449	6.793103448275862
1.0	2.0	0.0	0.032163676106544824	5.137931034482759
1.0	2.0	0.0	0.03277530041822053	5.620689655172414
1.0	2.0	0.0	0.03129081250198883	4.724137931034483
1.0	2.0	0.0	0.036244245100504155	9.068965517241379
1.0	3.0	0.0	0.041835020923589705	4.103448275862069
1.0	3.0	0.0	0.0417056134783233	4.448275862068965
1.0	3.0	0.0	0.041684544297529616	4.517241379310345
1.0	2.0	0.0	0.0380540937697641	9.96551724137931
1.0	3.0	0.0	0.04193902042768651	5.0
1.0	3.0	0.0	0.041924868360589375	5.068965517241379
1.0	3.0	0.0	0.04413647379585622	5.068965517241379
1.0	2.0	0.0	0.029386544407406033	5.206896551724138
1.0	1.0	0.0	0.020458698597564995	10.931034482758621
1.0	2.0	0.0	0.02949270140844113	5.827586206896552
1.0	2.0	0.0	0.029475624669265895	5.758620689655173
1.0	3.0	0.0	0.045157908325683074	5.896551724137931
1.0	2.0	0.0	0.030151890019182948	5.896551724137931
1.0	2.0	0.0	0.030145241015891625	6.448275862068965
1.0	2.0	0.0	0.030174113043834667	6.448275862068965
1.0	1.0	0.0	0.01836910896364773	7.758620689655173
