Constant_feature	Degree	Clustering_coefficient	Pagerank	Aver_path_len
1.0	2.0	0.0	0.021239417406659862	4.7
1.0	2.0	0.0	0.02228886987476817	5.95
1.0	1.0	0.0	0.012175879504321963	6.1
1.0	1.0	0.0	0.012716143631851803	8.225
1.0	1.0	0.0	0.0118174932144301	5.45
1.0	1.0	0.0	0.011864025727922497	5.675
1.0	1.0	0.0	0.013097739471165763	6.925
1.0	1.0	0.0	0.01400563154006218	7.85
1.0	1.0	0.0	0.011924550397238609	6.2
1.0	1.0	0.0	0.011927831839958554	6.425
1.0	2.0	0.0	0.024270035767991374	7.45
1.0	3.0	0.0	0.03685424520611423	7.35
1.0	3.0	0.0	0.030666578069312094	4.275
1.0	4.0	0.0	0.0432724636088194	5.125
1.0	2.0	0.0	0.02137626481330501	4.9
1.0	3.0	0.0	0.03374560147590587	6.475
1.0	3.0	0.0	0.03199955957103625	5.175
1.0	2.0	0.0	0.022162727523298408	5.85
1.0	2.0	0.0	0.02133041606976422	5.1
1.0	3.0	0.0	0.030172415088855403	4.25
1.0	3.0	0.0	0.034257093200462364	7.25
1.0	3.0	0.0	0.030513434115385558	4.475
1.0	3.0	0.0	0.034166004987543394	6.575
1.0	3.0	0.0	0.03125995203256287	4.475
1.0	3.0	0.0	0.03553106547667312	5.95
1.0	3.0	0.0	0.03141836376088321	4.7
1.0	3.0	0.0	0.030449690034394124	4.7
1.0	3.0	0.0	0.030487249247069838	4.925
1.0	1.0	0.0	0.012688862167335252	7.55
1.0	1.0	0.0	0.013495323527034503	8.325
1.0	1.0	0.0	0.013495323527034503	8.325
1.0	2.0	0.0	0.025702170167622978	6.875
1.0	3.0	0.0	0.03161680920797952	5.225
1.0	3.0	0.0	0.031630996154131605	5.45
1.0	3.0	0.0	0.03104079683654459	5.75
1.0	3.0	0.0	0.031030946516386073	5.975
1.0	3.0	0.0	0.03268671903786363	6.525
1.0	2.0	0.0	0.021759625670143876	6.85
1.0	2.0	0.0	0.022256345897360644	7.4
1.0	2.0	0.0	0.02224526448178992	7.625
1.0	1.0	0.0	0.01336007415101623	8.425
