Constant_feature	Degree	Clustering_coefficient	Pagerank	Aver_path_len
1.0	1.0	0.0	0.03235214030825507	4.5
1.0	2.0	0.0	0.06021449066412185	4.0
1.0	2.0	0.0	0.0580814490685235	3.375
1.0	2.0	0.0	0.05717526232259576	3.3125
1.0	2.0	0.0	0.055548157666910465	4.375
1.0	3.0	0.0	0.09287271952158674	4.5625
1.0	2.0	0.0	0.06561156276615403	5.375
1.0	1.0	0.0	0.03374470329704325	5.5
1.0	1.0	0.0	0.03540701596834624	6.3125
1.0	3.0	0.0	0.08823097282308784	3.5625
1.0	3.0	0.0	0.08385713097563487	3.375
1.0	3.0	0.0	0.08103165870659683	3.6875
1.0	1.0	0.0	0.031039078457528874	4.3125
1.0	2.0	0.0	0.055548157666910465	4.375
1.0	2.0	0.0	0.05634565527957438	5.0625
1.0	2.0	0.0	0.056594189227555304	5.75
1.0	2.0	0.0	0.05634565527957438	5.0625
