Constant_feature	Degree	Clustering_coefficient	Pagerank	Aver_path_len
1.0	2.0	0.0	0.0291615896966722	7.266666666666667
1.0	2.0	0.0	0.02782602270151735	7.0
1.0	2.0	0.0	0.0285000533219632	5.533333333333333
1.0	2.0	0.0	0.02782602270151735	7.0
1.0	2.0	0.0	0.02868294447067251	5.666666666666667
1.0	1.0	0.0	0.016376491266541546	6.933333333333334
1.0	1.0	0.0	0.01766557657396649	8.2
1.0	2.0	0.0	0.028359690425371974	5.9
1.0	3.0	0.0	0.04103161020454017	6.333333333333333
1.0	3.0	0.0	0.04096981330652028	7.6
1.0	3.0	0.0	0.04170503566822608	5.233333333333333
1.0	3.0	0.0	0.04096981330652028	7.6
1.0	3.0	0.0	0.041069549978431444	4.933333333333334
1.0	3.0	0.0	0.041019327169707444	5.033333333333333
1.0	2.0	0.0	0.028506524166687912	5.133333333333334
1.0	2.0	0.0	0.028506524166687912	5.133333333333334
1.0	3.0	0.0	0.04131489009228782	5.7
1.0	2.0	0.0	0.02837334062493876	5.033333333333333
1.0	2.0	0.0	0.02837334062493876	5.033333333333333
1.0	2.0	0.0	0.027927248823593626	5.4
1.0	2.0	0.0	0.028736139158234926	8.433333333333334
1.0	2.0	0.0	0.028736139158234926	8.433333333333334
1.0	3.0	0.0	0.04321125055674489	6.333333333333333
1.0	3.0	0.0	0.04186660132555757	6.4
1.0	3.0	0.0	0.043833343425088274	5.966666666666667
1.0	2.0	0.0	0.02937650834582354	9.266666666666667
1.0	2.0	0.0	0.029376508345823536	9.266666666666667
1.0	2.0	0.0	0.0291615896966722	7.266666666666667
1.0	2.0	0.0	0.02972481413662678	8.133333333333333
1.0	2.0	0.0	0.02972481413662678	8.133333333333333
1.0	2.0	0.0	0.03208688242326307	7.233333333333333
