Constant_feature	Degree	Clustering_coefficient	Pagerank	Aver_path_len
1.0	2.0	0.0	0.039068783414156566	4.136363636363637
1.0	2.0	0.0	0.04304549592428136	4.545454545454546
1.0	1.0	0.0	0.02227723809527077	5.5
1.0	1.0	0.0	0.02388716288757256	5.954545454545454
1.0	1.0	0.0	0.02388716288757256	5.954545454545454
1.0	3.0	0.0	0.057720567698900396	4.409090909090909
1.0	2.0	0.0	0.040069248719714984	5.181818181818182
1.0	2.0	0.0	0.040069248719714984	5.181818181818182
1.0	2.0	0.0	0.04089966279714617	5.954545454545454
1.0	2.0	0.0	0.04089966279714617	5.954545454545454
1.0	2.0	0.0	0.041157882936961696	6.7272727272727275
1.0	2.0	0.0	0.03846911957365598	3.909090909090909
1.0	3.0	0.0	0.056015121826943515	3.5
1.0	2.0	0.0	0.03784563383121625	3.5454545454545454
1.0	2.0	0.0	0.03850388142835587	3.8181818181818183
1.0	3.0	0.0	0.05564154746834671	3.409090909090909
1.0	3.0	0.0	0.05783576642447125	3.6818181818181817
1.0	3.0	0.0	0.05597331648960092	3.727272727272727
1.0	2.0	0.0	0.03882781785088049	3.8181818181818183
1.0	3.0	0.0	0.0592886198025243	4.2272727272727275
1.0	3.0	0.0	0.05976634443629028	4.545454545454546
1.0	1.0	0.0	0.02371786924318632	5.5
1.0	3.0	0.0	0.0651328447460897	5.0
