Constant_feature	Degree	Clustering_coefficient	Pagerank	Aver_path_len
1.0	1.0	0.0	0.015704209766504953	9.0625
1.0	1.0	0.0	0.01570420976650495	9.0625
1.0	2.0	0.0	0.03258232444311554	7.96875
1.0	1.0	0.0	0.016659009790648372	8.03125
1.0	3.0	0.0	0.03975305594432773	5.0625
1.0	3.0	0.0	0.04077777378673637	7.28125
1.0	2.0	0.0	0.027140229915017508	5.96875
1.0	2.0	0.0	0.02614694176885049	5.875
1.0	4.0	0.0	0.055191465567638376	4.90625
1.0	2.0	0.0	0.027620230027763808	4.9375
1.0	2.0	0.0	0.027313669604236014	6.15625
1.0	1.0	0.0	0.015448837101860537	5.875
1.0	1.0	0.0	0.015448837101860537	5.875
1.0	2.0	0.0	0.027554799575055022	6.6875
1.0	3.0	0.0	0.03961248272868827	5.6875
1.0	2.0	0.0	0.026839634184479034	5.375
1.0	3.0	0.0	0.03862666236938724	5.1875
1.0	2.0	0.0	0.027168935462649955	5.65625
1.0	2.0	0.0	0.027046486609321546	5.03125
1.0	2.0	0.0	0.028553110170672746	8.9375
1.0	2.0	0.0	0.02855311017067274	8.9375
1.0	3.0	0.0	0.038860351989659564	5.5625
1.0	3.0	0.0	0.04224631423198785	8.09375
1.0	3.0	0.0	0.04224631423198785	8.09375
1.0	3.0	0.0	0.03833624536149052	6.1875
1.0	3.0	0.0	0.03842955100821384	6.34375
1.0	2.0	0.0	0.028317738428423344	6.28125
1.0	2.0	0.0	0.0269282865321502	7.03125
1.0	2.0	0.0	0.026961895039897738	7.1875
1.0	2.0	0.0	0.02755098086993789	7.875
1.0	2.0	0.0	0.02756041127272054	8.03125
1.0	3.0	0.0	0.04542488838032126	7.0625
1.0	1.0	0.0	0.017691006797217537	8.9375
