Constant_feature	Degree	Clustering_coefficient	Pagerank	Aver_path_len
1.0	2.0	0.0	0.015474293250494363	9.348484848484848
1.0	2.0	0.0	0.014083838965121697	7.7727272727272725
1.0	2.0	0.0	0.013720730174575237	10.833333333333334
1.0	2.0	0.0	0.015366538527594804	10.954545454545455
1.0	1.0	0.0	0.007576223570874398	10.666666666666666
1.0	2.0	0.0	0.01514821556205579	10.151515151515152
1.0	2.0	0.0	0.015550173928446001	10.530303030303031
1.0	2.0	0.0	0.01536138555103408	9.954545454545455
1.0	2.0	0.0	0.015600776536117904	9.530303030303031
1.0	1.0	0.0	0.008080766316667617	11.893939393939394
1.0	2.0	0.0	0.015972422627597717	13.409090909090908
1.0	1.0	0.0	0.008018028552128156	9.893939393939394
1.0	1.0	0.0	0.007729915884080472	11.56060606060606
1.0	1.0	0.0	0.007942936098718986	8.954545454545455
1.0	1.0	0.0	0.008739528692157597	15.257575757575758
1.0	1.0	0.0	0.008739528692157597	15.257575757575758
1.0	3.0	0.0	0.021024798757360443	7.924242424242424
1.0	3.0	0.0	0.021237875677321962	8.393939393939394
1.0	3.0	0.0	0.021581510265517145	8.954545454545455
1.0	3.0	0.0	0.02046957389082258	7.515151515151516
1.0	3.0	0.0	0.02110649349926782	7.833333333333333
1.0	3.0	0.0	0.020731347994839167	10.257575757575758
1.0	2.0	0.0	0.01455013554335734	9.575757575757576
1.0	3.0	0.0	0.019970550916337346	9.93939393939394
1.0	3.0	0.0	0.021024346174180447	10.0
1.0	1.0	0.0	0.00779993821347605	8.909090909090908
1.0	3.0	0.0	0.02027745269002225	9.681818181818182
1.0	1.0	0.0	0.007967089221717424	9.93939393939394
1.0	2.0	0.0	0.01462808039855733	10.227272727272727
1.0	2.0	0.0	0.014216306183152016	9.803030303030303
1.0	3.0	0.0	0.019921662378648293	9.393939393939394
1.0	1.0	0.0	0.007712129712101816	11.242424242424242
1.0	1.0	0.0	0.007824346966484699	8.818181818181818
1.0	3.0	0.0	0.020588800142828843	9.196969696969697
1.0	2.0	0.0	0.014290621392901746	8.151515151515152
1.0	3.0	0.0	0.02138769310927837	9.575757575757576
1.0	3.0	0.0	0.021962693983823996	10.909090909090908
1.0	3.0	0.0	0.021016677280360305	9.0
1.0	3.0	0.0	0.02204362005222551	11.651515151515152
1.0	2.0	0.0	0.01370587140275849	10.287878787878787
1.0	2.0	0.0	0.014370133558627525	8.378787878787879
1.0	3.0	0.0	0.021487524650140186	8.575757575757576
1.0	3.0	0.0	0.020792806780066824	10.575757575757576
1.0	1.0	0.0	0.008455922868994157	10.333333333333334
1.0	2.0	0.0	0.014464627412506897	8.772727272727273
1.0	3.0	0.0	0.021750399857346947	8.909090909090908
1.0	3.0	0.0	0.021778817234299877	9.075757575757576
1.0	2.0	0.0	0.014295066671676198	8.863636363636363
1.0	3.0	0.0	0.022229233868565478	12.454545454545455
1.0	2.0	0.0	0.014446220411086995	9.409090909090908
1.0	3.0	0.0	0.02150211447941505	7.96969696969697
1.0	2.0	0.0	0.014526367349956323	9.242424242424242
1.0	1.0	0.0	0.008106376481673018	12.636363636363637
1.0	1.0	0.0	0.008407500150815548	11.93939393939394
1.0	3.0	0.0	0.021663010645978132	8.696969696969697
1.0	2.0	0.0	0.01540739763972329	13.348484848484848
1.0	1.0	0.0	0.008025828370663806	10.06060606060606
1.0	2.0	0.0	0.014494468260079243	8.196969696969697
1.0	1.0	0.0	0.008308552872529889	11.136363636363637
1.0	2.0	0.0	0.014542307081415518	8.530303030303031
1.0	1.0	0.0	0.008489900505289935	11.515151515151516
1.0	2.0	0.0	0.01456003095758879	8.363636363636363
1.0	1.0	0.0	0.00799077492005526	9.681818181818182
1.0	1.0	0.0	0.008405906556971779	10.93939393939394
1.0	3.0	0.0	0.024160199425445564	14.272727272727273
1.0	1.0	0.0	0.008512528925456418	10.515151515151516
1.0	1.0	0.0	0.008681063286467334	14.393939393939394
