Constant_feature	Degree	Clustering_coefficient	Pagerank	Aver_path_len
1.0	1.0	0.0	0.025211482613103027	4.526315789473684
1.0	1.0	0.0	0.02460420650950028	3.9473684210526314
1.0	1.0	0.0	0.027177497900978925	4.421052631578948
1.0	1.0	0.0	0.027177497900978925	4.421052631578948
1.0	3.0	0.0	0.06299318796935117	2.526315789473684
1.0	3.0	0.0	0.06363372273713505	2.736842105263158
1.0	3.0	0.0	0.06298705692443671	2.736842105263158
1.0	3.0	0.0	0.06668597524174502	2.736842105263158
1.0	3.0	0.0	0.0637119294648393	2.9473684210526314
1.0	3.0	0.0	0.06870530768003108	3.263157894736842
1.0	3.0	0.0	0.06534827661295271	3.0
1.0	3.0	0.0	0.0688257416345805	3.473684210526316
1.0	2.0	0.0	0.044738917831242966	3.263157894736842
1.0	2.0	0.0	0.04439087428293323	3.473684210526316
1.0	3.0	0.0	0.06737189029774072	3.5789473684210527
1.0	1.0	0.0	0.02561091854162717	4.2105263157894735
1.0	1.0	0.0	0.02564837781360381	4.421052631578948
1.0	3.0	0.0	0.07392738571651118	3.473684210526316
1.0	2.0	0.0	0.04554363577290747	4.105263157894737
1.0	2.0	0.0	0.045706116553800254	4.315789473684211
