Constant_feature	Degree	Clustering_coefficient	Pagerank	Aver_path_len
1.0	1.0	0.0	0.023757412928933536	5.619047619047619
1.0	2.0	0.0	0.04069097556502156	3.6666666666666665
1.0	2.0	0.0	0.04299856164703497	4.0
1.0	1.0	0.0	0.02503058989676003	5.523809523809524
1.0	1.0	0.0	0.02337063291323228	5.0476190476190474
1.0	1.0	0.0	0.024841514094584023	5.523809523809524
1.0	1.0	0.0	0.02388888780592278	6.190476190476191
1.0	3.0	0.0	0.059834681858246586	3.5238095238095237
1.0	2.0	0.0	0.04271406617370052	4.666666666666667
1.0	3.0	0.0	0.060524560552361086	3.5238095238095237
1.0	2.0	0.0	0.04039828314491033	3.4761904761904763
1.0	3.0	0.0	0.06149861170372109	3.7142857142857144
1.0	3.0	0.0	0.058986694938111844	3.3333333333333335
1.0	2.0	0.0	0.04552290049238493	4.571428571428571
1.0	3.0	0.0	0.06275197257275472	4.095238095238095
1.0	2.0	0.0	0.04170817158760433	4.095238095238095
1.0	3.0	0.0	0.06765574076901708	4.571428571428571
1.0	2.0	0.0	0.047559156755155124	5.333333333333333
1.0	3.0	0.0	0.06403837028671244	4.666666666666667
1.0	3.0	0.0	0.0644796504099977	5.238095238095238
1.0	2.0	0.0	0.050485466697807145	6.190476190476191
1.0	1.0	0.0	0.02726309720602564	7.142857142857143
