Constant_feature	Degree	Clustering_coefficient	Pagerank	Aver_path_len
1.0	2.0	1.0	0.014236885594111777	8.678571428571429
1.0	2.0	0.0	0.014263635344078509	7.267857142857143
1.0	2.0	0.0	0.014929215380042576	8.357142857142858
1.0	2.0	0.0	0.015853209860774528	9.071428571428571
1.0	2.0	0.0	0.01547399911776867	6.767857142857143
1.0	1.0	0.0	0.008705741514308004	7.696428571428571
1.0	2.0	0.0	0.015783695798255157	7.696428571428571
1.0	1.0	0.0	0.009096801503230886	10.714285714285714
1.0	2.0	0.0	0.015423838859490457	7.607142857142857
1.0	2.0	0.0	0.01693114406215196	8.660714285714286
1.0	1.0	0.0	0.008985658876140197	9.607142857142858
1.0	2.0	0.0	0.016046786912508534	9.0
1.0	1.0	0.0	0.008937200283838589	9.839285714285714
1.0	2.0	0.0	0.017231044656599637	10.428571428571429
1.0	1.0	0.0	0.009114904259799925	11.375
1.0	1.0	0.0	0.009927283883665093	10.553571428571429
1.0	1.0	0.0	0.01001520980389619	12.321428571428571
1.0	4.0	0.16666666666666666	0.02700421083769735	7.714285714285714
1.0	3.0	0.0	0.020761969064689433	7.464285714285714
1.0	4.0	0.0	0.02759039134346599	7.482142857142857
1.0	3.0	0.0	0.021005193262585785	6.982142857142857
1.0	2.0	1.0	0.014236885594111777	8.678571428571429
1.0	2.0	0.0	0.014734539324161883	7.339285714285714
1.0	2.0	0.0	0.01471865570355857	7.964285714285714
1.0	2.0	0.0	0.014673564849675936	6.857142857142857
1.0	2.0	0.0	0.015002484741181663	7.214285714285714
1.0	3.0	0.0	0.02206052397400962	6.732142857142857
1.0	3.0	0.0	0.022521049950571533	8.446428571428571
1.0	3.0	0.0	0.023365365578086966	9.321428571428571
1.0	2.0	0.0	0.015481989772966064	8.839285714285714
1.0	3.0	0.0	0.023169522593672106	6.714285714285714
1.0	1.0	0.0	0.008763900503646739	10.303571428571429
1.0	3.0	0.0	0.02447424091027358	9.732142857142858
1.0	3.0	0.0	0.02255855363301498	6.857142857142857
1.0	3.0	0.0	0.022467470745333215	7.089285714285714
1.0	3.0	0.0	0.023343255907931987	7.785714285714286
1.0	2.0	0.0	0.016442683515595795	10.464285714285714
1.0	3.0	0.0	0.02420047716324078	8.392857142857142
1.0	3.0	0.0	0.02410734248888379	8.625
1.0	3.0	0.0	0.023098930527740497	8.160714285714286
1.0	2.0	0.0	0.01632382509039871	11.232142857142858
1.0	1.0	0.0	0.009015438194794488	9.375
1.0	3.0	0.0	0.023943897422543388	8.857142857142858
1.0	3.0	0.0	0.02405101953853353	9.553571428571429
1.0	3.0	0.0	0.024540499335223887	9.696428571428571
1.0	3.0	0.0	0.024536731668956875	10.392857142857142
1.0	3.0	0.0	0.023901795458707	12.035714285714286
1.0	3.0	0.0	0.02723907906225427	9.571428571428571
1.0	1.0	0.0	0.00911696180976671	10.678571428571429
1.0	2.0	0.0	0.01644577404000789	12.946428571428571
1.0	2.0	0.0	0.01644577404000789	12.946428571428571
1.0	1.0	0.0	0.009927283883665093	10.553571428571429
1.0	3.0	0.0	0.027533465851848404	11.339285714285714
1.0	2.0	0.0	0.016713694543286674	13.857142857142858
1.0	2.0	0.0	0.016713694543286674	13.857142857142858
1.0	2.0	0.0	0.01679639801606551	14.767857142857142
1.0	1.0	0.0	0.01001520980389619	12.321428571428571
