Constant_feature	Degree	Clustering_coefficient	Pagerank	Aver_path_len
1.0	0.0	0.0	0.0	0.0
1.0	1.0	0.0	0.01548347852265379	11.837837837837839
1.0	1.0	0.0	0.01548347852265379	11.837837837837839
1.0	1.0	0.0	0.01368369014539359	8.756756756756756
1.0	3.0	0.0	0.03439241156895184	6.108108108108108
1.0	2.0	0.0	0.023935824694633893	7.297297297297297
1.0	3.0	0.0	0.03722282654007636	9.08108108108108
1.0	3.0	0.0	0.03391587841669501	6.162162162162162
1.0	3.0	0.0	0.03333998419122861	6.162162162162162
1.0	3.0	0.0	0.033299685312613556	6.324324324324325
1.0	2.0	0.0	0.02574470556451775	7.027027027027027
1.0	3.0	0.0	0.03417282128471891	6.864864864864865
1.0	2.0	0.0	0.023179439018950324	6.324324324324325
1.0	2.0	0.0	0.0228739389787638	6.594594594594595
1.0	2.0	0.0	0.023052904625018803	6.378378378378378
1.0	2.0	0.0	0.02311066909878474	6.4324324324324325
1.0	2.0	0.0	0.02341047139149602	6.378378378378378
1.0	2.0	0.0	0.023283824742042988	6.702702702702703
1.0	1.0	0.0	0.014216352090426218	8.0
1.0	2.0	0.0	0.023566596754190046	6.648648648648648
1.0	3.0	0.0	0.034664579457836506	6.972972972972973
1.0	3.0	0.0	0.03535736002163006	8.432432432432432
1.0	3.0	0.0	0.03683955045907995	7.783783783783784
1.0	2.0	0.0	0.023810630787675036	7.45945945945946
1.0	2.0	0.0	0.023810630787675036	7.45945945945946
1.0	2.0	0.0	0.02395246456333145	7.945945945945946
1.0	2.0	0.0	0.02395246456333145	7.945945945945946
1.0	2.0	0.0	0.02665093001482458	9.945945945945946
1.0	2.0	0.0	0.02665093001482458	9.945945945945946
1.0	2.0	0.0	0.024716160749047998	8.378378378378379
1.0	2.0	0.0	0.02855839269705026	10.864864864864865
1.0	2.0	0.0	0.02855839269705026	10.864864864864865
1.0	2.0	0.0	0.024516123432129475	9.027027027027026
1.0	3.0	0.0	0.035875678462881935	9.72972972972973
1.0	2.0	0.0	0.02467914886664191	10.594594594594595
1.0	2.0	0.0	0.02467914886664191	10.594594594594595
1.0	2.0	0.0	0.02507835861779212	11.45945945945946
1.0	2.0	0.0	0.02507835861779212	11.45945945945946
1.0	2.0	0.0	0.02520171485895303	12.324324324324325
