Constant_feature	Degree	Clustering_coefficient	Pagerank	Aver_path_len
1.0	1.0	0.0	0.018569610868928	7.466666666666667
1.0	2.0	0.0	0.027736090872873254	4.566666666666666
1.0	2.0	0.0	0.028059554265680825	6.0
1.0	2.0	0.0	0.028075844996589307	6.266666666666667
1.0	2.0	0.0	0.03260056127088154	5.633333333333334
1.0	2.0	0.0	0.03260056127088154	5.633333333333334
1.0	2.0	0.0	0.03273348178076953	6.2
1.0	2.0	0.0	0.030311467236501757	4.9
1.0	2.0	0.0	0.032210330130645	5.666666666666667
1.0	1.0	0.0	0.018569610868928	7.466666666666667
1.0	3.0	0.0	0.042083619701868615	3.933333333333333
1.0	3.0	0.0	0.04000275016176688	3.5
1.0	3.0	0.0	0.0419737145191752	4.2
1.0	3.0	0.0	0.039309835119135106	3.8666666666666667
1.0	3.0	0.0	0.041192375266695544	3.7333333333333334
1.0	1.0	0.0	0.01585134072063368	4.9
1.0	3.0	0.0	0.03972996707618656	4.133333333333334
1.0	2.0	0.0	0.027033812185042007	4.5
1.0	2.0	0.0	0.027175465829634014	4.766666666666667
1.0	2.0	0.0	0.028852188522676698	4.3
1.0	2.0	0.0	0.028852188522676698	4.3
1.0	3.0	0.0	0.040048482168333045	5.133333333333334
1.0	3.0	0.0	0.04010396503558447	5.4
1.0	3.0	0.0	0.04422614724667179	4.733333333333333
1.0	3.0	0.0	0.04422614724667179	4.733333333333333
1.0	3.0	0.0	0.04449280451532845	5.3
1.0	2.0	0.0	0.028486734587482458	6.566666666666666
1.0	3.0	0.0	0.051143768726502364	6.5
1.0	1.0	0.0	0.01789564604019821	6.6
1.0	1.0	0.0	0.01789564604019821	6.6
1.0	1.0	0.0	0.01795628720485904	7.166666666666667
