Constant_feature	Degree	Clustering_coefficient	Pagerank	Aver_path_len
1.0	1.0	0.0	0.01597116969525989	10.78125
1.0	0.0	0.0	0.0	0.0
1.0	2.0	0.0	0.027157823680366962	6.875
1.0	1.0	0.0	0.016677434912445072	8.65625
1.0	1.0	0.0	0.015643579330897654	6.53125
1.0	1.0	0.0	0.015814495219115494	6.28125
1.0	2.0	0.0	0.028925366399469545	6.96875
1.0	2.0	0.0	0.027906632202941952	5.34375
1.0	2.0	0.0	0.02842777151971012	5.40625
1.0	1.0	0.0	0.01746396001442891	9.5
1.0	2.0	0.0	0.028042464638531016	8.25
1.0	2.0	0.0	0.028042464638531016	8.25
1.0	3.0	0.0	0.04082535226931643	6.3125
1.0	3.0	0.0	0.0404736923204553	5.84375
1.0	3.0	0.0	0.048113118543019334	8.53125
1.0	3.0	0.0	0.04124885797231771	6.0
1.0	3.0	0.0	0.04030555363423776	5.4375
1.0	3.0	0.0	0.0454894738069231	7.6875
1.0	2.0	0.0	0.0274975849086128	5.71875
1.0	3.0	0.0	0.03993733281435278	6.34375
1.0	2.0	0.0	0.028083343632722843	7.15625
1.0	2.0	0.0	0.027959648265701707	6.6875
1.0	3.0	0.0	0.04204301002228773	5.5625
1.0	2.0	0.0	0.02743280912096225	5.78125
1.0	2.0	0.0	0.027355295736391755	6.0625
1.0	1.0	0.0	0.01746396001442891	9.5
1.0	2.0	0.0	0.028455063927101204	8.0
1.0	2.0	0.0	0.028417593648231543	7.53125
1.0	1.0	0.0	0.015405447924786344	6.96875
1.0	3.0	0.0	0.042612552092961865	5.3125
1.0	3.0	0.0	0.04049103610067328	7.46875
1.0	2.0	0.0	0.028590778339078186	9.03125
1.0	2.0	0.0	0.028590778339078186	9.03125
1.0	3.0	0.0	0.043134554314661136	9.8125
