Constant_feature	Degree	Clustering_coefficient	Pagerank	Aver_path_len
1.0	2.0	0.0	0.04652837605608433	3.2777777777777777
1.0	1.0	0.0	0.025970204524448624	3.7777777777777777
1.0	1.0	0.0	0.02595488940177199	3.8333333333333335
1.0	1.0	0.0	0.026658715293448477	4.444444444444445
1.0	3.0	0.0	0.07055599864707787	3.388888888888889
1.0	2.0	0.0	0.04653276388471874	3.2222222222222223
1.0	3.0	0.0	0.06700812581414078	2.7777777777777777
1.0	3.0	0.0	0.06699553579239677	2.8333333333333335
1.0	3.0	0.0	0.0690249740937326	2.8333333333333335
1.0	3.0	0.0	0.0676162881708692	2.888888888888889
1.0	3.0	0.0	0.07805157001404348	4.111111111111111
1.0	3.0	0.0	0.06897101582358764	2.888888888888889
1.0	3.0	0.0	0.0675035074839024	2.9444444444444446
1.0	3.0	0.0	0.0713205406207649	3.5
1.0	2.0	0.0	0.04725025283944918	3.6666666666666665
1.0	1.0	0.0	0.028678552163091873	5.055555555555555
1.0	1.0	0.0	0.028678552163091873	5.055555555555555
1.0	2.0	0.0	0.04839528399045187	4.222222222222222
1.0	2.0	0.0	0.048304853222926984	4.277777777777778
