Constant_feature	Degree	Clustering_coefficient	Pagerank	Aver_path_len
1.0	2.0	0.0	0.0370166502703281	3.9166666666666665
1.0	2.0	0.0	0.03934162608678417	4.208333333333333
1.0	1.0	0.0	0.01991046439642353	4.5
1.0	1.0	0.0	0.019952261872097594	4.333333333333333
1.0	1.0	0.0	0.022850804852596013	5.958333333333333
1.0	2.0	1.0	0.03238007089692396	4.666666666666667
1.0	3.0	0.0	0.047823206718881316	3.2083333333333335
1.0	2.0	0.0	0.04021054101638474	4.708333333333333
1.0	1.0	0.0	0.022850804852596013	5.958333333333333
1.0	3.0	0.3333333333333333	0.04721242029003023	3.7916666666666665
1.0	4.0	0.0	0.06410940055084666	3.0416666666666665
1.0	3.0	0.3333333333333333	0.04738825703535131	4.375
1.0	2.0	0.0	0.032563267910589666	3.9583333333333335
1.0	3.0	0.0	0.04980745287248729	2.875
1.0	3.0	0.0	0.04914903416330045	3.0833333333333335
1.0	3.0	0.0	0.04963882325768935	2.9166666666666665
1.0	2.0	0.0	0.036644143717613986	3.5
1.0	3.0	0.0	0.05303542027741743	3.5416666666666665
1.0	3.0	0.0	0.053174050288937375	3.375
1.0	1.0	0.0	0.020657194735313706	4.875
1.0	3.0	0.0	0.054569506803944734	4.0
1.0	3.0	0.0	0.05441827800185013	3.8333333333333335
1.0	1.0	0.0	0.020371048213939386	4.958333333333333
1.0	3.0	0.0	0.06283030300185947	5.0
1.0	1.0	0.0	0.02209496791581315	5.666666666666667
