Constant_feature	Degree	Clustering_coefficient	Pagerank	Aver_path_len
1.0	2.0	0.0	0.02909022629200731	4.5625
1.0	4.0	0.0	0.05134029282173445	3.65625
1.0	3.0	0.0	0.03913080678610109	4.0625
1.0	3.0	0.0	0.03913080678610109	4.0625
1.0	3.0	0.0	0.03913080678610109	4.0625
1.0	4.0	0.0	0.06038649169687787	6.625
1.0	4.0	0.0	0.06038649169687787	6.625
1.0	4.0	0.0	0.06038649169687787	6.625
1.0	3.0	0.0	0.041633723273816536	5.84375
1.0	3.0	0.0	0.041633723273816536	5.84375
1.0	3.0	0.0	0.041633723273816536	5.84375
1.0	2.0	0.0	0.027277982563891634	4.65625
1.0	2.0	0.0	0.027277982563891634	4.65625
1.0	2.0	0.0	0.027277982563891634	4.65625
1.0	2.0	0.0	0.027277982563891634	4.65625
1.0	2.0	0.0	0.027277982563891634	4.65625
1.0	2.0	0.0	0.027277982563891634	4.65625
1.0	2.0	0.0	0.027794681152445794	5.25
1.0	2.0	0.0	0.027794681152445794	5.25
1.0	2.0	0.0	0.027794681152445794	5.25
1.0	2.0	0.0	0.027794681152445794	5.25
1.0	2.0	0.0	0.027794681152445794	5.25
1.0	2.0	0.0	0.027794681152445794	5.25
1.0	1.0	0.0	0.016617679224820495	7.59375
1.0	1.0	0.0	0.016617679224820495	7.59375
1.0	1.0	0.0	0.016617679224820495	7.59375
1.0	1.0	0.0	0.016617679224820495	7.59375
1.0	1.0	0.0	0.016617679224820495	7.59375
1.0	1.0	0.0	0.016617679224820495	7.59375
1.0	1.0	0.0	0.016617679224820495	7.59375
1.0	1.0	0.0	0.016617679224820495	7.59375
1.0	1.0	0.0	0.016617679224820495	7.59375
1.0	1.0	0.0	0.016121320294462695	5.53125
