Constant_feature	Degree	Clustering_coefficient	Pagerank	Aver_path_len
1.0	1.0	0.0	0.006776662473926374	9.891891891891891
1.0	1.0	0.0	0.006758157738691531	8.864864864864865
1.0	2.0	0.0	0.012405273688094076	6.95945945945946
1.0	2.0	0.0	0.012780804611370425	8.945945945945946
1.0	1.0	0.0	0.0068625990241451326	10.297297297297296
1.0	1.0	0.0	0.007048027647739366	9.0
1.0	1.0	0.0	0.006928667196703418	8.472972972972974
1.0	1.0	0.0	0.006849153882768489	8.067567567567568
1.0	1.0	0.0	0.006908748719141876	7.986486486486487
1.0	1.0	0.0	0.007161121174066461	12.72972972972973
1.0	1.0	0.0	0.007017729947298215	10.18918918918919
1.0	1.0	0.0	0.007109733681498754	9.702702702702704
1.0	1.0	0.0	0.0075685692894198135	13.662162162162161
1.0	2.0	0.0	0.013700962836835747	12.35135135135135
1.0	3.0	0.0	0.017402659813891316	8.58108108108108
1.0	3.0	0.0	0.018039765850462394	10.864864864864865
1.0	3.0	0.0	0.018170536915241488	7.527027027027027
1.0	3.0	0.0	0.018621470415735197	8.621621621621621
1.0	2.0	0.0	0.012508150340759968	9.378378378378379
1.0	2.0	0.0	0.012509620763560356	7.337837837837838
1.0	2.0	0.0	0.012333424754504219	7.04054054054054
1.0	3.0	0.0	0.01738644597535743	8.243243243243244
1.0	2.0	0.0	0.012017249933445821	9.18918918918919
1.0	2.0	0.0	0.01215105283605019	9.864864864864865
1.0	2.0	0.0	0.012021751419740118	9.527027027027026
1.0	3.0	0.0	0.018142778280865003	8.905405405405405
1.0	3.0	0.0	0.01830371879818554	9.243243243243244
1.0	3.0	0.0	0.01808284193260669	7.878378378378378
1.0	3.0	0.0	0.01778308293900483	10.054054054054054
1.0	2.0	0.0	0.012242043099986204	11.0
1.0	2.0	0.0	0.013104070429674382	10.14864864864865
1.0	2.0	0.0	0.012385571211081234	11.878378378378379
1.0	2.0	0.0	0.012318563684556066	11.81081081081081
1.0	3.0	0.0	0.01768736379950954	7.1891891891891895
1.0	3.0	0.0	0.018439089740747823	7.986486486486487
1.0	3.0	0.0	0.018670922444276004	7.648648648648648
1.0	3.0	0.0	0.01843221988185884	9.31081081081081
1.0	3.0	0.0	0.020937382894243108	11.08108108108108
1.0	3.0	0.0	0.01997599694548213	8.554054054054054
1.0	2.0	0.0	0.013161758580876998	8.891891891891891
1.0	3.0	0.0	0.01801440411456288	6.621621621621622
1.0	3.0	0.0	0.01904741992389289	8.013513513513514
1.0	3.0	0.0	0.018521639435962363	6.783783783783784
1.0	2.0	0.0	0.011971575640183148	7.95945945945946
1.0	3.0	0.0	0.020993425227062195	9.824324324324325
1.0	3.0	0.0	0.018649231388756897	7.486486486486487
1.0	1.0	0.0	0.006784442735209465	8.513513513513514
1.0	3.0	0.0	0.018386785722450942	7.081081081081081
1.0	2.0	0.0	0.014330272376383518	9.513513513513514
1.0	3.0	0.0	0.01858613216353579	7.0
1.0	3.0	0.0	0.01890102623758918	9.04054054054054
1.0	3.0	0.0	0.019424984943533154	11.743243243243244
1.0	3.0	0.0	0.018950554362753173	9.202702702702704
1.0	2.0	0.0	0.012824427995904785	8.378378378378379
1.0	1.0	0.0	0.007613650036212629	12.067567567567568
1.0	1.0	0.0	0.007613650036212629	12.067567567567568
1.0	1.0	0.0	0.006920288180365159	9.608108108108109
1.0	1.0	0.0	0.007326485401098757	9.54054054054054
1.0	3.0	0.0	0.02044474943597942	9.972972972972974
1.0	3.0	0.0	0.01777273917723186	8.756756756756756
1.0	1.0	0.0	0.0068894531386589205	7.77027027027027
1.0	1.0	0.0	0.007630624883873875	10.81081081081081
1.0	1.0	0.0	0.007630624883873875	10.81081081081081
1.0	3.0	0.0	0.01925259346749141	8.716216216216216
1.0	1.0	0.0	0.007781630875129466	10.5
1.0	3.0	0.0	0.020785228212577195	12.675675675675675
1.0	1.0	0.0	0.007465961206935749	10.95945945945946
1.0	1.0	0.0	0.007465961206935749	10.95945945945946
1.0	2.0	0.0	0.012280521125402349	9.635135135135135
1.0	2.0	0.0	0.012280521125402349	9.635135135135135
1.0	1.0	0.0	0.0075685692894198135	13.662162162162161
1.0	2.0	0.0	0.012478231426094683	10.513513513513514
1.0	2.0	0.0	0.012478231426094683	10.513513513513514
1.0	3.0	0.0	0.018729386522314297	11.391891891891891
1.0	1.0	0.0	0.0074988310815119405	13.337837837837839
