Constant_feature	Degree	Clustering_coefficient	Pagerank	Aver_path_len
1.0	2.0	0.0	0.02274723953857094	5.743589743589744
1.0	1.0	0.0	0.011956034819323506	5.153846153846154
1.0	1.0	0.0	0.012035231079762624	5.256410256410256
1.0	2.0	0.0	0.023163083673321587	5.333333333333333
1.0	1.0	0.0	0.012363319845821116	5.435897435897436
1.0	2.0	0.0	0.024994021967582693	6.051282051282051
1.0	1.0	0.0	0.013365569795357399	7.435897435897436
1.0	1.0	0.0	0.013467505167273245	7.0256410256410255
1.0	1.0	0.0	0.014400007945018375	7.897435897435898
1.0	3.0	0.3333333333333333	0.030303449453306652	4.615384615384615
1.0	3.0	0.3333333333333333	0.03058531767860285	4.846153846153846
1.0	4.0	0.16666666666666666	0.04169682638370538	5.076923076923077
1.0	3.0	0.0	0.03081964413553399	4.256410256410256
1.0	4.0	0.0	0.04091804269545177	4.153846153846154
1.0	2.0	0.0	0.021361709642518694	4.846153846153846
1.0	3.0	0.0	0.0322865125012142	4.487179487179487
1.0	4.0	0.0	0.042025516884407775	4.17948717948718
1.0	3.0	0.0	0.0317843739490781	4.282051282051282
1.0	1.0	0.0	0.01188166974321354	6.051282051282051
1.0	2.0	0.0	0.021542028742254665	4.564102564102564
1.0	3.0	0.0	0.03231948797970704	4.666666666666667
1.0	2.0	0.0	0.021646232487212144	4.82051282051282
1.0	3.0	0.0	0.032879490048922974	4.461538461538462
1.0	1.0	0.0	0.012186027501060029	5.461538461538462
1.0	3.0	0.0	0.03265077812070101	4.461538461538462
1.0	3.0	0.0	0.03313192242480484	5.076923076923077
1.0	3.0	0.0	0.036220118584066645	6.461538461538462
1.0	2.0	0.0	0.023544587910398394	5.230769230769231
1.0	1.0	0.0	0.012439739362266312	6.051282051282051
1.0	3.0	0.0	0.03817823946539876	7.282051282051282
1.0	3.0	0.0	0.03655957461058484	6.051282051282051
1.0	1.0	0.0	0.013954063027617487	8.256410256410257
1.0	2.0	0.0	0.027233875997949523	8.205128205128204
1.0	3.0	0.0	0.03838105026255397	6.871794871794871
1.0	3.0	0.0	0.0396718969199727	6.923076923076923
1.0	1.0	0.0	0.014754610643418056	9.179487179487179
1.0	1.0	0.0	0.014014724318378621	7.846153846153846
1.0	2.0	0.0	0.027335774651738358	7.794871794871795
1.0	1.0	0.0	0.014400007945018375	7.897435897435898
1.0	1.0	0.0	0.014800692096910567	8.76923076923077
