Constant_feature	Degree	Clustering_coefficient	Pagerank	Aver_path_len
1.0	3.0	0.0	0.04201021077146203	4.625
1.0	2.0	0.0	0.030915717382237255	5.15625
1.0	1.0	0.0	0.016039442222696706	5.28125
1.0	1.0	0.0	0.015633881197884003	5.59375
1.0	2.0	0.0	0.027940611382193815	4.15625
1.0	3.0	0.0	0.04102096518185627	3.75
1.0	2.0	0.0	0.029850929611162987	4.59375
1.0	3.0	0.0	0.03995262568977197	3.59375
1.0	2.0	0.0	0.03225210743845432	5.5
1.0	3.0	0.0	0.03868702478274228	3.8125
1.0	3.0	0.0	0.03945329250026301	4.46875
1.0	3.0	0.0	0.03945329250026301	4.46875
1.0	1.0	0.0	0.01754419942685317	6.46875
1.0	3.0	0.0	0.04336246155556935	4.3125
1.0	3.0	0.0	0.04112559597833302	5.21875
1.0	2.0	0.0	0.027573233141896247	5.3125
1.0	2.0	0.0	0.027573233141896247	5.3125
1.0	2.0	0.0	0.027573233141896247	5.3125
1.0	2.0	0.0	0.027573233141896247	5.3125
1.0	2.0	0.0	0.02832288982462821	6.0
1.0	2.0	0.0	0.02832288982462821	6.0
1.0	2.0	0.0	0.02823905172023637	6.15625
1.0	2.0	0.0	0.02823905172023637	6.15625
1.0	2.0	0.0	0.02823905172023637	6.15625
1.0	2.0	0.0	0.02823905172023637	6.15625
1.0	2.0	0.0	0.03305748586600653	6.0625
1.0	2.0	0.0	0.028444833617571327	7.0
1.0	2.0	0.0	0.028444833617571327	7.0
1.0	3.0	0.0	0.043381399980112416	7.5625
1.0	2.0	0.0	0.028791149799863042	6.78125
1.0	2.0	0.0	0.028791149799863042	6.78125
1.0	1.0	0.0	0.017906578189843578	7.03125
1.0	1.0	0.0	0.016045292409638534	8.53125
