Constant_feature	Degree	Clustering_coefficient	Pagerank	Aver_path_len
1.0	1.0	0.0	0.021449104529257634	5.0
1.0	1.0	0.0	0.021449104529257634	5.0
1.0	1.0	0.0	0.020306488548085023	4.130434782608695
1.0	1.0	0.0	0.02040264221914856	4.478260869565218
1.0	1.0	0.0	0.021624437097210358	5.608695652173913
1.0	2.0	0.0	0.0365044659098913	3.9565217391304346
1.0	2.0	0.0	0.037116048918085065	4.304347826086956
1.0	4.0	0.0	0.06939910960613117	2.9130434782608696
1.0	2.0	0.0	0.03642516086978306	3.6956521739130435
1.0	3.0	0.0	0.051616203039443934	2.8260869565217392
1.0	2.0	0.0	0.036984199404182266	4.043478260869565
1.0	3.0	0.0	0.052313719460709146	3.1739130434782608
1.0	2.0	0.0	0.03706430925488297	3.5217391304347827
1.0	2.0	0.0	0.03706430925488297	3.5217391304347827
1.0	3.0	0.0	0.053798103933346504	3.1739130434782608
1.0	3.0	0.0	0.05412121576062632	3.5217391304347827
1.0	3.0	0.0	0.052906366789907226	3.5217391304347827
1.0	3.0	0.0	0.05298962362461754	3.869565217391304
1.0	3.0	0.0	0.05760674608301093	4.043478260869565
1.0	3.0	0.0	0.05760674608301093	4.043478260869565
1.0	3.0	0.0	0.058193951958098955	4.6521739130434785
1.0	2.0	0.0	0.037146313682519416	4.6521739130434785
1.0	2.0	0.0	0.0379599829123098	5.434782608695652
1.0	2.0	0.0	0.03795164653160101	5.086956521739131
