Constant_feature	Degree	Clustering_coefficient	Pagerank	Aver_path_len
1.0	2.0	0.0	0.0415717079865122	3.210526315789474
1.0	2.0	0.0	0.04819374913830634	4.052631578947368
1.0	3.0	0.0	0.05964033744448956	2.8421052631578947
1.0	2.0	0.0	0.04156268106180877	3.5789473684210527
1.0	2.0	0.0	0.0435429261870636	3.4210526315789473
1.0	2.0	0.0	0.044859176333386735	3.9473684210526314
1.0	3.0	0.0	0.060863392127245494	3.210526315789474
1.0	3.0	0.0	0.0609667166679534	2.789473684210526
1.0	3.0	0.0	0.060302787818168495	3.1052631578947367
1.0	3.0	0.0	0.061604528614716096	3.0
1.0	3.0	0.0	0.06157362090088045	3.736842105263158
1.0	3.0	0.0	0.06535345961954185	3.3157894736842106
1.0	2.0	0.0	0.04333273349403932	3.9473684210526314
1.0	2.0	0.0	0.04357980396153409	4.473684210526316
1.0	3.0	0.0	0.06750655699873483	3.736842105263158
1.0	2.0	0.0	0.04460742002519564	4.684210526315789
1.0	2.0	0.0	0.04468463571098337	5.2105263157894735
1.0	1.0	0.0	0.025252546697685452	4.684210526315789
1.0	2.0	0.0	0.05241409970914886	4.894736842105263
1.0	1.0	0.0	0.028587119502605056	5.842105263157895
