Constant_feature	Degree	Clustering_coefficient	Pagerank	Aver_path_len
1.0	2.0	0.0	0.0011187028483482715	3.95
1.0	2.0	0.0	0.0011909456124829755	5.4
1.0	2.0	0.0	0.001181194046165057	3.8
1.0	1.0	0.0	0.0006516214102094933	5.65
1.0	1.0	0.0	0.0006608681730846792	5.0
1.0	3.0	0.0	0.0016494471596616206	4.1
1.0	3.0	0.0	0.0016467705167921114	4.15
1.0	2.0	0.0	0.0011194986735245938	3.9
1.0	3.0	0.0	0.0016556138340991314	3.6
1.0	2.0	0.0	0.0011565637969451147	4.85
1.0	2.0	0.0	0.0011878352395796063	5.5
1.0	3.0	0.0	0.0017451862215048927	4.7
1.0	2.0	0.0	0.001156126458369907	3.65
1.0	2.0	0.0	0.0011984393065471773	6.05
1.0	3.0	0.0	0.0017757085012930329	4.05
1.0	3.0	0.0	0.001738950734307538	4.5
1.0	2.0	0.0	0.0011975644292810967	5.25
1.0	2.0	0.0	0.0011975644292810967	5.25
1.0	2.0	0.0	0.0012180136053225516	6.0
1.0	2.0	0.0	0.0012180136053225516	6.0
1.0	2.0	0.0	0.0012239757512705776	6.75
1.0	2.0	0.0	0.001259814179987699	3.466666666666667
1.0	1.0	0.0	0.0006462418630861367	4.333333333333333
1.0	2.0	0.0	0.00113285273173981	3.2
1.0	2.0	0.0	0.0011278851345646725	3.066666666666667
1.0	2.0	0.0	0.0011336140056144113	3.2
1.0	3.0	0.0	0.0016083401717810746	2.3333333333333335
1.0	3.0	0.0	0.0016054455910502168	2.466666666666667
1.0	3.0	0.0	0.0016266266568968734	2.533333333333333
1.0	3.0	0.0	0.0016246025730087344	2.6
1.0	3.0	0.0	0.001702166362712918	2.933333333333333
1.0	3.0	0.0	0.0016877647152859672	2.6666666666666665
1.0	2.0	0.0	0.0011217276814435107	2.8
1.0	2.0	0.0	0.0011484773948804295	3.4
1.0	3.0	0.0	0.0017273222691438612	3.4
1.0	1.0	0.0	0.0006386982899282878	3.8666666666666667
1.0	1.0	0.0	0.0006949760766986907	4.4
1.0	2.0	0.0	0.0013465483345299753	4.176470588235294
1.0	2.0	0.0	0.0013055318698369377	3.823529411764706
1.0	1.0	0.0	0.0006859748545784594	4.294117647058823
1.0	1.0	0.0	0.0006771739237502782	4.0588235294117645
1.0	3.0	0.0	0.0016846905976187604	2.6470588235294117
1.0	4.0	0.0	0.002233802955376306	3.0
1.0	3.0	0.0	0.001654376212982328	2.6470588235294117
1.0	2.0	0.0	0.0011391809160235394	3.235294117647059
1.0	3.0	0.0	0.0016948578206289707	2.764705882352941
1.0	2.0	0.0	0.001136057751457056	3.1176470588235294
1.0	2.0	0.0	0.0011431171557420713	3.7058823529411766
1.0	2.0	0.0	0.0011387083045078618	3.235294117647059
1.0	1.0	0.0	0.0006306735277839114	3.9411764705882355
1.0	3.0	0.0	0.0018600561636888343	3.3529411764705883
1.0	3.0	0.0	0.0018301496483232808	3.1176470588235294
1.0	2.0	0.0	0.0013959914198774738	4.647058823529412
1.0	1.0	0.0	0.0007340847841471093	5.117647058823529
1.0	1.0	0.0	0.000756398919198055	5.588235294117647
1.0	1.0	0.0	0.0006403955078415772	4.333333333333333
1.0	1.0	0.0	0.0006374186278077967	4.142857142857143
1.0	3.0	0.0	0.001666055016083082	3.6666666666666665
1.0	3.0	0.0	0.0016615466183542735	3.3333333333333335
1.0	3.0	0.0	0.00166514058447701	3.7142857142857144
1.0	2.0	0.0	0.0011520115703211478	4.476190476190476
1.0	2.0	0.0	0.0011277242004424806	4.0
1.0	2.0	0.0	0.0011371299557373705	3.4761904761904763
1.0	2.0	0.0	0.0011646157897221383	4.761904761904762
1.0	3.0	0.0	0.001697566167192072	3.1904761904761907
1.0	2.0	0.0	0.0011522721417930853	4.428571428571429
1.0	3.0	0.0	0.0016148298591910405	2.9047619047619047
1.0	3.0	0.0	0.0015963530274136517	2.857142857142857
1.0	2.0	0.0	0.0011192843392515794	3.142857142857143
1.0	3.0	0.0	0.0017082297730896872	3.380952380952381
1.0	3.0	0.0	0.0016004407537043473	3.238095238095238
1.0	3.0	0.0	0.0016177263922492698	3.5238095238095237
1.0	1.0	0.0	0.0006265633730846371	4.285714285714286
1.0	2.0	0.0	0.0011295424404867212	4.0
1.0	2.0	0.0	0.0011354117911917265	4.285714285714286
1.0	2.0	0.0	0.0011583941105425576	4.761904761904762
1.0	2.0	0.0	0.0011603620445297747	5.0476190476190474
1.0	1.0	0.0	0.0006667073682748788	6.40625
1.0	1.0	0.0	0.0006532567760592853	6.15625
1.0	3.0	0.0	0.0017724183720962579	4.96875
1.0	3.0	0.0	0.0016896292974556727	4.71875
1.0	2.0	0.0	0.001189930620188736	6.03125
1.0	1.0	0.0	0.0007656941195933974	8.46875
1.0	2.0	0.0	0.00117247943684124	5.78125
1.0	2.0	0.0	0.0011957595664557918	4.8125
1.0	2.0	0.0	0.001194641896111514	4.71875
1.0	2.0	0.0	0.0011710092146303384	4.6875
1.0	2.0	0.0	0.0012577333384866621	5.75
1.0	2.0	0.0	0.0013325126604984375	6.59375
1.0	3.0	0.0	0.0017928069542098206	5.4375
1.0	2.0	0.0	0.0014150976329622717	7.5
1.0	3.0	0.0	0.0016932073072311545	5.375
1.0	3.0	0.0	0.0017482471859504279	5.1875
1.0	2.0	0.0	0.0011782162787108612	6.21875
1.0	2.0	0.0	0.0011782162787108612	6.21875
1.0	3.0	0.0	0.0017413412708966124	6.6875
1.0	2.0	0.0	0.0012018424845550353	7.0625
1.0	2.0	0.0	0.0012018424845550353	7.0625
1.0	3.0	0.0	0.0017281946047847116	6.4375
1.0	2.0	0.0	0.0012110634616851108	7.90625
1.0	2.0	0.0	0.0012003291701942168	7.53125
1.0	2.0	0.0	0.0012003291701942168	7.53125
1.0	2.0	0.0	0.001194257194039548	7.28125
1.0	2.0	0.0	0.001194257194039548	7.28125
1.0	2.0	0.0	0.0012183243910940846	8.375
1.0	2.0	0.0	0.0012183243910940846	8.375
1.0	2.0	0.0	0.0012261708634493235	9.21875
1.0	2.0	0.0	0.00121382602415381	8.125
1.0	2.0	0.0	0.00121382602415381	8.125
1.0	2.0	0.0	0.0012220280934037914	8.96875
1.0	2.0	0.0	0.0011012852794552263	3.6
1.0	1.0	0.0	0.0006284768638678423	4.3
1.0	2.0	0.0	0.0013064630735838616	6.0
1.0	1.0	0.0	0.000701534991029851	6.05
1.0	1.0	0.0	0.000701534991029851	6.05
1.0	3.0	0.0	0.0016207096880623876	3.25
1.0	2.0	0.0	0.0011374380548792868	4.1
1.0	3.0	0.0	0.0019099938630822537	5.1
1.0	3.0	0.0	0.0016272131098282465	3.45
1.0	3.0	0.0	0.0016552856337641426	3.5
1.0	3.0	0.0	0.001667520671394755	3.35
1.0	3.0	0.0	0.001623001661201088	3.65
1.0	2.0	0.0	0.001136161541160995	3.9
1.0	2.0	0.0	0.0011571516221404888	4.05
1.0	2.0	0.0	0.0011571516221404888	4.05
1.0	3.0	0.0	0.001735435753988412	4.35
1.0	2.0	0.0	0.0011826892547388262	4.6
1.0	2.0	0.0	0.0011826892547388262	4.6
1.0	3.0	0.0	0.001780922861488721	5.15
1.0	2.0	0.0	0.0011597965670245695	4.55
1.0	1.0	0.0	0.0007161479947929543	6.95
1.0	2.0	0.0	0.0013007775941967694	7.833333333333333
1.0	2.0	0.0	0.001238394671417314	6.566666666666666
1.0	1.0	0.0	0.000668872542897727	7.033333333333333
1.0	1.0	0.0	0.0006975631016309825	8.1
1.0	3.0	0.0	0.0017373245139989837	5.233333333333333
1.0	2.0	0.0	0.0011218297576674882	6.066666666666666
1.0	2.0	0.0	0.0011381141045535745	6.7
1.0	2.0	0.0	0.0011589672559217197	7.9
1.0	2.0	0.0	0.0011845813517194438	7.966666666666667
1.0	1.0	0.0	0.000651103676026205	8.166666666666666
1.0	1.0	0.0	0.0006615186488046344	9.566666666666666
1.0	3.0	0.0	0.0020905403814294233	9.433333333333334
1.0	2.0	0.0	0.0011471555683145373	5.4
1.0	3.0	0.0	0.0016934150527716163	5.2
1.0	3.0	0.0	0.0016627912451420395	5.633333333333334
1.0	2.0	0.0	0.0013412703519417174	8.6
1.0	1.0	0.0	0.0007556195824154292	10.4
1.0	1.0	0.0	0.0007556195824154292	10.4
1.0	1.0	0.0	0.0006488877608376981	6.2
1.0	2.0	0.0	0.001160997850790658	5.366666666666666
1.0	2.0	0.0	0.001160997850790658	5.366666666666666
1.0	3.0	0.0	0.0017182646902279709	5.7
1.0	2.0	0.0	0.001165705989750701	5.533333333333333
1.0	2.0	0.0	0.001165705989750701	5.533333333333333
1.0	2.0	0.0	0.001137806869006261	6.266666666666667
1.0	3.0	0.0	0.0016540005821070861	6.5
1.0	3.0	0.0	0.0016558825243377167	7.133333333333334
1.0	3.0	0.0	0.0017411730120557992	7.2
1.0	3.0	0.0	0.001802860176897421	6.066666666666666
1.0	3.0	0.0	0.001899129684469471	7.133333333333334
1.0	3.0	0.0	0.0017758297002454543	8.6
1.0	1.0	0.0	0.0006279397059292503	5.083333333333333
1.0	2.0	0.0	0.0013011752569595646	5.875
1.0	1.0	0.0	0.0006742326643404087	6.041666666666667
1.0	3.0	0.0	0.0015899174227036377	3.9583333333333335
1.0	2.0	0.0	0.0011069807169916046	4.541666666666667
1.0	3.0	0.0	0.001558420844809204	3.7083333333333335
1.0	3.0	0.0	0.0015666809583539786	3.7083333333333335
1.0	3.0	0.0	0.0015691182814793706	3.75
1.0	3.0	0.0	0.0015969101785780853	4.125
1.0	2.0	0.0	0.0011098456836240772	4.416666666666667
1.0	2.0	0.0	0.0010881852106309842	4.25
1.0	2.0	0.0	0.001097915655772041	4.083333333333333
1.0	2.0	0.0	0.0010947821646004159	4.375
1.0	3.0	0.0	0.0016662438211879618	4.125
1.0	2.0	0.0	0.0010986576753947226	4.166666666666667
1.0	3.0	0.0	0.0016670072773908601	4.458333333333333
1.0	3.0	0.0	0.0016818822653358314	4.958333333333333
1.0	3.0	0.0	0.001819566255251815	5.083333333333333
1.0	2.0	0.0	0.0011722105263606863	5.75
1.0	2.0	0.0	0.0011722105263606863	5.75
1.0	2.0	0.0	0.0011981596030769693	6.541666666666667
1.0	2.0	0.0	0.0011981596030769693	6.541666666666667
1.0	2.0	0.0	0.0012068577050952138	7.333333333333333
1.0	2.0	0.0	0.0013921997088140068	6.75
1.0	1.0	0.0	0.0007549835657305515	7.708333333333333
1.0	1.0	0.0	0.0006348859787408158	4.15
1.0	3.0	0.0	0.0015560653289863845	2.6
1.0	3.0	0.0	0.0016465898868279392	3.1
1.0	2.0	0.0	0.0011247028805949125	3.6
1.0	1.0	0.0	0.0006925664747100618	4.75
1.0	3.0	0.0	0.0015916029310568778	2.7
1.0	3.0	0.0	0.001579908344132571	2.95
1.0	3.0	0.0	0.0016038742257336951	3.2
1.0	3.0	0.0	0.001587311078318416	2.85
1.0	3.0	0.0	0.001677007127460618	2.95
1.0	3.0	0.0	0.0016228848687030015	3.1
1.0	2.0	0.0	0.0011202775725771656	3.7
1.0	3.0	0.0	0.0016888484586705147	3.2
1.0	1.0	0.0	0.000621973894308555	4.05
1.0	2.0	0.0	0.0011284412273364925	3.95
1.0	2.0	0.0	0.0011513533561651162	4.45
1.0	2.0	0.0	0.001154069709894851	4.7
1.0	2.0	0.0	0.0011364658577189637	3.85
1.0	2.0	0.0	0.0011599525471568466	4.6
1.0	2.0	0.0	0.0011557132324325938	4.35
1.0	2.0	0.0	0.0012541093718666828	3.8
1.0	1.0	0.0	0.0007517069937817437	7.6923076923076925
1.0	1.0	0.0	0.0007517069937817437	7.6923076923076925
1.0	3.0	0.0	0.0015442389241012166	3.6923076923076925
1.0	3.0	0.0	0.0016377063002758728	4.076923076923077
1.0	2.0	0.0	0.0011156773728463179	4.461538461538462
1.0	2.0	0.0	0.0011682310515505963	3.9615384615384617
1.0	1.0	0.0	0.0006854036325592116	5.346153846153846
1.0	3.0	0.0	0.0015768519476939806	3.5384615384615383
1.0	3.0	0.0	0.0015735079097474697	4.1923076923076925
1.0	3.0	0.0	0.0015980297605526867	4.384615384615385
1.0	3.0	0.0	0.0015716126657089819	3.6538461538461537
1.0	3.0	0.0	0.0016457999018112356	3.5
1.0	3.0	0.0	0.0015922018597452087	3.6153846153846154
1.0	3.0	0.0	0.0016262472622058117	3.4615384615384617
1.0	2.0	0.0	0.0011170957680217944	5.0
1.0	1.0	0.0	0.0006194510734474495	5.038461538461538
1.0	2.0	0.0	0.0011256220155517389	5.1923076923076925
1.0	2.0	0.0	0.001123573478753215	4.423076923076923
1.0	2.0	0.0	0.001148948840815467	5.8076923076923075
1.0	2.0	0.0	0.0011516361149743514	6.0
1.0	2.0	0.0	0.001229873431885447	4.538461538461538
1.0	2.0	0.0	0.0012769263928336405	5.1923076923076925
1.0	2.0	0.0	0.0011497563120040186	5.230769230769231
1.0	2.0	0.0	0.0011478966610887235	5.269230769230769
1.0	2.0	0.0	0.001239167410089403	4.384615384615385
1.0	2.0	0.0	0.0013272621315758724	5.923076923076923
1.0	3.0	0.0	0.002074930532673614	6.730769230769231
1.0	2.0	0.0	0.0010902125495799559	4.2
1.0	1.0	0.0	0.0006292762836873991	4.4
1.0	1.0	0.0	0.000702952829749918	6.4
1.0	1.0	0.0	0.000702952829749918	6.4
1.0	3.0	0.0	0.001616727835527863	3.28
1.0	2.0	0.0	0.0010902125495799559	4.2
1.0	1.0	0.0	0.0006371796020359565	4.64
1.0	3.0	0.0	0.0019126694299799467	5.44
1.0	1.0	0.0	0.0006981587612998868	5.6
1.0	3.0	0.0	0.0016369484669845752	3.52
1.0	3.0	0.0	0.0016427782726154225	3.92
1.0	3.0	0.0	0.0016944966421809163	3.68
1.0	3.0	0.0	0.001668089985057791	3.44
1.0	3.0	0.0	0.001701080631704636	3.76
1.0	3.0	0.0	0.0015931482658531663	3.6
1.0	2.0	0.0	0.0011397450324595831	4.08
1.0	2.0	0.0	0.0011469963909854328	4.48
1.0	3.0	0.0	0.0017420139479607545	4.64
1.0	3.0	0.0	0.001612651125166337	4.72
1.0	3.0	0.0	0.001612651125166337	4.72
1.0	2.0	0.0	0.0011647335940739544	5.04
1.0	2.0	0.0	0.0011342615160477285	5.52
1.0	2.0	0.0	0.0011342615160477285	5.52
1.0	2.0	0.0	0.0012648954166432462	4.64
1.0	2.0	0.0	0.0011607792044122215	6.32
1.0	2.0	0.0	0.0011607792044122213	6.32
1.0	2.0	0.0	0.0012587946964507562	4.45
1.0	1.0	0.0	0.0006867589563150872	4.85
1.0	1.0	0.0	0.0006789400486567553	4.85
1.0	2.0	0.0	0.0012265782305506678	3.65
1.0	2.0	0.0	0.0011948740952206394	3.65
1.0	3.0	0.0	0.0017219946026940294	3.25
1.0	4.0	0.0	0.002395312597067605	3.35
1.0	2.0	0.0	0.0011598616761955799	3.35
1.0	2.0	0.0	0.0011799308248194877	3.9
1.0	3.0	0.0	0.0017211527159717087	3.35
1.0	3.0	0.0	0.001774188691584438	4.0
1.0	2.0	0.0	0.0011924378704217913	4.0
1.0	1.0	0.0	0.0006678602473469764	4.3
1.0	1.0	0.0	0.0006678602473469764	4.3
1.0	1.0	0.0	0.0006608086802165911	4.95
1.0	3.0	0.0	0.0018591293087355223	3.9
1.0	3.0	0.0	0.0018359506439486872	3.9
1.0	2.0	0.0	0.001253149894021145	4.2
1.0	2.0	0.0	0.001243302834290058	4.2
1.0	2.0	0.0	0.0012567793347346744	4.4
1.0	2.0	0.0	0.0012529381568038983	4.4
1.0	0.0	0.0	0.0	0.0
1.0	2.0	0.0	0.001089774189502788	3.2941176470588234
1.0	2.0	0.0	0.0011180469653888888	3.1176470588235294
1.0	2.0	0.0	0.0011467479304598399	3.2941176470588234
1.0	1.0	0.0	0.0006368146763416527	4.0
1.0	2.0	0.0	0.0013102771236172491	4.529411764705882
1.0	2.0	0.0	0.0014002244351992701	5.352941176470588
1.0	1.0	0.0	0.0007579418726710843	6.294117647058823
1.0	3.0	0.0	0.0015951830418098993	3.235294117647059
1.0	2.0	0.0	0.0011266228344842988	3.9411764705882355
1.0	2.0	0.0	0.0011553932924836204	4.647058823529412
1.0	2.0	0.0	0.0011565989326486428	4.823529411764706
1.0	2.0	0.0	0.0011301289860514764	4.117647058823529
1.0	3.0	0.0	0.0016055970190173886	3.411764705882353
1.0	3.0	0.0	0.0015954964541248177	2.9411764705882355
1.0	3.0	0.0	0.001599959953397393	2.8823529411764706
1.0	3.0	0.0	0.0016954981864222007	3.0588235294117645
1.0	3.0	0.0	0.0016992723143434943	3.235294117647059
1.0	2.0	0.0	0.0012277969520872044	3.823529411764706
1.0	4.0	0.0	0.0024098045291128752	3.2
1.0	2.0	0.0	0.0012975671252779578	3.95
1.0	2.0	0.0	0.0012975671252779578	3.95
1.0	1.0	0.0	0.0006716879059481451	4.15
1.0	1.0	0.0	0.0006582705828932643	4.55
1.0	3.0	0.0	0.0017171777619439965	2.95
1.0	3.0	0.0	0.0016718659583616373	3.25
1.0	2.0	0.0	0.0011423108575783244	3.1
1.0	3.0	0.0	0.001763208194688822	3.6
1.0	2.0	0.0	0.00115861770555944	3.9
1.0	3.0	0.0	0.0016833543007404505	3.7
1.0	2.0	0.0	0.001180820658676109	3.75
1.0	2.0	0.0	0.0013874710973140322	4.8
1.0	2.0	0.0	0.0013874710973140322	4.8
1.0	2.0	0.0	0.0011742381653049756	4.45
1.0	2.0	0.0	0.0011742381653049756	4.45
1.0	1.0	0.0	0.0007539201924412083	5.75
1.0	1.0	0.0	0.0007539201924412083	5.75
1.0	2.0	0.0	0.0011983433531109705	5.2
1.0	2.0	0.0	0.0011983433531109705	5.2
1.0	2.0	0.0	0.001208406030991727	5.95
1.0	1.0	0.0	0.0006811428017330608	5.185185185185185
1.0	1.0	0.0	0.0007138675421550264	6.296296296296297
1.0	2.0	0.0	0.001210592922086839	4.592592592592593
1.0	1.0	0.0	0.0007553942426556	7.185185185185185
1.0	1.0	0.0	0.000743110865586891	7.111111111111111
1.0	1.0	0.0	0.0006717742020426528	5.111111111111111
1.0	2.0	0.0	0.0014031106492577142	6.148148148148148
1.0	1.0	0.0	0.0007195812070962416	6.222222222222222
1.0	3.0	0.0	0.0017836596937328211	3.8518518518518516
1.0	2.0	0.0	0.0012987034016493334	5.333333333333333
1.0	3.0	0.0	0.001851040562550464	4.592592592592593
1.0	3.0	0.0	0.0018442162683585037	4.222222222222222
1.0	2.0	0.0	0.0012163241649519431	4.0
1.0	3.0	0.0	0.0019537839972644435	5.333333333333333
1.0	2.0	0.0	0.001254762570315124	4.518518518518518
1.0	2.0	0.0	0.0013933967032981908	6.222222222222222
1.0	3.0	0.0	0.0020488954121618734	6.148148148148148
1.0	3.0	0.0	0.0018128969262972798	4.148148148148148
1.0	3.0	0.0	0.0019711414438118983	5.2592592592592595
1.0	1.0	0.0	0.000743110865586891	7.111111111111111
1.0	2.0	0.0	0.001197840155000812	5.111111111111111
1.0	3.0	0.0	0.0017487568382982838	5.703703703703703
1.0	2.0	0.0	0.0012026593169132808	6.518518518518518
1.0	2.0	0.0	0.0012026593169132808	6.518518518518518
1.0	1.0	0.0	0.0007592220591760121	7.111111111111111
1.0	2.0	0.0	0.0012211347176726071	7.333333333333333
1.0	2.0	0.0	0.0012211347176726071	7.333333333333333
1.0	2.0	0.0	0.0012275589069510903	8.148148148148149
1.0	2.0	0.0	0.0012465250547854768	4.37037037037037
1.0	1.0	0.0	0.000638110003997114	4.518518518518518
1.0	2.0	0.0	0.001299054017880154	4.62962962962963
1.0	1.0	0.0	0.0006727172875672066	4.777777777777778
1.0	1.0	0.0	0.0006368055477752588	5.2592592592592595
1.0	2.0	0.0	0.0011232705685564615	5.407407407407407
1.0	2.0	0.0	0.0011261389349829392	6.111111111111111
1.0	2.0	0.0	0.0011300037936865486	4.7407407407407405
1.0	2.0	0.0	0.001145101262997608	4.925925925925926
1.0	3.0	0.0	0.0016571596474919802	3.1481481481481484
1.0	3.0	0.0	0.0015795564683494514	3.0
1.0	4.0	0.0	0.0022636615149496317	3.5555555555555554
1.0	2.0	0.0	0.001124768231325463	4.074074074074074
1.0	3.0	0.0	0.0015978371041426632	3.5185185185185186
1.0	3.0	0.0	0.0016208841332021758	3.925925925925926
1.0	3.0	0.0	0.0015883567386123006	3.3703703703703702
1.0	3.0	0.0	0.001812522446328184	3.814814814814815
1.0	3.0	0.0	0.001695260582796247	4.296296296296297
1.0	2.0	0.0	0.0010862748768621017	3.962962962962963
1.0	2.0	0.0	0.0011033292621902182	4.074074074074074
1.0	2.0	0.0	0.0013500404110701704	5.2592592592592595
1.0	3.0	0.0	0.0016077130067509828	4.555555555555555
1.0	2.0	0.0	0.0011098458982683416	4.666666666666667
1.0	3.0	0.0	0.0016159879134631308	5.2592592592592595
1.0	1.0	0.0	0.0007364560238997584	6.222222222222222
1.0	2.0	0.0	0.0013894313476178713	5.518518518518518
1.0	2.0	0.0	0.0011402826882169884	6.185185185185185
1.0	1.0	0.0	0.000754377703424343	6.481481481481482
1.0	2.0	0.0	0.0012485790482975496	4.933333333333334
1.0	1.0	0.0	0.0006394689745679873	5.066666666666666
1.0	2.0	0.0	0.0013012656862888968	5.166666666666667
1.0	1.0	0.0	0.0006741795642611573	5.3
1.0	1.0	0.0	0.0006384599305555437	5.733333333333333
1.0	2.0	0.0	0.0012849235462673806	5.4
1.0	2.0	0.0	0.001241057383346344	5.833333333333333
1.0	2.0	0.0	0.0011329386869030113	5.266666666666667
1.0	2.0	0.0	0.0011480690596919801	5.433333333333334
1.0	3.0	0.0	0.0016657197749259769	3.6333333333333333
1.0	3.0	0.0	0.001598554505987681	3.4
1.0	4.0	0.0	0.0022696225291417124	4.1
1.0	2.0	0.0	0.0011277306830911671	4.666666666666667
1.0	3.0	0.0	0.0016068338482869513	3.966666666666667
1.0	3.0	0.0	0.0016261900719252791	4.433333333333334
1.0	3.0	0.0	0.0016345518653649044	3.6333333333333333
1.0	3.0	0.0	0.0018173259148420622	4.333333333333333
1.0	3.0	0.0	0.0017007466652278205	4.766666666666667
1.0	2.0	0.0	0.0011392278843952476	4.066666666666666
1.0	2.0	0.0	0.001139806420492766	4.2
1.0	2.0	0.0	0.0013515495007802737	5.833333333333333
1.0	3.0	0.0	0.0017388338075735956	4.5
1.0	2.0	0.0	0.0011605245573930814	4.633333333333334
1.0	3.0	0.0	0.0017293982869837177	5.066666666666666
1.0	1.0	0.0	0.0007371510468409579	6.8
1.0	2.0	0.0	0.001391054601194457	6.066666666666666
1.0	1.0	0.0	0.000755127095139135	7.033333333333333
1.0	1.0	0.0	0.0007066145776275343	6.366666666666666
1.0	2.0	0.0	0.0013192114704702394	6.666666666666667
1.0	2.0	0.0	0.0014069830620570634	7.566666666666666
1.0	1.0	0.0	0.0007610016146111613	8.533333333333333
1.0	4.0	0.0	0.0023023546267399502	2.9
1.0	2.0	0.0	0.0011477980547983022	3.75
1.0	1.0	0.0	0.0006464451510297415	3.85
1.0	1.0	0.0	0.0006464451510297415	3.85
1.0	2.0	0.0	0.0011152363778125106	3.05
1.0	1.0	0.0	0.0007007774848502497	4.65
1.0	3.0	0.0	0.0016444567942598444	2.8
1.0	3.0	0.0	0.0017129389849696566	2.85
1.0	3.0	0.0	0.0016609672262176893	3.15
1.0	3.0	0.0	0.001643982267034878	3.1
1.0	3.0	0.0	0.0017364447805167935	3.75
1.0	3.0	0.0	0.0016730555762760647	3.25
1.0	3.0	0.0	0.0017544669915950484	4.05
1.0	2.0	0.0	0.0012717199621153723	3.7
1.0	1.0	0.0	0.0006491249657992896	4.7
1.0	2.0	0.0	0.0011669744349477697	4.0
1.0	2.0	0.0	0.0011669744349477697	4.0
1.0	1.0	0.0	0.0006543599722982482	5.0
1.0	2.0	0.0	0.0011955312514273073	4.75
1.0	2.0	0.0	0.0011955312514273073	4.75
1.0	2.0	0.0	0.0012030186132995398	5.5
1.0	1.0	0.0	0.0006363174001772806	6.038461538461538
1.0	2.0	0.0	0.0011544083274719792	5.230769230769231
1.0	2.0	0.0	0.001099323671965421	5.0
1.0	2.0	0.0	0.0011200236132624056	4.8076923076923075
1.0	1.0	0.0	0.0007204560748057616	9.461538461538462
1.0	3.0	0.0	0.0016437151340965956	4.615384615384615
1.0	3.0	0.0	0.0016109706875956273	4.538461538461538
1.0	3.0	0.0	0.001609444717236627	4.730769230769231
1.0	2.0	0.0	0.0011051794751700092	4.576923076923077
1.0	2.0	0.0	0.001141088887116591	4.884615384615385
1.0	2.0	0.0	0.0011240197729273293	4.8076923076923075
1.0	2.0	0.0	0.001115897125314871	4.769230769230769
1.0	3.0	0.0	0.0016311960612231016	5.269230769230769
1.0	3.0	0.0	0.0016640561142275468	5.846153846153846
1.0	3.0	0.0	0.001692690532585328	5.076923076923077
1.0	3.0	0.0	0.0017104798732304905	5.653846153846154
1.0	2.0	0.0	0.0011646475807574352	6.653846153846154
1.0	2.0	0.0	0.0011646475807574352	6.653846153846154
1.0	2.0	0.0	0.001191890352020887	7.461538461538462
1.0	2.0	0.0	0.001191890352020887	7.461538461538462
1.0	2.0	0.0	0.001180901060699614	6.3076923076923075
1.0	2.0	0.0	0.001180901060699614	6.3076923076923075
1.0	2.0	0.0	0.0012017989067071556	8.26923076923077
1.0	2.0	0.0	0.0011994041457230316	6.961538461538462
1.0	2.0	0.0	0.0011994041457230316	6.961538461538462
1.0	3.0	0.0	0.0017999716471453976	7.615384615384615
1.0	2.0	0.0	0.0013163384394153563	8.5
1.0	1.0	0.0	0.0006962730015165675	7.310344827586207
1.0	1.0	0.0	0.0006962730015165675	7.310344827586207
1.0	1.0	0.0	0.0006962730015165675	7.310344827586207
1.0	2.0	0.0	0.0011452711071583447	4.689655172413793
1.0	2.0	0.0	0.00109099701450818	4.206896551724138
1.0	2.0	0.0	0.0010890163717670249	4.482758620689655
1.0	1.0	0.0	0.0007200159959779016	9.10344827586207
1.0	3.0	0.0	0.0015915076879322683	4.206896551724138
1.0	3.0	0.0	0.0016036323025781795	3.9310344827586206
1.0	3.0	0.0	0.0016104012356217075	4.482758620689655
1.0	3.0	0.0	0.00160774802777025	4.758620689655173
1.0	3.0	0.0	0.001646039384998629	4.827586206896552
1.0	2.0	0.0	0.0011235503293126553	4.275862068965517
1.0	2.0	0.0	0.0011265115859362832	5.0344827586206895
1.0	3.0	0.0	0.0017232683905366738	5.586206896551724
1.0	2.0	0.0	0.0011303142491415718	5.310344827586207
1.0	2.0	0.0	0.0011519683717854294	5.862068965517241
1.0	2.0	0.0	0.00115494035293105	5.655172413793103
1.0	2.0	0.0	0.00115494035293105	5.655172413793103
1.0	4.0	0.0	0.0025209779638348676	6.344827586206897
1.0	3.0	0.0	0.0017026080910638908	5.172413793103448
1.0	2.0	0.0	0.0011860483662733561	6.482758620689655
1.0	2.0	0.0	0.0011860483662733561	6.482758620689655
1.0	2.0	0.0	0.0011949384383784416	7.310344827586207
1.0	2.0	0.0	0.0011781434120680498	5.862068965517241
1.0	2.0	0.0	0.0011781434120680498	5.862068965517241
1.0	2.0	0.0	0.0011968858447626509	6.551724137931035
1.0	2.0	0.0	0.0011968858447626509	6.551724137931035
1.0	3.0	0.0	0.0017979028264745425	7.241379310344827
1.0	2.0	0.0	0.0013147676020219233	8.137931034482758
1.0	2.0	0.0	0.0011762503105310555	2.3076923076923075
1.0	2.0	0.0	0.0011940172024790634	2.5384615384615383
1.0	1.0	0.0	0.0006607700762226976	3.3076923076923075
1.0	1.0	0.0	0.0006612880993677613	3.3076923076923075
1.0	4.0	0.0	0.002357238800961433	2.230769230769231
1.0	3.0	0.0	0.001718735178474567	2.230769230769231
1.0	4.0	0.0	0.002298020607919068	2.1538461538461537
1.0	2.0	0.0	0.0011705861608382459	2.5384615384615383
1.0	2.0	0.0	0.0011725818256521372	2.6153846153846154
1.0	1.0	0.0	0.0006588577666767894	3.1538461538461537
1.0	1.0	0.0	0.0006588577666767894	3.1538461538461537
1.0	3.0	0.0	0.001775051431278968	2.3846153846153846
1.0	3.0	0.0	0.0017780474915511475	2.3846153846153846
1.0	1.0	0.0	0.0006454335169656616	3.076923076923077
1.0	2.0	0.0	0.0011324896912834922	4.448275862068965
1.0	2.0	0.0	0.0011448857743695368	4.275862068965517
1.0	2.0	0.0	0.0011147660335055008	4.172413793103448
1.0	2.0	0.0	0.0011348481799476847	4.620689655172414
1.0	1.0	0.0	0.0006946244782518327	5.827586206896552
1.0	2.0	0.0	0.0011592652114980999	4.827586206896552
1.0	3.0	0.0	0.0016506259126793411	3.793103448275862
1.0	3.0	0.0	0.0017197914988631826	5.448275862068965
1.0	3.0	0.0	0.001686120523358568	3.9655172413793105
1.0	3.0	0.0	0.0016536131876448874	4.068965517241379
1.0	3.0	0.0	0.001638608529957427	4.310344827586207
1.0	3.0	0.0	0.0016688054144327752	4.931034482758621
1.0	2.0	0.0	0.001189241592137135	6.275862068965517
1.0	2.0	0.0	0.001189241592137135	6.275862068965517
1.0	2.0	0.0	0.001129007037584537	4.551724137931035
1.0	3.0	0.0	0.001700548634004555	5.241379310344827
1.0	2.0	0.0	0.0011660470784364031	5.758620689655173
1.0	2.0	0.0	0.0011660470784364031	5.758620689655173
1.0	2.0	0.0	0.0012112770653894015	7.103448275862069
1.0	2.0	0.0	0.0012112770653894015	7.103448275862069
1.0	2.0	0.0	0.0012184032331984688	7.931034482758621
1.0	2.0	0.0	0.001181007759895668	6.068965517241379
1.0	2.0	0.0	0.001181007759895668	6.068965517241379
1.0	2.0	0.0	0.0011937446853228597	6.586206896551724
1.0	2.0	0.0	0.0011937446853228597	6.586206896551724
1.0	2.0	0.0	0.0012025966156903312	7.413793103448276
1.0	2.0	0.0	0.001258779532163687	4.862068965517241
1.0	2.0	0.0	0.0012044820274125236	6.896551724137931
1.0	2.0	0.0	0.0012044820274125236	6.896551724137931
1.0	2.0	0.0	0.0012129120277967898	7.724137931034483
1.0	0.0	0.0	0.0	0.0
1.0	2.0	0.0	0.0013553032094503637	2.7777777777777777
1.0	2.0	0.0	0.0013553032094503637	2.7777777777777777
1.0	1.0	0.0	0.0007915908294581597	5.0
1.0	1.0	0.0	0.0007915908294581597	5.0
1.0	2.0	0.0	0.0014089872419923676	3.4444444444444446
1.0	2.0	0.0	0.0013718600955274908	3.0
1.0	2.0	0.0	0.0014089872419923676	3.4444444444444446
1.0	2.0	0.0	0.0013718600955274908	3.0
1.0	2.0	0.0	0.0014743072791413999	4.111111111111111
1.0	2.0	0.0	0.0014743072791413999	4.111111111111111
1.0	0.0	0.0	0.0	0.0
1.0	3.0	0.0	0.0015256459506497939	2.3333333333333335
1.0	2.0	0.0	0.0010638728509306764	2.933333333333333
1.0	2.0	0.0	0.0010638728509306764	2.933333333333333
1.0	3.0	0.0	0.0015432036398456725	2.6
1.0	3.0	0.0	0.0015578077963868116	2.533333333333333
1.0	3.0	0.0	0.0015578077963868116	2.533333333333333
1.0	3.0	0.0	0.0015761375565882766	2.933333333333333
1.0	3.0	0.0	0.0015761375565882766	2.933333333333333
1.0	2.0	0.0	0.0011092555305565657	3.2
1.0	2.0	0.0	0.0011092555305565657	3.2
1.0	2.0	0.0	0.0011157318509102789	3.6
1.0	2.0	0.0	0.0011157318509102789	3.6
1.0	2.0	0.0	0.001142060735900171	3.8666666666666667
1.0	2.0	0.0	0.001142060735900171	3.8666666666666667
1.0	2.0	0.0	0.0011439867323911365	4.266666666666667
1.0	2.0	0.0	0.0011439867323911365	4.266666666666667
1.0	4.0	0.0	0.0024165252328115084	10.222222222222221
1.0	1.0	0.0	0.0006687225933466262	16.0
1.0	2.0	0.0	0.0011278137949844657	9.444444444444445
1.0	2.0	0.0	0.0011299194919353716	12.092592592592593
1.0	1.0	0.0	0.0006481085916563525	10.851851851851851
1.0	1.0	0.0	0.0006449552566369248	10.777777777777779
1.0	2.0	0.0	0.0012001035747198833	9.944444444444445
1.0	2.0	0.0	0.001200112324370687	10.61111111111111
1.0	1.0	0.0	0.0006472088843444143	13.203703703703704
1.0	1.0	0.0	0.0006721440447701493	11.203703703703704
1.0	1.0	0.0	0.0006721440447701493	11.203703703703704
1.0	1.0	0.0	0.000646276693969657	10.555555555555555
1.0	1.0	0.0	0.0006580731608427811	15.166666666666666
1.0	1.0	0.0	0.0006728902787911015	16.833333333333332
1.0	3.0	0.0	0.0016560471865089054	9.407407407407407
1.0	3.0	0.0	0.0016833970004952077	13.351851851851851
1.0	2.0	0.0	0.0011574317406612476	9.777777777777779
1.0	2.0	0.0	0.001202922466522487	15.018518518518519
1.0	2.0	0.0	0.0011899833855002345	10.296296296296296
1.0	3.0	0.0	0.0017330053407313196	9.87037037037037
1.0	3.0	0.0	0.0016835969751982504	9.5
1.0	3.0	0.0	0.0017235755623597518	9.796296296296296
1.0	3.0	0.0	0.0016490614985097255	9.351851851851851
1.0	3.0	0.0	0.0016836430556043801	11.5
1.0	3.0	0.0	0.0017300007488551294	12.222222222222221
1.0	2.0	0.0	0.0011441422659794886	12.814814814814815
1.0	3.0	0.0	0.0016559513431137199	12.666666666666666
1.0	2.0	0.0	0.001172679964785733	9.703703703703704
1.0	2.0	0.0	0.0011727035887779324	11.037037037037036
1.0	2.0	0.0	0.0011436637457860974	9.61111111111111
1.0	3.0	0.0	0.0017265050723471354	9.574074074074074
1.0	3.0	0.0	0.0017656582172979295	14.185185185185185
1.0	2.0	0.0	0.001173465709001398	14.185185185185185
1.0	2.0	0.0	0.0011541203362321949	9.814814814814815
1.0	2.0	0.0	0.0012813381032309493	14.148148148148149
1.0	2.0	0.0	0.0012783625511889958	13.537037037037036
1.0	2.0	0.0	0.0012831065409575882	14.796296296296296
1.0	2.0	0.0	0.001276310146686237	12.962962962962964
1.0	2.0	0.0	0.0012869464091441855	15.481481481481481
1.0	3.0	0.0	0.0017027688912252983	9.981481481481481
1.0	2.0	0.0	0.0012719699520291443	12.425925925925926
1.0	2.0	0.0	0.001290667514748918	16.203703703703702
1.0	2.0	0.0	0.0012671506641321398	11.925925925925926
1.0	2.0	0.0	0.0012983476798714131	16.962962962962962
1.0	2.0	0.0	0.001257953670222126	11.462962962962964
1.0	2.0	0.0	0.0012452391374241675	11.037037037037036
1.0	2.0	0.0	0.0013081889389365046	17.75925925925926
1.0	2.0	0.0	0.001223209134038913	10.648148148148149
1.0	3.0	0.0	0.001803511105365405	15.018518518518519
1.0	2.0	0.0	0.0013261533014052324	18.59259259259259
1.0	3.0	0.0	0.0018148810379355822	15.851851851851851
1.0	2.0	0.0	0.0013521785939994992	19.462962962962962
1.0	2.0	0.0	0.0013963541686079228	20.37037037037037
1.0	2.0	0.0	0.0014639745379077698	21.314814814814813
1.0	1.0	0.0	0.0007873699599912464	22.296296296296298
1.0	1.0	0.0	0.0006271911906765924	5.09375
1.0	2.0	0.0	0.0013001962552232377	6.40625
1.0	2.0	0.0	0.0013001962552232377	6.40625
1.0	2.0	0.0	0.0013039234316129724	7.4375
1.0	1.0	0.0	0.0007004632449444351	7.15625
1.0	1.0	0.0	0.0007004632449444351	7.15625
1.0	3.0	0.0	0.0016200350435670277	3.78125
1.0	1.0	0.0	0.00062495553226432	4.90625
1.0	3.0	0.0	0.0019047728227304973	6.1875
1.0	3.0	0.0	0.001598716267069303	3.84375
1.0	3.0	0.0	0.0015976339258745834	4.1875
1.0	3.0	0.0	0.0016167936059815298	4.03125
1.0	3.0	0.0	0.00165381455448977	3.9375
1.0	3.0	0.0	0.0016611391239828503	4.125
1.0	3.0	0.0	0.0016429164775161073	4.375
1.0	3.0	0.0	0.0016508682533456806	4.1875
1.0	2.0	0.0	0.0011277473124041424	4.84375
1.0	2.0	0.0	0.0011301148735450674	4.6875
1.0	3.0	0.0	0.00172949019424363	5.34375
1.0	2.0	0.0	0.001152529383404197	5.5
1.0	2.0	0.0	0.0011542531683302315	4.90625
1.0	2.0	0.0	0.0011542531683302315	4.90625
1.0	2.0	0.0	0.0011527783039011808	5.09375
1.0	2.0	0.0	0.0011527783039011808	5.09375
1.0	3.0	0.0	0.001765604262004362	5.5
1.0	3.0	0.0	0.001765604262004362	5.5
1.0	2.0	0.0	0.0011786873127683259	5.8125
1.0	2.0	0.0	0.0011786873127683259	5.8125
1.0	2.0	0.0	0.0011886067760740458	6.21875
1.0	3.0	0.0	0.0017777276908681134	6.53125
1.0	1.0	0.0	0.0007125434395832729	7.375
1.0	1.0	0.0	0.0007125434395832729	7.375
1.0	1.0	0.0	0.0007154926936000193	8.40625
1.0	1.0	0.0	0.0006636158292751746	5.695652173913044
1.0	2.0	0.0	0.001358426771619452	5.434782608695652
1.0	1.0	0.0	0.0006457669593113249	4.217391304347826
1.0	1.0	0.0	0.0006930149499048031	5.521739130434782
1.0	1.0	0.0	0.0007040107249323628	5.260869565217392
1.0	1.0	0.0	0.0007040107249323628	5.260869565217392
1.0	1.0	0.0	0.0007103469466699268	6.304347826086956
1.0	1.0	0.0	0.0007103469466699268	6.304347826086956
1.0	3.0	0.0	0.0016928553536484797	3.4347826086956523
1.0	3.0	0.0	0.001916655128082953	4.304347826086956
1.0	3.0	0.0	0.001937481692322838	5.3478260869565215
1.0	3.0	0.0	0.0017338478665135742	3.869565217391304
1.0	2.0	0.0	0.001183600678004373	4.608695652173913
1.0	3.0	0.0	0.0017849769918958339	4.739130434782608
1.0	2.0	0.0	0.0011717862588280612	4.173913043478261
1.0	3.0	0.0	0.0017276432297061576	3.260869565217391
1.0	3.0	0.0	0.0018827358858876906	4.565217391304348
1.0	3.0	0.0	0.0016962321087766901	3.260869565217391
1.0	3.0	0.0	0.0017476195520858165	3.5217391304347827
1.0	2.0	0.0	0.00117331536014417	3.782608695652174
1.0	2.0	0.0	0.001184360464590806	4.043478260869565
1.0	2.0	0.0	0.0011881049696165161	4.304347826086956
1.0	3.0	0.0	0.0017798897745728939	4.565217391304348
1.0	1.0	0.0	0.0007391883787427481	6.391304347826087
1.0	2.0	0.0	0.0011707238144706184	3.588235294117647
1.0	1.0	0.0	0.0006992942568137613	5.705882352941177
1.0	1.0	0.0	0.0007439605533454193	6.529411764705882
1.0	2.0	0.0	0.0013689925891386386	5.588235294117647
1.0	2.0	0.0	0.0011743465233023935	3.823529411764706
1.0	3.0	0.0	0.0017311991648604427	4.176470588235294
1.0	3.0	0.0	0.001714177496069588	3.4705882352941178
1.0	3.0	0.0	0.001768892197108495	4.176470588235294
1.0	2.0	0.0	0.001177129981262591	3.7058823529411766
1.0	2.0	0.0	0.001177129981262591	3.7058823529411766
1.0	2.0	0.0	0.0011944682227223956	4.882352941176471
1.0	2.0	0.0	0.0011944682227223956	4.882352941176471
1.0	2.0	0.0	0.001188263245161213	3.9411764705882355
1.0	2.0	0.0	0.001188263245161213	3.9411764705882355
1.0	2.0	0.0	0.0012151627975542333	5.588235294117647
1.0	2.0	0.0	0.0012151627975542333	5.588235294117647
1.0	2.0	0.0	0.0012219615577225857	6.294117647058823
1.0	3.0	0.0	0.0019037785138184013	4.764705882352941
1.0	2.0	0.0	0.0012182788672677422	3.9411764705882355
1.0	1.0	0.0	0.0006934637337960776	5.470588235294118
1.0	1.0	0.0	0.0007308690775737205	6.176470588235294
1.0	3.0	0.0	0.002008373194473387	5.235294117647059
1.0	2.0	0.0	0.0013315558422742084	5.352941176470588
1.0	2.0	0.0	0.0013821051568437995	6.0588235294117645
1.0	2.0	0.0	0.0012940053476378274	4.764705882352941
1.0	2.0	0.0	0.001453330203675278	6.882352941176471
1.0	2.0	0.0	0.001258185557821682	4.294117647058823
1.0	1.0	0.0	0.0007825229590528826	7.823529411764706
1.0	3.0	0.0	0.0017462871997055529	3.7058823529411766
1.0	2.0	0.0	0.0011888169920555663	3.823529411764706
1.0	2.0	0.0	0.0011888169920555663	3.823529411764706
1.0	3.0	0.0	0.0017673043368427557	4.0588235294117645
1.0	2.0	0.0	0.0011934744614626584	3.9411764705882355
1.0	2.0	0.0	0.0011934744614626584	3.9411764705882355
1.0	3.0	0.0	0.0018856416984761246	4.529411764705882
1.0	1.0	0.0	0.0007308690775737205	6.176470588235294
1.0	2.0	0.0	0.0013043993637563485	6.333333333333333
1.0	1.0	0.0	0.0007374497333557323	6.809523809523809
1.0	1.0	0.0	0.0007374497333557323	6.809523809523809
1.0	3.0	0.0	0.0015959417230292107	3.4761904761904763
1.0	2.0	0.0	0.0011062249711561306	4.0
1.0	2.0	0.0	0.0012022464343705132	4.428571428571429
1.0	2.0	0.0	0.0011223066741551484	4.190476190476191
1.0	2.0	0.0	0.0011438591403677726	4.619047619047619
1.0	3.0	0.0	0.0015932277379330294	3.4285714285714284
1.0	3.0	0.0	0.0016027973209866333	3.5714285714285716
1.0	3.0	0.0	0.0016432920624203573	3.761904761904762
1.0	3.0	0.0	0.0016658184104082463	3.857142857142857
1.0	2.0	0.0	0.0011044723084018431	3.9523809523809526
1.0	2.0	0.0	0.0011517534551944027	4.333333333333333
1.0	2.0	0.0	0.0011517534551944027	4.333333333333333
1.0	2.0	0.0	0.0011791204841682303	4.904761904761905
1.0	2.0	0.0	0.0011791204841682303	4.904761904761905
1.0	3.0	0.0	0.0017765051540004637	5.476190476190476
1.0	2.0	0.0	0.0012790276166195747	5.095238095238095
1.0	2.0	0.0	0.0011484340485282782	4.476190476190476
1.0	3.0	0.0	0.002028683838558014	5.857142857142857
1.0	1.0	0.0	0.0007151299343787394	7.285714285714286
1.0	1.0	0.0	0.0006461003228296527	4.777777777777778
1.0	1.0	0.0	0.0007172598781749878	5.962962962962963
1.0	1.0	0.0	0.0007172598781749878	5.962962962962963
1.0	2.0	0.0	0.0011897927117361486	3.962962962962963
1.0	2.0	0.0	0.0010947731687323812	5.37037037037037
1.0	2.0	0.0	0.0013475854811348426	6.703703703703703
1.0	1.0	0.0	0.0007577466098348221	8.481481481481481
1.0	1.0	0.0	0.0007577466098348221	8.481481481481481
1.0	3.0	0.0	0.0018153798375769039	4.185185185185185
1.0	2.0	0.0	0.0012464230424751202	4.703703703703703
1.0	2.0	0.0	0.001279870584978216	5.296296296296297
1.0	3.0	0.0	0.0016069869991533396	3.814814814814815
1.0	3.0	0.0	0.001602252710784755	4.333333333333333
1.0	3.0	0.0	0.001602252710784755	4.333333333333333
1.0	3.0	0.0	0.0017285911933550971	3.814814814814815
1.0	2.0	0.0	0.0013076399952595065	5.962962962962963
1.0	3.0	0.0	0.00161060097182402	4.851851851851852
1.0	3.0	0.0	0.00161060097182402	4.851851851851852
1.0	3.0	0.0	0.0019609159240514826	5.0
1.0	2.0	0.0	0.001129412738969591	5.148148148148148
1.0	2.0	0.0	0.001129412738969591	5.148148148148148
1.0	2.0	0.0	0.0011329520673113414	5.666666666666667
1.0	2.0	0.0	0.0011329520673113414	5.666666666666667
1.0	2.0	0.0	0.00115801594819194	5.962962962962963
1.0	2.0	0.0	0.00115801594819194	5.962962962962963
1.0	2.0	0.0	0.0011586232929922508	6.481481481481482
1.0	2.0	0.0	0.0011586232929922508	6.481481481481482
1.0	3.0	0.0	0.0020936847737406603	7.518518518518518
1.0	1.0	0.0	0.0006535862045143209	4.769230769230769
1.0	1.0	0.0	0.000628005785143761	5.615384615384615
1.0	1.0	0.0	0.0007219458068334491	6.1923076923076925
1.0	1.0	0.0	0.0007219458068334491	6.1923076923076925
1.0	1.0	0.0	0.0007513282679096867	7.576923076923077
1.0	2.0	0.0	0.0010941358058038511	4.3076923076923075
1.0	2.0	0.0	0.0012043678401220009	4.076923076923077
1.0	1.0	0.0	0.0007513282679096867	7.576923076923077
1.0	3.0	0.0	0.0018391316140966294	4.423076923076923
1.0	3.0	0.0	0.0015988695347418306	3.8076923076923075
1.0	2.0	0.0	0.001274186899615201	5.076923076923077
1.0	3.0	0.0	0.001645746528662722	3.6923076923076925
1.0	3.0	0.0	0.0016161891548740514	4.230769230769231
1.0	3.0	0.0	0.001620574372083287	4.730769230769231
1.0	3.0	0.0	0.0016279109295555365	5.153846153846154
1.0	3.0	0.0	0.0017532209121708495	3.8076923076923075
1.0	3.0	0.0	0.001665920380326552	4.653846153846154
1.0	2.0	0.0	0.0013258492766457467	5.8076923076923075
1.0	2.0	0.0	0.0011389360757557542	4.5
1.0	2.0	0.0	0.0011298170146474232	5.038461538461538
1.0	2.0	0.0	0.0011489819607451886	4.923076923076923
1.0	3.0	0.0	0.0019762665183668733	5.230769230769231
1.0	2.0	0.0	0.0011387829687674023	5.538461538461538
1.0	2.0	0.0	0.0011405349783903211	5.961538461538462
1.0	3.0	0.0	0.002073010390439456	6.615384615384615
1.0	2.0	0.0	0.001164588291082613	6.346153846153846
1.0	2.0	0.0	0.001165901154039165	6.769230769230769
