Constant_feature	Degree	Clustering_coefficient	Pagerank	Aver_path_len
1.0	2.0	0.0	0.0463970429793682	5.095238095238095
1.0	2.0	0.0	0.0463970429793682	5.095238095238095
1.0	2.0	0.0	0.046483248832824314	5.476190476190476
1.0	2.0	0.0	0.04155331879038601	3.9523809523809526
1.0	2.0	0.0	0.041481268884077646	3.761904761904762
1.0	3.0	0.0	0.06078944442855794	3.6666666666666665
1.0	3.0	0.0	0.061138930237786764	4.238095238095238
1.0	2.0	0.0	0.04175200384356553	4.0476190476190474
1.0	2.0	0.0	0.04175200384356553	4.0476190476190474
1.0	3.0	0.0	0.06404136022043488	5.9523809523809526
1.0	3.0	0.0	0.06323435511517059	4.238095238095238
1.0	3.0	0.0	0.06323435511517059	4.238095238095238
1.0	3.0	0.0	0.0634023244368872	4.619047619047619
1.0	2.0	0.0	0.04680574393660307	6.809523809523809
1.0	2.0	0.0	0.04210371258104241	4.809523809523809
1.0	2.0	0.0	0.04210371258104241	4.809523809523809
1.0	2.0	0.0	0.04270558116491197	5.380952380952381
1.0	2.0	0.0	0.04270558116491197	5.380952380952381
1.0	1.0	0.0	0.025607417851942264	7.761904761904762
1.0	1.0	0.0	0.025424537241714264	6.0476190476190474
1.0	1.0	0.0	0.025424537241714264	6.0476190476190474
1.0	1.0	0.0	0.025462476528953736	6.428571428571429
