Constant_feature	Degree	Clustering_coefficient	Pagerank	Aver_path_len
1.0	1.0	0.0	0.0215545003637984	6.869565217391305
1.0	0.0	0.0	0.0	0.0
1.0	1.0	0.0	0.021551009095498515	6.3478260869565215
1.0	1.0	0.0	0.02174740732756944	6.434782608695652
1.0	1.0	0.0	0.021584195320250913	4.956521739130435
1.0	1.0	0.0	0.020835486898707255	4.869565217391305
1.0	2.0	0.0	0.03902113868454457	5.565217391304348
1.0	3.0	0.0	0.0547369508072913	3.739130434782609
1.0	2.0	0.0	0.03720861800889791	4.521739130434782
1.0	3.0	0.0	0.05666955657743876	4.782608695652174
1.0	3.0	0.0	0.05860411863029828	5.478260869565218
1.0	2.0	0.0	0.03969409940831142	6.260869565217392
1.0	2.0	0.0	0.039882670837191825	7.043478260869565
1.0	2.0	0.0	0.03967238288453859	6.3478260869565215
1.0	2.0	0.0	0.03858555328184249	4.3478260869565215
1.0	3.0	0.0	0.05805751919657588	4.0
1.0	2.0	0.0	0.038005184375814474	3.8260869565217392
1.0	3.0	0.0	0.05556206645358518	3.9130434782608696
1.0	2.0	0.0	0.037331259221706665	4.260869565217392
1.0	3.0	0.0	0.05407678134196414	4.173913043478261
1.0	3.0	0.0	0.05414126384133207	4.695652173913044
1.0	2.0	0.0	0.03777369944043063	4.782608695652174
1.0	2.0	0.0	0.03779721904217086	5.304347826086956
1.0	3.0	0.0	0.05794947814273593	5.391304347826087
1.0	3.0	0.0	0.05795784081750427	5.913043478260869
