Constant_feature	Degree	Clustering_coefficient	Pagerank	Aver_path_len
1.0	1.0	0.0	0.011642649488408244	8.4
1.0	1.0	0.0	0.010542685193297338	6.844444444444444
1.0	2.0	0.0	0.021558235236599714	8.8
1.0	2.0	0.0	0.020212106023026907	7.133333333333334
1.0	2.0	0.0	0.0218494247280756	9.511111111111111
1.0	2.0	0.0	0.021838704255481164	9.555555555555555
1.0	1.0	0.0	0.011182669343920178	7.5777777777777775
1.0	1.0	0.0	0.012095935396107517	12.466666666666667
1.0	1.0	0.0	0.012095935396107517	12.466666666666667
1.0	3.0	0.0	0.026829474827943955	5.6
1.0	2.0	0.0	0.01932353276431973	6.155555555555556
1.0	2.0	0.0	0.018602640861555907	6.777777777777778
1.0	3.0	0.0	0.03306783481981386	11.488888888888889
1.0	3.0	0.0	0.02796462568896201	6.488888888888889
1.0	3.0	0.0	0.026488702125210112	6.044444444444444
1.0	2.0	0.0	0.018612194777826295	6.288888888888889
1.0	3.0	0.0	0.026371016222741902	5.488888888888889
1.0	3.0	0.0	0.026712950834354227	6.133333333333334
1.0	2.0	0.0	0.0210418338137984	7.4222222222222225
1.0	2.0	0.0	0.018226113223030298	5.666666666666667
1.0	3.0	0.0	0.026883242309104643	6.311111111111111
1.0	3.0	0.0	0.027136428376782915	5.7555555555555555
1.0	3.0	0.0	0.027895858305116344	5.866666666666666
1.0	2.0	0.0	0.018950652605488748	7.022222222222222
1.0	3.0	0.0	0.027282445777172225	6.222222222222222
1.0	2.0	0.0	0.01900962611228143	7.2
1.0	2.0	0.0	0.019472359932942097	7.911111111111111
1.0	2.0	0.0	0.019491119734037117	8.088888888888889
1.0	2.0	0.0	0.018596784383389665	6.822222222222222
1.0	3.0	0.0	0.027479965186437583	7.2444444444444445
1.0	3.0	0.0	0.02746056723639881	7.288888888888889
1.0	3.0	0.0	0.028989117588910575	7.866666666666666
1.0	2.0	0.0	0.019275656308303336	8.0
1.0	3.0	0.0	0.03003094802893367	6.6
1.0	3.0	0.0	0.029566430068969498	8.577777777777778
1.0	3.0	0.0	0.029545405564126312	8.622222222222222
1.0	2.0	0.0	0.020067747737516368	7.711111111111111
1.0	1.0	0.0	0.011875147945793252	9.777777777777779
1.0	1.0	0.0	0.012006124286619065	10.488888888888889
1.0	3.0	0.0	0.02932094978756704	8.333333333333334
1.0	1.0	0.0	0.01200136787741928	10.533333333333333
1.0	2.0	0.0	0.020133816686186294	9.088888888888889
1.0	2.0	0.0	0.020133816686186294	9.088888888888889
1.0	2.0	0.0	0.0203573039617451	9.844444444444445
1.0	2.0	0.0	0.0203573039617451	9.844444444444445
1.0	3.0	0.0	0.0304205485302462	10.6
