Constant_feature	Degree	Clustering_coefficient	Pagerank	Aver_path_len
1.0	0.0	0.0	0.0	0.0
1.0	2.0	0.0	0.02792566904235353	4.625
1.0	2.0	0.0	0.027268443855193926	5.3125
1.0	1.0	0.0	0.014578813484382048	5.4375
1.0	1.0	0.0	0.015279372857918246	5.84375
1.0	1.0	0.0	0.016148557697439715	6.1875
1.0	3.0	0.0	0.036675136873956626	4.625
1.0	2.0	0.0	0.025159880199582315	5.15625
1.0	2.0	0.0	0.03126377358582471	6.71875
1.0	4.0	0.0	0.052344735605463114	4.09375
1.0	3.0	0.0	0.037452931393534755	3.9375
1.0	3.0	0.0	0.0378040692502742	4.375
1.0	3.0	0.0	0.03618368841328945	4.1875
1.0	2.0	0.0	0.02498006530055557	5.125
1.0	2.0	0.0	0.025121707659403303	4.09375
1.0	2.0	0.0	0.029469993348638236	5.0
1.0	3.0	0.0	0.03849442262190767	4.46875
1.0	3.0	0.0	0.03615480436380833	4.5625
1.0	3.0	0.0	0.03649128643120064	5.03125
1.0	2.0	0.0	0.02664171835432092	5.15625
1.0	3.0	0.0	0.04082891444112581	4.875
1.0	2.0	0.0	0.025274288029553508	5.625
1.0	1.0	0.0	0.016292253586852757	5.96875
1.0	3.0	0.0	0.03765562305084581	6.21875
1.0	3.0	0.0	0.037610437870622744	5.75
1.0	3.0	0.0	0.0437304215324526	5.21875
1.0	2.0	0.0	0.02659698446699681	7.0625
1.0	2.0	0.0	0.030216076202273026	5.9375
1.0	2.0	0.0	0.026581377331077898	6.59375
1.0	2.0	0.0	0.027266905753303403	7.90625
1.0	2.0	0.0	0.027261914595732302	7.4375
1.0	2.0	0.0	0.0325197015632931	7.5625
1.0	2.0	0.0	0.034273848178362945	8.46875
1.0	1.0	0.0	0.018452183058459783	9.4375
