Constant_feature	Degree	Clustering_coefficient	Pagerank	Aver_path_len
1.0	0.0	0.0	0.0	0.0
1.0	1.0	0.0	0.016537346812401803	6.6
1.0	2.0	0.0	0.026649330576629736	4.9
1.0	3.0	0.0	0.04809863676733278	6.2
1.0	2.0	0.0	0.02731533693941244	3.966666666666667
1.0	2.0	0.0	0.026711301606390906	5.2
1.0	3.0	0.0	0.03844821797241921	4.233333333333333
1.0	3.0	0.0	0.038877188768844995	3.8666666666666667
1.0	3.0	0.0	0.03855791422455	4.633333333333334
1.0	3.0	0.0	0.0392582127705661	5.233333333333333
1.0	3.0	0.0	0.039629720071961014	5.366666666666666
1.0	3.0	0.0	0.03941480093917116	4.433333333333334
1.0	2.0	0.0	0.03060956776935851	5.5
1.0	3.0	0.0	0.03972738015221506	4.833333333333333
1.0	3.0	0.0	0.04318673713400452	4.866666666666666
1.0	3.0	0.0	0.0414238586432268	4.133333333333334
1.0	2.0	0.0	0.028607585418578083	4.5
1.0	2.0	0.0	0.03455040404866852	7.1
1.0	2.0	0.0	0.03455040404866852	7.1
1.0	2.0	0.0	0.027946823227831458	6.066666666666666
1.0	2.0	0.0	0.028076514580235787	6.2
1.0	2.0	0.0	0.02801764071871233	5.266666666666667
1.0	3.0	0.0	0.04436915966253646	5.633333333333334
1.0	2.0	0.0	0.028957692494186393	4.9
1.0	2.0	0.0	0.028126451810857357	5.666666666666667
1.0	2.0	0.0	0.02956897665192771	5.266666666666667
1.0	2.0	0.0	0.02876365563569435	6.9
1.0	2.0	0.0	0.028803754860085812	7.033333333333333
1.0	2.0	0.0	0.028816165290781237	6.1
1.0	1.0	0.0	0.018774591004386998	8.066666666666666
1.0	1.0	0.0	0.018774591004386998	8.066666666666666
1.0	2.0	0.0	0.02885003839397664	6.5
