Constant_feature	Degree	Clustering_coefficient	Pagerank	Aver_path_len
1.0	2.0	0.0	0.001195816810891143	2.5
1.0	2.0	0.0	0.0011883136385049484	2.125
1.0	2.0	0.0	0.001189140520244577	2.25
1.0	1.0	0.0	0.0007283279793297539	3.75
1.0	3.0	0.0	0.0017909156475619213	2.375
1.0	3.0	0.0	0.0017581875592934636	1.875
1.0	2.0	0.0	0.0012558797044431931	2.25
1.0	1.0	0.0	0.0006607619133915092	3.25
1.0	2.0	0.0	0.0013437673374506005	2.875
1.0	1.0	0.0	0.0006358847495401086	3.769230769230769
1.0	3.0	0.0	0.0016402515767137882	2.3076923076923075
1.0	2.0	0.0	0.0011561767305960516	3.4615384615384617
1.0	2.0	0.0	0.0011561767305960516	3.4615384615384617
1.0	3.0	0.0	0.0016401261061323716	2.3076923076923075
1.0	3.0	0.0	0.001708217148887874	2.8461538461538463
1.0	2.0	0.0	0.0011381146715175221	2.769230769230769
1.0	2.0	0.0	0.0011381146715175221	2.769230769230769
1.0	3.0	0.0	0.001708217148887874	2.8461538461538463
1.0	3.0	0.0	0.001753410483283768	3.6923076923076925
1.0	2.0	0.0	0.0011618811089048491	3.230769230769231
1.0	2.0	0.0	0.0011618811089048491	3.230769230769231
1.0	1.0	0.0	0.0006358847495401086	3.769230769230769
1.0	1.0	0.0	0.0006496136322612094	4.615384615384615
1.0	2.0	1.0	0.00105243478660224	4.458333333333333
1.0	2.0	1.0	0.001068879778904198	5.208333333333333
1.0	2.0	0.0	0.0011139900475825412	4.375
1.0	1.0	0.0	0.0006316167669280059	4.75
1.0	1.0	0.0	0.0006315360479131832	5.666666666666667
1.0	4.0	0.16666666666666666	0.0020739842584501485	4.083333333333333
1.0	3.0	0.3333333333333333	0.0015411259950594604	3.9166666666666665
1.0	4.0	0.16666666666666666	0.002115362440096077	4.708333333333333
1.0	3.0	0.3333333333333333	0.0015648221429671206	4.708333333333333
1.0	2.0	0.0	0.0010745012829697477	4.375
1.0	2.0	0.0	0.0010764064240236394	4.583333333333333
1.0	2.0	0.0	0.0010608879942504128	3.7916666666666665
1.0	3.0	0.0	0.001583783113989629	3.6666666666666665
1.0	2.0	0.0	0.0011157500833679978	4.583333333333333
1.0	1.0	0.0	0.0005901085290918481	5.041666666666667
1.0	3.0	0.0	0.001607974346058838	3.6666666666666665
1.0	1.0	0.0	0.0005994452866638674	5.666666666666667
1.0	2.0	0.0	0.0011471353939141063	4.458333333333333
1.0	3.0	0.0	0.0016941935581914545	3.7916666666666665
1.0	3.0	0.0	0.0017320130152663066	4.0
1.0	2.0	0.0	0.0011594836776033868	4.291666666666667
1.0	3.0	0.0	0.0016681546541905913	4.333333333333333
1.0	3.0	0.0	0.0016935207721355003	4.708333333333333
1.0	1.0	0.0	0.0006431788808992566	4.958333333333333
1.0	1.0	0.0	0.0006239082537446319	5.291666666666667
1.0	2.0	0.0	0.0012647562997337967	6.851851851851852
1.0	2.0	0.0	0.001266440552861407	7.37037037037037
1.0	1.0	0.0	0.0006509269626388381	5.666666666666667
1.0	1.0	0.0	0.0006889033784092744	7.296296296296297
1.0	2.0	0.0	0.0012664010409832419	7.37037037037037
1.0	2.0	0.0	0.0012687262664390984	8.037037037037036
1.0	2.0	0.0	0.0011789694847684261	4.777777777777778
1.0	3.0	0.0	0.0016665645900969962	4.925925925925926
1.0	2.0	0.0	0.0011515301859572344	4.777777777777778
1.0	2.0	0.0	0.0011539909820259318	5.148148148148148
1.0	2.0	0.0	0.001172060737908666	4.925925925925926
1.0	3.0	0.0	0.001709787542503269	5.444444444444445
1.0	3.0	0.0	0.0016730511818045298	5.444444444444445
1.0	3.0	0.0	0.0017561033358289293	4.703703703703703
1.0	2.0	0.0	0.0011419602906597528	5.444444444444445
1.0	2.0	0.0	0.001154785947058876	5.962962962962963
1.0	3.0	0.0	0.0017242539187198353	5.962962962962963
1.0	3.0	0.0	0.0017321564659533652	6.481481481481482
1.0	2.0	0.0	0.0012551416406876245	6.333333333333333
1.0	2.0	0.0	0.0011448355840586826	5.962962962962963
1.0	2.0	0.0	0.0011485606287021093	6.111111111111111
1.0	3.0	0.0	0.0017277754080701514	6.481481481481482
1.0	3.0	0.0	0.0017364302019648235	7.148148148148148
1.0	2.0	0.0	0.0011601187623002836	6.62962962962963
1.0	1.0	0.0	0.0006919762915543251	7.814814814814815
1.0	1.0	0.0	0.0006939752479598673	8.333333333333334
1.0	1.0	0.0	0.0006927873959218415	8.333333333333334
1.0	1.0	0.0	0.0006949309089967194	9.0
1.0	1.0	0.0	0.0007570344639436536	8.85
1.0	1.0	0.0	0.0006737870403197147	5.6
1.0	2.0	0.0	0.0012677163529432574	5.8
1.0	2.0	0.0	0.0012699696242146948	6.35
1.0	2.0	0.0	0.0012103681614438993	4.4
1.0	2.0	0.0	0.001266260438668951	5.65
1.0	2.0	0.0	0.0012970477278243264	6.3
1.0	2.0	0.0	0.0012439238184922972	5.1
1.0	2.0	0.0	0.0013404230226079683	7.05
1.0	2.0	0.0	0.0011648446447770381	4.2
1.0	2.0	0.0	0.0011914284119339728	4.25
1.0	3.0	0.0	0.0018331436196455263	4.65
1.0	3.0	0.0	0.001681112559519558	4.25
1.0	2.0	0.0	0.00140848409732764	7.9
1.0	2.0	0.0	0.0011479409593953354	4.6
1.0	2.0	0.0	0.0011518322040234411	4.8
1.0	3.0	0.0	0.0017306501902701432	4.95
1.0	3.0	0.0	0.0017386731832723878	5.5
1.0	2.0	0.0	0.0011624157716313742	5.15
1.0	1.0	0.0	0.000693442566511426	6.75
1.0	1.0	0.0	0.0006954270671593179	7.3
1.0	2.0	0.0	0.0011614250940087743	3.1538461538461537
1.0	2.0	0.0	0.001256500973711697	3.6153846153846154
1.0	1.0	0.0	0.0006358787975145655	3.5384615384615383
1.0	2.0	0.0	0.0011346266239455772	3.0
1.0	2.0	0.0	0.0011595022730002016	3.4615384615384617
1.0	3.0	0.0	0.0016307726308475068	2.4615384615384617
1.0	3.0	0.0	0.0016321237755970105	2.230769230769231
1.0	2.0	0.0	0.0011678368216308539	3.5384615384615383
1.0	2.0	0.0	0.001127731680628752	2.769230769230769
1.0	2.0	0.0	0.0011260282309518272	2.5384615384615383
1.0	3.0	0.0	0.0017077004304953199	2.6153846153846154
1.0	3.0	0.0	0.0017108824820104038	2.8461538461538463
1.0	2.0	0.0	0.0011438532719277514	3.076923076923077
1.0	1.0	0.0	0.0006890875310137077	4.538461538461538
1.0	1.0	0.0	0.0007306574482767791	7.24
1.0	0.0	0.0	0.0	0.0
1.0	2.0	0.0	0.001239897799685209	5.32
1.0	2.0	0.0	0.0012417379170674586	5.8
1.0	2.0	0.0	0.0012491203259935627	5.56
1.0	2.0	0.0	0.0010855377235365615	4.12
1.0	3.0	0.0	0.001553587747487924	3.48
1.0	3.0	0.0	0.0015767162157329963	3.96
1.0	3.0	0.0	0.0015509862022579702	3.32
1.0	2.0	0.0	0.001093292881111434	4.76
1.0	3.0	0.0	0.0015766731967188042	3.4
1.0	2.0	0.0	0.001103858060694582	4.6
1.0	3.0	0.0	0.001635626090134862	3.88
1.0	2.0	0.0	0.0011822068385801787	4.6
1.0	2.0	0.0	0.0010926729341855386	3.96
1.0	2.0	0.0	0.0011007796579000962	4.44
1.0	2.0	0.0	0.0011051409353359256	4.04
1.0	2.0	0.0	0.0012627432138967087	5.4
1.0	3.0	0.0	0.00167749817746755	4.44
1.0	3.0	0.0	0.0016806343300156804	4.92
1.0	2.0	0.0	0.0011266606278455063	4.52
1.0	3.0	0.0	0.0016953718755966167	4.68
1.0	2.0	0.0	0.0011391651459686791	5.16
1.0	2.0	0.0	0.0013490351458319162	6.28
1.0	1.0	0.0	0.0006814821374011866	6.28
1.0	1.0	0.0	0.0006821640138708864	6.76
1.0	1.0	0.0	0.0006855187895041487	6.52
1.0	2.0	0.0	0.0012369766944651797	5.136363636363637
1.0	2.0	0.0	0.0012370066885207007	5.590909090909091
1.0	3.0	0.0	0.0015412023598835075	3.4545454545454546
1.0	3.0	0.0	0.0015040566699692217	2.909090909090909
1.0	2.0	0.0	0.0010674017899573124	3.8636363636363638
1.0	2.0	0.0	0.001080543526410239	4.090909090909091
1.0	3.0	0.0	0.0015279994680223634	3.1363636363636362
1.0	3.0	0.0	0.0015327590423526952	3.090909090909091
1.0	2.0	0.0	0.0010701043169948096	4.090909090909091
1.0	2.0	0.0	0.0010992957917796402	4.454545454545454
1.0	3.0	0.0	0.001554531784346732	3.5454545454545454
1.0	2.0	0.0	0.0010881067334547866	4.2727272727272725
1.0	3.0	0.0	0.0015663612053085567	3.6363636363636362
1.0	2.0	0.0	0.0010822588371004365	3.727272727272727
1.0	2.0	0.0	0.0010847026343430877	3.6818181818181817
1.0	2.0	0.0	0.001091248308454223	4.136363636363637
1.0	2.0	0.0	0.0010967085175628546	4.2272727272727275
1.0	3.0	0.0	0.0016716079183085467	4.2727272727272725
1.0	2.0	0.0	0.0011119051519248562	4.318181818181818
1.0	3.0	0.0	0.0016716181527671723	4.7272727272727275
1.0	2.0	0.0	0.0011183766053349167	4.818181818181818
1.0	1.0	0.0	0.0006801458299752897	6.090909090909091
1.0	1.0	0.0	0.0006801437011579307	6.545454545454546
1.0	0.0	0.0	0.0	0.0
1.0	2.0	0.0	0.0012370412030130332	5.2
1.0	3.0	0.0	0.0015413466396643517	3.25
1.0	3.0	0.0	0.0015042882138866249	2.75
1.0	2.0	0.0	0.0010674703943794879	3.6
1.0	2.0	0.0	0.0010806407767397501	3.85
1.0	3.0	0.0	0.0015281160187068682	2.9
1.0	3.0	0.0	0.0015332285002257191	3.05
1.0	2.0	0.0	0.001070161220725207	3.75
1.0	2.0	0.0	0.0010994313345768668	4.25
1.0	3.0	0.0	0.0015546116693543953	3.25
1.0	2.0	0.0	0.0010882815773229108	4.15
1.0	3.0	0.0	0.001566809542466009	3.55
1.0	2.0	0.0	0.0010823138408005831	3.45
1.0	2.0	0.0	0.0010853728226908384	3.8
1.0	2.0	0.0	0.0010912919080418484	3.8
1.0	2.0	0.0	0.0010971349523582691	4.3
1.0	2.0	0.0	0.001111949478759853	4.0
1.0	3.0	0.0	0.001671668717694208	4.35
1.0	2.0	0.0	0.0011155075474945887	4.55
1.0	2.0	0.0	0.001119102667635092	5.05
1.0	1.0	0.0	0.0006801568993894185	6.15
1.0	2.0	0.0	0.0010893734766646492	3.7916666666666665
1.0	1.0	0.0	0.0006510594512959885	5.166666666666667
1.0	3.0	0.0	0.0015273062258443029	3.6666666666666665
1.0	2.0	0.0	0.0010433264705467479	3.6666666666666665
1.0	2.0	0.0	0.0012809713463196632	5.083333333333333
1.0	1.0	0.0	0.0006998778895311464	6.041666666666667
1.0	3.0	0.0	0.0015102652692468672	3.6666666666666665
1.0	3.0	0.0	0.0015303813829766126	4.125
1.0	3.0	0.0	0.0015760406842867203	3.5
1.0	3.0	0.0	0.0015543188558861175	4.75
1.0	3.0	0.0	0.0015560775767591826	3.4166666666666665
1.0	2.0	0.0	0.0010621073530997483	4.291666666666667
1.0	2.0	0.0	0.0010677126278012487	4.75
1.0	2.0	0.0	0.0010834148121309627	4.916666666666667
1.0	2.0	0.0	0.0010917906608075623	5.541666666666667
1.0	3.0	0.0	0.0017586408025860975	4.208333333333333
1.0	2.0	0.0	0.001113032391903637	5.708333333333333
1.0	2.0	0.0	0.0011093997124752481	4.25
1.0	2.0	0.0	0.0011156003045620726	6.333333333333333
1.0	3.0	0.0	0.0016517076364372047	4.791666666666667
1.0	2.0	0.0	0.0011438172158162098	5.583333333333333
1.0	2.0	0.0	0.0011438172158162098	5.583333333333333
1.0	2.0	0.0	0.0011656451476073223	6.375
1.0	2.0	0.0	0.0011656451476073223	6.375
1.0	2.0	0.0	0.0011728678728553487	7.166666666666667
1.0	1.0	0.0	0.0006584450445138268	5.363636363636363
1.0	1.0	0.0	0.0006531973793510964	7.2727272727272725
1.0	1.0	0.0	0.0006539049542752834	7.318181818181818
1.0	1.0	0.0	0.0006539049542752834	7.318181818181818
1.0	1.0	0.0	0.0006550534279142935	7.954545454545454
1.0	2.0	0.0	0.0011906741718905405	4.454545454545454
1.0	2.0	0.0	0.0011635121981199187	4.7727272727272725
1.0	2.0	0.0	0.0011632540183161926	4.818181818181818
1.0	2.0	0.0	0.0011812293273860686	4.545454545454546
1.0	2.0	0.0	0.0011828116764645295	4.590909090909091
1.0	3.0	0.0	0.0016897273820304709	5.090909090909091
1.0	3.0	0.0	0.0016910159713660945	5.136363636363637
1.0	3.0	0.0	0.0017846077236939337	4.409090909090909
1.0	2.0	0.0	0.0011607654801671185	5.7272727272727275
1.0	2.0	0.0	0.0011618121147811663	5.7727272727272725
1.0	2.0	0.0	0.0011618121147811663	5.7727272727272725
1.0	2.0	0.0	0.0011611444320434334	5.818181818181818
1.0	3.0	0.0	0.0017645751714711977	6.318181818181818
1.0	3.0	0.0	0.0017643795837130117	6.363636363636363
1.0	3.0	0.0	0.0017643795837130117	6.363636363636363
1.0	2.0	0.0	0.0011772497326432443	6.409090909090909
1.0	3.0	0.0	0.0017732521670570638	7.0
1.0	2.0	0.0	0.00118435311842711	7.045454545454546
1.0	2.0	0.0	0.0011193852031205012	3.235294117647059
1.0	1.0	0.0	0.0006233102606877168	3.823529411764706
1.0	2.0	0.0	0.0011404190580574815	4.470588235294118
1.0	2.0	0.0	0.0011404190580574815	4.470588235294118
1.0	3.0	0.0	0.0015761304267381854	3.0
1.0	2.0	0.0	0.0011575000554389391	5.235294117647059
1.0	3.0	0.0	0.0015932330800080198	2.764705882352941
1.0	3.0	0.0	0.0015932464247773973	3.4705882352941178
1.0	2.0	0.0	0.0011575000554389391	5.235294117647059
1.0	3.0	0.0	0.001653398706401649	3.7058823529411766
1.0	2.0	0.0	0.0011050128003406738	3.7058823529411766
1.0	2.0	0.0	0.0011038622312622593	3.4705882352941178
1.0	2.0	0.0	0.001103844230704006	4.176470588235294
1.0	2.0	0.0	0.0011103988920280659	4.176470588235294
1.0	3.0	0.0	0.0016657433775664047	2.8823529411764706
1.0	2.0	0.0	0.0011172751374707792	3.9411764705882355
1.0	2.0	0.0	0.001129680908542366	4.411764705882353
1.0	2.0	0.0	0.0011318623155813544	4.882352941176471
1.0	4.0	0.0	0.0022638737359780654	3.3043478260869565
1.0	4.0	0.0	0.0022638737359780654	3.3043478260869565
1.0	2.0	0.0	0.0011617015799032624	4.043478260869565
1.0	2.0	0.0	0.0011617015799032624	4.043478260869565
1.0	1.0	0.0	0.0006329872396923055	4.260869565217392
1.0	1.0	0.0	0.0006329872396923055	4.260869565217392
1.0	1.0	0.0	0.0006329872396923055	4.260869565217392
1.0	1.0	0.0	0.0006329872396923055	4.260869565217392
1.0	3.0	0.0	0.0015118495173448605	2.652173913043478
1.0	3.0	0.0	0.0015961912456367072	2.739130434782609
1.0	3.0	0.0	0.0015164568439076874	3.0434782608695654
1.0	3.0	0.0	0.0015164568439076874	3.0434782608695654
1.0	3.0	0.0	0.0015177745835074808	3.4347826086956523
1.0	3.0	0.0	0.0015177745835074808	3.4347826086956523
1.0	2.0	0.0	0.0010752326334404695	3.8260869565217392
1.0	2.0	0.0	0.0010752326334404695	3.8260869565217392
1.0	2.0	0.0	0.0010759362073652638	4.217391304347826
1.0	2.0	0.0	0.0010759362073652638	4.217391304347826
1.0	2.0	0.0	0.0011748364671227683	4.695652173913044
1.0	2.0	0.0	0.0011748364671227683	4.695652173913044
1.0	2.0	0.0	0.001104517681798763	4.608695652173913
1.0	2.0	0.0	0.001104517681798763	4.608695652173913
1.0	2.0	0.0	0.001104490220915658	5.0
1.0	2.0	0.0	0.001104490220915658	5.0
1.0	4.0	0.0	0.0023420445668887193	4.193548387096774
1.0	2.0	0.0	0.0011310016799828825	3.806451612903226
1.0	1.0	0.0	0.0006156825508540009	4.967741935483871
1.0	3.0	0.0	0.0015910745115270603	4.645161290322581
1.0	4.0	0.0	0.0020961348369497182	4.064516129032258
1.0	4.0	0.0	0.002241331789128704	5.354838709677419
1.0	2.0	0.0	0.0011062049777540073	4.903225806451613
1.0	2.0	0.0	0.0011388930918451654	6.193548387096774
1.0	2.0	0.0	0.0010870087502426041	5.096774193548387
1.0	2.0	0.0	0.0011320185146177415	5.612903225806452
1.0	3.0	0.0	0.0015487608743592778	3.6774193548387095
1.0	2.0	0.0	0.0010841999523495938	4.709677419354839
1.0	1.0	0.0	0.0005959329436103129	5.032258064516129
1.0	3.0	0.0	0.0015665429216928288	4.129032258064516
1.0	1.0	0.0	0.000628621057701471	6.32258064516129
1.0	1.0	0.0	0.000628621057701471	6.32258064516129
1.0	2.0	0.0	0.0010692551049722924	3.6129032258064515
1.0	3.0	0.0	0.0016433612941052806	4.0
1.0	3.0	0.0	0.0016099282099075506	3.4838709677419355
1.0	3.0	0.0	0.0016448373334500064	3.935483870967742
1.0	3.0	0.0	0.0018261634959650652	4.774193548387097
1.0	3.0	0.0	0.0018932511978755453	5.032258064516129
1.0	3.0	0.0	0.0018932511978755453	5.032258064516129
1.0	3.0	0.0	0.0018932511978755453	5.032258064516129
1.0	1.0	0.0	0.0006705950840864491	5.741935483870968
1.0	1.0	0.0	0.0006705950840864491	5.741935483870968
1.0	1.0	0.0	0.0006929349270168132	6.0
1.0	1.0	0.0	0.0006929349270168132	6.0
1.0	1.0	0.0	0.0006929349270168132	6.0
1.0	1.0	0.0	0.0006929349270168132	6.0
1.0	1.0	0.0	0.0006929349270168132	6.0
1.0	1.0	0.0	0.0006929349270168132	6.0
1.0	4.0	0.0	0.002400424394108378	5.142857142857143
1.0	4.0	0.0	0.0024004243941083783	5.142857142857143
1.0	1.0	0.0	0.0006950534404134784	6.914285714285715
1.0	1.0	0.0	0.0006950534404134784	6.914285714285715
1.0	1.0	0.0	0.0006950534404134784	6.914285714285715
1.0	1.0	0.0	0.0006950534404134785	6.914285714285715
1.0	1.0	0.0	0.0006950534404134785	6.914285714285715
1.0	1.0	0.0	0.0006950534404134785	6.914285714285715
1.0	2.0	0.0	0.0011347975529806616	4.514285714285714
1.0	2.0	0.0	0.0011347975529806616	4.514285714285714
1.0	1.0	0.0	0.0006632390123846114	6.114285714285714
1.0	1.0	0.0	0.0006632390123846114	6.114285714285714
1.0	1.0	0.0	0.0006632390123846114	6.114285714285714
1.0	1.0	0.0	0.0006632390123846114	6.114285714285714
1.0	3.0	0.0	0.001506278320939642	3.5428571428571427
1.0	3.0	0.0	0.001506278320939642	3.5428571428571427
1.0	3.0	0.0	0.0015313075686606114	4.171428571428572
1.0	3.0	0.0	0.0015313075686606114	4.171428571428572
1.0	3.0	0.0	0.0015722946802714391	3.942857142857143
1.0	3.0	0.0	0.0015722946802714391	3.942857142857143
1.0	3.0	0.0	0.0015599293227784325	4.914285714285715
1.0	3.0	0.0	0.0015599293227784325	4.914285714285715
1.0	2.0	0.0	0.001079809836158771	4.685714285714286
1.0	2.0	0.0	0.001079809836158771	4.685714285714286
1.0	2.0	0.0	0.001077522087702447	5.314285714285714
1.0	2.0	0.0	0.001077522087702447	5.314285714285714
1.0	2.0	0.0	0.001084068897035797	5.0285714285714285
1.0	2.0	0.0	0.001084068897035797	5.0285714285714285
1.0	2.0	0.0	0.0010942350831251073	5.771428571428571
1.0	2.0	0.0	0.0010942350831251073	5.771428571428571
1.0	2.0	0.0	0.0011140724145696425	5.885714285714286
1.0	2.0	0.0	0.0011140724145696425	5.885714285714286
1.0	2.0	0.0	0.0011170768081234263	6.628571428571429
1.0	2.0	0.0	0.0011170768081234263	6.628571428571429
1.0	4.0	0.0	0.0025387669097582063	5.942857142857143
1.0	4.0	0.0	0.0025387669097582063	5.942857142857143
1.0	2.0	0.0	0.0010941093308089221	4.55
1.0	2.0	0.0	0.0011509453038258065	4.7
1.0	2.0	0.0	0.001149592877702574	4.825
1.0	2.0	0.0	0.001150549032209062	4.925
1.0	2.0	0.0	0.0011591471575795628	5.15
1.0	2.0	0.0	0.00119293925955365	5.625
1.0	1.0	0.0	0.0006687079044150213	6.4
1.0	1.0	0.0	0.0006680938649724086	6.525
1.0	1.0	0.0	0.0006683172266591833	6.625
1.0	1.0	0.0	0.0006785159524441834	7.325
1.0	1.0	0.0	0.0007398809257404031	8.7
1.0	3.0	0.0	0.0016046608404258634	4.025
1.0	3.0	0.0	0.0016084792829778993	4.15
1.0	3.0	0.0	0.0016109134080654172	4.25
1.0	3.0	0.0	0.0016105793380125407	4.325
1.0	3.0	0.0	0.0016172880585543677	4.425
1.0	2.0	0.0	0.001145986301712793	4.95
1.0	3.0	0.0	0.0018269345342308754	5.925
1.0	3.0	0.0	0.0018171740329300653	5.425
1.0	4.0	0.0	0.0025525952673487967	6.25
1.0	3.0	0.0	0.0018195532693165719	5.55
1.0	4.0	0.0	0.002550349299316364	6.375
1.0	3.0	0.0	0.0018203656288080514	5.65
1.0	4.0	0.0	0.0025508913841953912	6.475
1.0	2.0	0.0	0.001289247936791926	6.8
1.0	1.0	0.0	0.0006728238011749796	6.9
1.0	4.0	0.0	0.002576727902663028	7.175
1.0	1.0	0.0	0.000697934463740678	7.225
1.0	1.0	0.0	0.000697934463740678	7.225
1.0	1.0	0.0	0.000697934463740678	7.225
1.0	3.0	0.0	0.001855105307182214	6.35
1.0	1.0	0.0	0.0006985776320008082	7.35
1.0	1.0	0.0	0.0006985776320008082	7.35
1.0	1.0	0.0	0.0006985776320008082	7.35
1.0	1.0	0.0	0.0006987275048019189	7.45
1.0	1.0	0.0	0.0006987275048019189	7.45
1.0	1.0	0.0	0.0006987275048019189	7.45
1.0	2.0	0.0	0.0013668135101385847	7.725
1.0	1.0	0.0	0.0007047590697435186	8.15
1.0	1.0	0.0	0.0007047590697435186	8.15
1.0	1.0	0.0	0.0007047590697435186	8.15
1.0	1.0	0.0	0.0006065536733265901	4.2631578947368425
1.0	1.0	0.0	0.0007282959040359917	6.631578947368421
1.0	2.0	0.0	0.001126432455315926	4.947368421052632
1.0	3.0	0.0	0.0016122814251504165	3.473684210526316
1.0	3.0	0.0	0.0015656887076300303	3.263157894736842
1.0	2.0	0.0	0.0010610186716941026	3.263157894736842
1.0	1.0	0.0	0.0006162976484779229	4.684210526315789
1.0	3.0	0.0	0.0015542571879159845	3.1578947368421053
1.0	2.0	0.0	0.001172149050165044	4.105263157894737
1.0	3.0	0.0	0.001642840321879526	3.736842105263158
1.0	2.0	0.0	0.0010999471400035905	4.052631578947368
1.0	2.0	0.0	0.0012558257693982004	4.842105263157895
1.0	3.0	0.0	0.0016103259768568213	3.3157894736842106
1.0	3.0	0.0	0.0015708796539697166	3.210526315789474
1.0	2.0	0.0	0.0013438703641788013	5.684210526315789
1.0	2.0	0.0	0.0010819610421734147	3.6315789473684212
1.0	3.0	0.0	0.0016241223220280396	4.157894736842105
1.0	2.0	0.0	0.001126432455315926	4.947368421052632
1.0	2.0	0.0	0.0011460891275876539	5.7368421052631575
1.0	2.0	0.0	0.0011460891275876539	5.7368421052631575
1.0	2.0	0.0	0.0010986752345604127	6.290322580645161
1.0	2.0	0.0	0.0010986752345604127	6.290322580645161
1.0	1.0	0.0	0.0006196928866713584	6.67741935483871
1.0	1.0	0.0	0.0006196928866713584	6.67741935483871
1.0	1.0	0.0	0.0006127952753487663	6.548387096774194
1.0	1.0	0.0	0.0006127952753487663	6.548387096774194
1.0	2.0	0.0	0.0010779991061590402	4.806451612903226
1.0	2.0	0.0	0.0010779991061590402	4.806451612903226
1.0	3.0	0.0	0.0015901516691374414	4.612903225806452
1.0	3.0	0.0	0.0015901516691374414	4.612903225806452
1.0	2.0	0.0	0.0010767545908271859	4.612903225806452
1.0	3.0	0.0	0.0015945639914361712	5.064516129032258
1.0	3.0	0.0	0.0015945639914361712	5.064516129032258
1.0	2.0	0.0	0.001101896867118694	5.451612903225806
1.0	2.0	0.0	0.001101896867118694	5.451612903225806
1.0	3.0	0.0	0.0016294593979009663	5.580645161290323
1.0	3.0	0.0	0.0016294593979009663	5.580645161290323
1.0	3.0	0.0	0.0015920557056093906	6.161290322580645
1.0	3.0	0.0	0.0015920557056093906	6.161290322580645
1.0	2.0	0.0	0.0011159205253991795	5.451612903225806
1.0	3.0	0.0	0.001652470826990511	5.709677419354839
1.0	3.0	0.0	0.001652470826990511	5.709677419354839
1.0	3.0	0.0	0.0015948559970268834	6.806451612903226
1.0	3.0	0.0	0.0015948559970268834	6.806451612903226
1.0	2.0	0.0	0.001110542211138361	7.0
1.0	2.0	0.0	0.001110542211138361	7.0
1.0	2.0	0.0	0.0011132173719732939	7.645161290322581
1.0	2.0	0.0	0.0011132173719732939	7.645161290322581
1.0	2.0	0.0	0.0011345131064558094	7.838709677419355
1.0	2.0	0.0	0.0011345131064558094	7.838709677419355
1.0	2.0	0.0	0.0011338592141127988	8.483870967741936
1.0	2.0	0.0	0.0011338592141127988	8.483870967741936
1.0	1.0	0.0	0.0006423472901507215	6.333333333333333
1.0	1.0	0.0	0.0006423472901507215	6.333333333333333
1.0	1.0	0.0	0.0006530544119416743	8.333333333333334
1.0	1.0	0.0	0.0006470365477661518	5.148148148148148
1.0	2.0	0.0	0.0013772247347194938	7.592592592592593
1.0	1.0	0.0	0.0007082429379469457	7.666666666666667
1.0	2.0	0.0	0.0011312681004412217	4.185185185185185
1.0	2.0	0.0	0.0011340397143328193	4.62962962962963
1.0	2.0	0.0	0.001120149047935326	4.185185185185185
1.0	2.0	0.0	0.001231096814876204	5.296296296296297
1.0	2.0	0.0	0.001201798958075893	4.703703703703703
1.0	2.0	0.0	0.0012630053482566867	5.962962962962963
1.0	3.0	0.0	0.001742950193348627	4.185185185185185
1.0	3.0	0.0	0.0016614186087252716	3.814814814814815
1.0	3.0	0.0	0.0019465510198630681	6.703703703703703
1.0	3.0	0.0	0.0016697866162941203	5.148148148148148
1.0	3.0	0.0	0.0016660868933990334	4.62962962962963
1.0	2.0	0.0	0.0011515435606145666	5.888888888888889
1.0	2.0	0.0	0.0011515435606145666	5.888888888888889
1.0	3.0	0.0	0.001726426000557836	5.37037037037037
1.0	3.0	0.0	0.001726426000557836	5.37037037037037
1.0	2.0	0.0	0.0011712024021436076	6.62962962962963
1.0	2.0	0.0	0.0011712024021436076	6.62962962962963
1.0	2.0	0.0	0.0011731209737150194	6.185185185185185
1.0	2.0	0.0	0.0011731209737150194	6.185185185185185
1.0	3.0	0.0	0.0017652378131324227	7.37037037037037
1.0	2.0	0.0	0.0011772866951172778	6.925925925925926
1.0	1.0	0.0	0.0007423863240321566	8.555555555555555
1.0	1.0	0.0	0.0006246989748709718	3.533333333333333
1.0	1.0	0.0	0.0006286057665143999	4.0
1.0	1.0	0.0	0.0006340606476691229	4.466666666666667
1.0	3.0	0.0	0.0016108097447462106	3.0
1.0	3.0	0.0	0.0016132668671192593	2.6
1.0	3.0	0.0	0.0016698909898983651	2.6
1.0	3.0	0.0	0.0016701039223197792	2.7333333333333334
1.0	3.0	0.0	0.001683488354489942	3.066666666666667
1.0	2.0	0.0	0.0011249388701366218	3.1333333333333333
1.0	2.0	0.0	0.0011133933479231565	3.1333333333333333
1.0	2.0	0.0	0.0011174795635264672	3.533333333333333
1.0	3.0	0.0	0.0017020458113679452	3.533333333333333
1.0	2.0	0.0	0.0011966130760252061	3.2666666666666666
1.0	2.0	0.0	0.0012731621393096033	3.933333333333333
1.0	2.0	0.0	0.00135625351003288	4.733333333333333
1.0	1.0	0.0	0.0007342748338031515	5.666666666666667
1.0	2.0	0.0	0.001021208798962703	3.6153846153846154
1.0	3.0	0.0	0.0015333245646525812	4.038461538461538
1.0	2.0	0.0	0.0010499221089097948	3.923076923076923
1.0	3.0	0.0	0.0017902081043029662	5.076923076923077
1.0	2.0	0.0	0.0010608808755652754	4.423076923076923
1.0	2.0	0.0	0.0010826621605246939	5.076923076923077
1.0	3.0	0.0	0.0014662615789210014	3.230769230769231
1.0	3.0	0.0	0.0014801763694244578	3.1538461538461537
1.0	3.0	0.0	0.0015009132605847417	3.576923076923077
1.0	3.0	0.0	0.0014955814775717406	3.4615384615384617
1.0	3.0	0.0	0.0014972551540999635	3.3461538461538463
1.0	3.0	0.0	0.0015933784874177458	4.269230769230769
1.0	3.0	0.0	0.0015584147275335479	3.730769230769231
1.0	3.0	0.0	0.0015671893425463703	3.923076923076923
1.0	2.0	0.0	0.0010707606654012372	4.884615384615385
1.0	2.0	0.0	0.0011012886363498163	4.538461538461538
1.0	2.0	0.0	0.0011012886363498163	4.538461538461538
1.0	2.0	0.0	0.0011051927965809805	4.730769230769231
1.0	2.0	0.0	0.0011051927965809805	4.730769230769231
1.0	1.0	0.0	0.0006607076549310608	6.038461538461538
1.0	1.0	0.0	0.0006607076549310608	6.038461538461538
1.0	2.0	0.0	0.0011335707915390131	5.346153846153846
1.0	2.0	0.0	0.0011335707915390131	5.346153846153846
1.0	2.0	0.0	0.0011438965076199837	6.153846153846154
1.0	2.0	0.0	0.0011366231941231176	5.538461538461538
1.0	2.0	0.0	0.0011366231941231176	5.538461538461538
1.0	2.0	0.0	0.0011465330022465475	6.346153846153846
1.0	1.0	0.0	0.0006139435762189572	4.666666666666667
1.0	2.0	0.0	0.0010397605998959264	3.5
1.0	2.0	0.0	0.0010832317617380993	3.9583333333333335
1.0	3.0	0.0	0.0018354177284029614	5.208333333333333
1.0	2.0	0.0	0.0011125900473784515	4.25
1.0	3.0	0.0	0.001509014350317701	3.0833333333333335
1.0	3.0	0.0	0.001527740877626547	3.25
1.0	3.0	0.0	0.0015173212001943523	3.2083333333333335
1.0	3.0	0.0	0.0015373564565841563	3.4166666666666665
1.0	3.0	0.0	0.001573118032520038	3.625
1.0	3.0	0.0	0.0015773602569100686	3.75
1.0	3.0	0.0	0.0016352871750947224	3.7083333333333335
1.0	3.0	0.0	0.001662573778658494	4.416666666666667
1.0	2.0	0.0	0.0011078997401660156	4.416666666666667
1.0	2.0	0.0	0.0011078997401660156	4.416666666666667
1.0	2.0	0.0	0.001109818887990837	4.541666666666667
1.0	2.0	0.0	0.001109818887990837	4.541666666666667
1.0	2.0	0.0	0.0011386551306859522	5.208333333333333
1.0	2.0	0.0	0.0011386551306859522	5.208333333333333
1.0	2.0	0.0	0.0011401130309502438	5.333333333333333
1.0	2.0	0.0	0.0011401130309502438	5.333333333333333
1.0	2.0	0.0	0.0011483694767483474	6.0
1.0	2.0	0.0	0.0011496769787160178	6.125
1.0	1.0	0.0	0.0006742308271366286	6.166666666666667
1.0	1.0	0.0	0.0006742308271366286	6.166666666666667
1.0	1.0	0.0	0.0006306869914613917	3.5
1.0	2.0	0.0	0.0011206762674956254	2.9285714285714284
1.0	3.0	0.0	0.001857974585311932	3.357142857142857
1.0	2.0	0.0	0.001117730315875706	2.642857142857143
1.0	2.0	0.0	0.0011396882314415584	2.7857142857142856
1.0	3.0	0.0	0.0016228189489296161	2.5
1.0	3.0	0.0	0.0016895670398966362	2.9285714285714284
1.0	3.0	0.0	0.0016176578923531137	2.4285714285714284
1.0	3.0	0.0	0.0017065012409221221	3.142857142857143
1.0	3.0	0.0	0.0016968156550252183	2.7142857142857144
1.0	3.0	0.0	0.0016908760453255445	2.5714285714285716
1.0	1.0	0.0	0.0006303164618195987	3.857142857142857
1.0	1.0	0.0	0.000635403981723543	4.071428571428571
1.0	1.0	0.0	0.0006809024304684527	4.285714285714286
1.0	1.0	0.0	0.0006809024304684527	4.285714285714286
1.0	1.0	0.0	0.0007111540870708912	10.923076923076923
1.0	1.0	0.0	0.0007111540870708912	10.923076923076923
1.0	1.0	0.0	0.0007111540870708912	10.923076923076923
1.0	1.0	0.0	0.0007111540870708912	10.923076923076923
1.0	1.0	0.0	0.0007111540870708912	10.923076923076923
1.0	1.0	0.0	0.0007111540870708912	10.923076923076923
1.0	2.0	0.0	0.0012476467197747145	7.487179487179487
1.0	2.0	0.0	0.0012476467197747145	7.487179487179487
1.0	1.0	0.0	0.0006634391424651424	7.6923076923076925
1.0	1.0	0.0	0.0006634391424651424	7.6923076923076925
1.0	1.0	0.0	0.000690706324656609	10.102564102564102
1.0	1.0	0.0	0.000690706324656609	10.102564102564102
1.0	3.0	0.0	0.0017251318528908805	6.051282051282051
1.0	3.0	0.0	0.0017251318528908805	6.051282051282051
1.0	2.0	0.0	0.0012425970001531854	8.41025641025641
1.0	2.0	0.0	0.0012425970001531854	8.41025641025641
1.0	2.0	0.0	0.0011850962241693715	5.897435897435898
1.0	2.0	0.0	0.0011850962241693715	5.897435897435898
1.0	2.0	0.0	0.0011735763424884982	5.948717948717949
1.0	2.0	0.0	0.0011735763424884982	5.948717948717949
1.0	2.0	0.0	0.0011841975292711934	6.564102564102564
1.0	2.0	0.0	0.0011841975292711934	6.564102564102564
1.0	2.0	0.0	0.001208569072331328	7.128205128205129
1.0	2.0	0.0	0.001208569072331328	7.128205128205129
1.0	3.0	0.0	0.0017965311691216961	6.717948717948718
1.0	3.0	0.0	0.0017965311691216961	6.717948717948718
1.0	4.0	0.0	0.002589191833060863	8.307692307692308
1.0	4.0	0.0	0.002589191833060863	8.307692307692308
1.0	2.0	0.0	0.0012268741152663177	7.743589743589744
1.0	2.0	0.0	0.0012268741152663177	7.743589743589744
1.0	1.0	0.0	0.000707664367433029	9.282051282051283
1.0	1.0	0.0	0.000707664367433029	9.282051282051283
1.0	1.0	0.0	0.000707664367433029	9.282051282051283
1.0	1.0	0.0	0.000707664367433029	9.282051282051283
1.0	1.0	0.0	0.000707664367433029	9.282051282051283
1.0	1.0	0.0	0.000707664367433029	9.282051282051283
1.0	3.0	0.0	0.0018931270169452001	9.128205128205128
1.0	3.0	0.0	0.0018931270169452001	9.128205128205128
1.0	4.0	0.0	0.0026082183185845965	9.948717948717949
1.0	4.0	0.0	0.0026082183185845965	9.948717948717949
1.0	1.0	0.0	0.0007488231188070417	2.1666666666666665
1.0	1.0	0.0	0.0007488231188070417	2.1666666666666665
1.0	1.0	0.0	0.0007488231188070417	2.1666666666666665
1.0	1.0	0.0	0.0007554823079704871	2.3333333333333335
1.0	1.0	0.0	0.0007554823079704871	2.3333333333333335
1.0	3.0	0.0	0.0016833625604074946	5.771428571428571
1.0	3.0	0.0	0.0016833625604074946	5.771428571428571
1.0	1.0	0.0	0.0007354078708424662	9.314285714285715
1.0	1.0	0.0	0.0007354078708424662	9.314285714285715
1.0	2.0	0.0	0.0011691543746385805	5.6
1.0	2.0	0.0	0.0011691543746385805	5.6
1.0	2.0	0.0	0.0011546611655002738	5.6571428571428575
1.0	2.0	0.0	0.0011546611655002738	5.6571428571428575
1.0	2.0	0.0	0.001203097246884854	6.571428571428571
1.0	2.0	0.0	0.001203097246884854	6.571428571428571
1.0	2.0	0.0	0.0011090950384641017	6.171428571428572
1.0	2.0	0.0	0.0011090950384641017	6.171428571428572
1.0	2.0	0.0	0.0012767660472755324	7.428571428571429
1.0	2.0	0.0	0.0012767660472755324	7.428571428571429
1.0	3.0	0.0	0.0016013607229505582	6.628571428571429
1.0	3.0	0.0	0.0016013607229505582	6.628571428571429
1.0	2.0	0.0	0.0013599033527760848	8.342857142857143
1.0	2.0	0.0	0.0013599033527760848	8.342857142857143
1.0	2.0	0.0	0.0010797271621329216	7.257142857142857
1.0	2.0	0.0	0.0010797271621329216	7.257142857142857
1.0	2.0	0.0	0.0010964695668058905	7.371428571428571
1.0	2.0	0.0	0.0010964695668058905	7.371428571428571
1.0	3.0	0.0	0.0015849941387492455	7.885714285714286
1.0	3.0	0.0	0.0015849941387492455	7.885714285714286
1.0	3.0	0.0	0.001591381831385102	8.628571428571428
1.0	3.0	0.0	0.001591381831385102	8.628571428571428
1.0	2.0	0.0	0.00109388840871728	8.0
1.0	2.0	0.0	0.00109388840871728	8.0
1.0	2.0	0.0	0.001108589291188787	8.742857142857142
1.0	2.0	0.0	0.001108589291188787	8.742857142857142
1.0	2.0	0.0	0.001110129071567264	9.485714285714286
1.0	2.0	0.0	0.001110129071567264	9.485714285714286
1.0	2.0	0.0	0.0011315720175593324	9.6
1.0	2.0	0.0	0.0011315720175593324	9.6
1.0	2.0	0.0	0.001132662354376453	10.342857142857143
1.0	2.0	0.0	0.001132662354376453	10.342857142857143
1.0	4.0	0.0	0.0027729407443643213	1.3333333333333333
1.0	3.0	0.0	0.002111600591915554	1.5
1.0	1.0	0.0	0.0007107125129572887	11.025641025641026
1.0	1.0	0.0	0.0007107125129572887	11.025641025641026
1.0	1.0	0.0	0.0007107125129572887	11.025641025641026
1.0	1.0	0.0	0.0007107125129572887	11.025641025641026
1.0	1.0	0.0	0.0007107125129572887	11.025641025641026
1.0	1.0	0.0	0.0007107125129572887	11.025641025641026
1.0	1.0	0.0	0.0006890724416732499	10.205128205128204
1.0	1.0	0.0	0.0006890724416732499	10.205128205128204
1.0	3.0	0.0	0.0016655785251539496	6.153846153846154
1.0	3.0	0.0	0.0016655785251539496	6.153846153846154
1.0	2.0	0.0	0.0012363942570838985	8.512820512820513
1.0	2.0	0.0	0.0012363942570838985	8.512820512820513
1.0	2.0	0.0	0.0011623940234154605	6.0
1.0	2.0	0.0	0.0011623940234154605	6.0
1.0	2.0	0.0	0.0011468247858671982	6.051282051282051
1.0	2.0	0.0	0.0011468247858671982	6.051282051282051
1.0	2.0	0.0	0.0011612012827278292	6.666666666666667
1.0	2.0	0.0	0.0011612012827278292	6.666666666666667
1.0	2.0	0.0	0.0011223492758081943	6.82051282051282
1.0	2.0	0.0	0.0011223492758081943	6.82051282051282
1.0	2.0	0.0	0.0011926175327849216	7.230769230769231
1.0	2.0	0.0	0.0011926175327849216	7.230769230769231
1.0	3.0	0.0	0.0016605510626133192	7.538461538461538
1.0	3.0	0.0	0.0016605510626133192	7.538461538461538
1.0	2.0	0.0	0.0012185855205846534	7.846153846153846
1.0	2.0	0.0	0.0012185855205846534	7.846153846153846
1.0	2.0	0.0	0.0011485146354320301	8.41025641025641
1.0	2.0	0.0	0.0011485146354320301	8.41025641025641
1.0	2.0	0.0	0.0011485146354320301	8.41025641025641
1.0	2.0	0.0	0.0011485146354320301	8.41025641025641
1.0	2.0	0.0	0.0011684656113458013	9.282051282051283
1.0	2.0	0.0	0.0011684656113458013	9.282051282051283
1.0	2.0	0.0	0.0011684656113458013	9.282051282051283
1.0	2.0	0.0	0.0011684656113458013	9.282051282051283
1.0	2.0	0.0	0.001176164567399173	10.153846153846153
1.0	2.0	0.0	0.001176164567399173	10.153846153846153
1.0	3.0	0.0	0.001889789260705748	9.23076923076923
1.0	3.0	0.0	0.001889789260705748	9.23076923076923
1.0	4.0	0.0	0.0026037374564462346	10.051282051282051
1.0	4.0	0.0	0.0026037374564462346	10.051282051282051
1.0	1.0	0.0	0.0006439765113163647	6.708333333333333
1.0	1.0	0.0	0.0006194026103924154	5.041666666666667
1.0	2.0	0.0	0.0010555390272445832	3.7916666666666665
1.0	2.0	0.0	0.001099178713224312	4.208333333333333
1.0	2.0	0.0	0.0011277889010878042	4.791666666666667
1.0	1.0	0.0	0.0006318430808188455	5.791666666666667
1.0	3.0	0.0	0.0015338707099728037	3.1666666666666665
1.0	3.0	0.0	0.0015478815634930216	3.4583333333333335
1.0	2.0	0.0	0.0010493467155342565	3.4583333333333335
1.0	3.0	0.0	0.0015544582648711557	3.5
1.0	3.0	0.0	0.0015892809221973998	3.625
1.0	3.0	0.0	0.001546242166616217	3.5
1.0	3.0	0.0	0.0016496588896616924	4.083333333333333
1.0	3.0	0.0	0.0015940520672245238	4.041666666666667
1.0	2.0	0.0	0.0011140746591140967	4.333333333333333
1.0	2.0	0.0	0.0011140746591140967	4.333333333333333
1.0	3.0	0.0	0.0016910865742443483	4.833333333333333
1.0	2.0	0.0	0.0011160145164430708	4.833333333333333
1.0	2.0	0.0	0.0011160145164430708	4.833333333333333
1.0	2.0	0.0	0.0011463169170057663	5.041666666666667
1.0	2.0	0.0	0.0011463169170057663	5.041666666666667
1.0	3.0	0.0	0.0017316886710912745	5.75
1.0	2.0	0.0	0.001146210850467057	5.625
1.0	2.0	0.0	0.001146210850467057	5.625
1.0	2.0	0.0	0.001153668255813191	6.416666666666667
1.0	2.0	0.0	0.0012586057196253735	6.0
1.0	1.0	0.0	0.0006145883341511105	4.76
1.0	1.0	0.0	0.000652757401701658	6.16
1.0	1.0	0.0	0.0006850583657920812	7.56
1.0	1.0	0.0	0.0006850583657920812	7.56
1.0	2.0	0.0	0.0010749490171277783	4.24
1.0	3.0	0.0	0.0018693943399565142	6.6
1.0	3.0	0.0	0.0015500924392773882	3.8
1.0	3.0	0.0	0.0015674985729494599	4.2
1.0	3.0	0.0	0.0015731018809811588	3.64
1.0	2.0	0.0	0.001080567649173932	4.64
1.0	2.0	0.0	0.001096015673235419	4.92
1.0	3.0	0.0	0.0016729554433986885	4.76
1.0	3.0	0.0	0.0016229745240809053	4.56
1.0	2.0	0.0	0.0010979105968201162	4.36
1.0	3.0	0.0	0.0016387963207762023	3.8
1.0	3.0	0.0	0.0016292588549475517	4.12
1.0	1.0	0.0	0.0006256177304727215	5.72
1.0	3.0	0.0	0.0017633811772035533	5.2
1.0	2.0	0.0	0.0011289239814593912	4.68
1.0	2.0	0.0	0.0011289239814593912	4.68
1.0	2.0	0.0	0.0011451994086230063	5.24
1.0	2.0	0.0	0.0011451994086230063	5.24
1.0	3.0	0.0	0.0017171803838577707	5.8
1.0	2.0	0.0	0.001345450752565328	6.88
1.0	1.0	0.0	0.0007293051080471723	7.84
1.0	1.0	0.0	0.0006497196686497681	4.8125
1.0	1.0	0.0	0.0006502377532571599	4.9375
1.0	1.0	0.0	0.0006502377532571599	4.9375
1.0	2.0	0.0	0.0011205813107898045	2.9375
1.0	2.0	0.0	0.0011489268900728641	3.5625
1.0	2.0	0.0	0.001177018716390863	4.5625
1.0	1.0	0.0	0.0006512122277617506	5.375
1.0	3.0	0.0	0.0016570359115748849	3.0
1.0	3.0	0.0	0.001656999641493005	3.0
1.0	2.0	0.0	0.0011481550525004117	3.4375
1.0	2.0	0.0	0.0011480797450922	3.5625
1.0	2.0	0.0	0.0011489268900728641	3.5625
1.0	3.0	0.0	0.001763190262457807	4.4375
1.0	3.0	0.0	0.0017501626409336145	3.875
1.0	2.0	0.0	0.0011665792250129836	4.0
1.0	3.0	0.0	0.001750295315835254	4.0
1.0	3.0	0.0	0.0017502953158352538	4.0
1.0	2.0	0.0	0.0012186609596628456	5.333333333333333
1.0	2.0	0.0	0.0010829983219579886	3.761904761904762
1.0	2.0	0.0	0.001095506302375413	5.761904761904762
1.0	2.0	0.0	0.0010688937716404367	4.238095238095238
1.0	2.0	0.0	0.001088487114487779	4.190476190476191
1.0	2.0	0.0	0.0010931429687797212	5.333333333333333
1.0	2.0	0.0	0.0012022591790439943	5.666666666666667
1.0	2.0	0.0	0.0012769562023950123	6.428571428571429
1.0	3.0	0.0	0.0016831547872813162	5.0
1.0	2.0	0.0	0.001359246249357994	7.285714285714286
1.0	2.0	0.0	0.001130645222288486	4.619047619047619
1.0	2.0	0.0	0.001130645222288486	4.619047619047619
1.0	3.0	0.0	0.0016157828551819748	3.857142857142857
1.0	1.0	0.0	0.0007355439545769325	8.238095238095237
1.0	2.0	0.0	0.0011176363037438573	4.238095238095238
1.0	2.0	0.0	0.0011176363037438573	4.238095238095238
1.0	3.0	0.0	0.0015811066652561532	3.761904761904762
1.0	3.0	0.0	0.0015779305255606618	4.9523809523809526
1.0	3.0	0.0	0.0015694891356304148	4.523809523809524
1.0	3.0	0.0	0.0016346988752318947	4.476190476190476
1.0	2.0	0.0	0.0011083405455155535	5.9523809523809526
1.0	1.0	0.0	0.0006717323611597177	6.285714285714286
1.0	1.0	0.0	0.0006215535701354449	7.65625
1.0	2.0	0.0	0.00103825827289786	4.5
1.0	2.0	0.0	0.0010697391505563988	4.875
1.0	2.0	0.0	0.0011044133388858344	5.3125
1.0	3.0	0.0	0.0015154085514210514	4.78125
1.0	2.0	0.0	0.0010692712364543048	6.15625
1.0	2.0	0.0	0.0010924315310965747	6.0625
1.0	2.0	0.0	0.0011287863423273578	7.46875
1.0	1.0	0.0	0.0006306895623153696	7.75
1.0	3.0	0.0	0.0015328591166175513	4.34375
1.0	3.0	0.0	0.0015369356513329675	4.3125
1.0	2.0	0.0	0.0010367269794937933	4.53125
1.0	3.0	0.0	0.0015116721330160742	4.4375
1.0	2.0	0.0	0.001082016702720116	4.78125
1.0	3.0	0.0	0.001538467931343811	5.28125
1.0	2.0	0.0	0.0010592994909661277	5.5625
1.0	3.0	0.0	0.001622736860835772	5.46875
1.0	3.0	0.0	0.0015645957854174856	5.96875
1.0	3.0	0.0	0.0016489650739797326	5.90625
1.0	2.0	0.0	0.0011301493477834088	6.25
1.0	2.0	0.0	0.0011301493477834088	6.25
1.0	3.0	0.0	0.0016593126495557363	6.6875
1.0	3.0	0.0	0.001689655802405366	6.78125
1.0	2.0	0.0	0.0011564981622131792	7.03125
1.0	2.0	0.0	0.0011564981622131792	7.03125
1.0	3.0	0.0	0.0017462899093478915	7.8125
1.0	2.0	0.0	0.0011415080675883469	6.6875
1.0	2.0	0.0	0.0011415080675883469	6.6875
1.0	2.0	0.0	0.0011648642892128224	7.46875
1.0	2.0	0.0	0.0011648642892128224	7.46875
1.0	3.0	0.0	0.0017562002881878216	8.25
1.0	1.0	0.0	0.0006476496581315581	8.78125
1.0	1.0	0.0	0.0006507654177032173	9.21875
1.0	1.0	0.0	0.0006134758126394436	5.2
1.0	1.0	0.0	0.0006669452112503152	4.5
1.0	1.0	0.0	0.0006669452112503152	4.5
1.0	1.0	0.0	0.0006996231506800468	5.4
1.0	3.0	0.0	0.0015317815651688213	3.45
1.0	2.0	0.0	0.0010503601013256022	3.3
1.0	2.0	0.0	0.0011942322407383177	3.7
1.0	3.0	0.0	0.0018095140656810473	3.55
1.0	2.0	0.0	0.0010774135684851463	4.2
1.0	3.0	0.0	0.0016336862185910345	4.25
1.0	2.0	0.0	0.001098186648661977	4.85
1.0	3.0	0.0	0.0015455791295373726	3.55
1.0	3.0	0.0	0.0015340770797881802	3.05
1.0	3.0	0.0	0.0015426187234535973	2.85
1.0	2.0	0.0	0.0010828953361078932	3.3
1.0	3.0	0.0	0.001624726542933347	2.8
1.0	3.0	0.0	0.0016671610773055438	3.25
1.0	3.0	0.0	0.0016464738549412988	3.05
1.0	1.0	0.0	0.0006230124666624461	4.2
1.0	3.0	0.0	0.0019175947700441254	4.45
1.0	1.0	0.0	0.0006996231506800468	5.4
