Constant_feature	Degree	Clustering_coefficient	Pagerank	Aver_path_len
1.0	2.0	0.0	0.03410449685086664	5.933333333333334
1.0	2.0	0.0	0.03410449685086664	5.933333333333334
1.0	1.0	0.0	0.017388994422851415	6.0
1.0	1.0	0.0	0.017388994422851415	6.0
1.0	1.0	0.0	0.016397034479730472	5.666666666666667
1.0	2.0	0.0	0.03005408517898585	5.466666666666667
1.0	3.0	0.0	0.04390542026035149	4.7
1.0	3.0	0.0	0.04163378248470873	3.7666666666666666
1.0	3.0	0.0	0.043292832290659576	4.266666666666667
1.0	3.0	0.0	0.043292832290659576	4.266666666666667
1.0	3.0	0.0	0.04143655956097729	3.8
1.0	3.0	0.0	0.044715277308104956	4.966666666666667
1.0	3.0	0.0	0.044715277308104956	4.966666666666667
1.0	2.0	0.0	0.02832494340108566	4.033333333333333
1.0	2.0	0.0	0.02883481361522445	4.633333333333334
1.0	3.0	0.0	0.04721210919396174	5.033333333333333
1.0	3.0	0.0	0.04721210919396174	5.033333333333333
1.0	1.0	0.0	0.016639945815299376	5.933333333333334
1.0	1.0	0.0	0.016639945815299376	5.933333333333334
1.0	3.0	0.0	0.04222445586793215	4.266666666666667
1.0	2.0	0.0	0.029282665745905604	4.866666666666666
1.0	2.0	0.0	0.02907116659561414	5.1
1.0	2.0	0.0	0.029452782222260707	5.266666666666667
1.0	1.0	0.0	0.018573276550308725	6.9
1.0	1.0	0.0	0.018573276550308725	6.9
1.0	3.0	0.0	0.043520429753520565	5.9
1.0	2.0	0.0	0.030044142129875034	6.733333333333333
1.0	2.0	0.0	0.030044142129875034	6.733333333333333
1.0	2.0	0.0	0.030584364693385456	7.566666666666666
1.0	2.0	0.0	0.030584364693385456	7.566666666666666
1.0	2.0	0.0	0.030750982323076697	8.4
