Constant_feature	Degree	Clustering_coefficient	Pagerank	Aver_path_len
1.0	2.0	0.0	0.05107320071530834	2.5
1.0	1.0	0.0	0.02527577324836202	3.0
1.0	1.0	0.0	0.026743356274011802	3.5454545454545454
1.0	1.0	0.0	0.026743356274011802	3.5454545454545454
1.0	2.0	0.0	0.0496572431490417	3.0
1.0	2.0	0.0	0.05145781168965367	2.625
1.0	2.0	0.0	0.05145781168965367	2.625
1.0	2.0	0.0	0.05269384897461206	3.0
1.0	2.0	0.0	0.05269384897461206	3.0
1.0	3.0	0.0	0.06838119399095191	2.090909090909091
1.0	3.0	0.0	0.07327313742805992	2.6363636363636362
1.0	3.0	0.0	0.06790574075141492	2.090909090909091
1.0	2.0	0.0	0.05505925226588415	3.625
1.0	2.0	0.0	0.05505925226588415	3.625
1.0	3.0	0.0	0.0683263398246845	2.272727272727273
1.0	2.0	0.0	0.045886679339781425	2.6363636363636362
1.0	1.0	0.0	0.02953820099791027	4.5
1.0	1.0	0.0	0.02953820099791027	4.5
1.0	2.0	0.0	0.04601285905717331	2.8181818181818183
1.0	2.0	0.0	0.046115717619169716	2.8181818181818183
1.0	1.0	0.0	0.02710717447190815	3.909090909090909
