Constant_feature	Degree	Clustering_coefficient	Pagerank	Aver_path_len
1.0	2.0	0.0	0.02982922312904598	7.935483870967742
1.0	1.0	0.0	0.01617572680405365	5.096774193548387
1.0	1.0	0.0	0.016038200930036498	5.741935483870968
1.0	1.0	0.0	0.01772364648887747	6.903225806451613
1.0	1.0	0.0	0.01772364648887747	6.903225806451613
1.0	2.0	0.0	0.029809322718272933	4.580645161290323
1.0	3.0	0.0	0.04228394643187207	5.419354838709677
1.0	2.0	0.0	0.02844335434926845	4.258064516129032
1.0	3.0	0.0	0.04135050037749776	3.806451612903226
1.0	2.0	0.0	0.0317965262834681	5.870967741935484
1.0	3.0	0.0	0.04544753357337439	5.096774193548387
1.0	3.0	0.0	0.05012925976796627	6.709677419354839
1.0	2.0	0.0	0.02750007688046399	4.129032258064516
1.0	3.0	0.0	0.04350322064170142	4.129032258064516
1.0	3.0	0.0	0.0399007327394828	4.516129032258065
1.0	2.0	0.0	0.029162532588915737	6.258064516129032
1.0	2.0	0.0	0.029162532588915737	6.258064516129032
1.0	3.0	0.0	0.04304456677106424	4.774193548387097
1.0	1.0	0.0	0.018162930369248816	7.67741935483871
1.0	1.0	0.0	0.018162930369248816	7.67741935483871
1.0	3.0	0.0	0.039690318636666236	5.096774193548387
1.0	2.0	0.0	0.029670733415148847	7.096774193548387
1.0	2.0	0.0	0.029670733415148847	7.096774193548387
1.0	2.0	0.0	0.027761668827294646	5.354838709677419
1.0	3.0	0.0	0.04018214038918591	5.806451612903226
1.0	2.0	0.0	0.027870182531073602	5.935483870967742
1.0	2.0	0.0	0.028149166704694015	6.064516129032258
1.0	2.0	0.0	0.027845974130194164	6.645161290322581
1.0	2.0	0.0	0.028040374187969046	6.645161290322581
1.0	2.0	0.0	0.028527311835140123	6.774193548387097
1.0	2.0	0.0	0.02858130780530562	7.483870967741935
1.0	3.0	0.0	0.04865967783052623	5.935483870967742
