Constant_feature	Degree	Clustering_coefficient	Pagerank	Aver_path_len
1.0	1.0	0.0	0.034341440989939485	4.333333333333333
1.0	3.0	0.0	0.09575615451725278	3.8
1.0	2.0	0.0	0.06167520483643987	3.2666666666666666
1.0	2.0	0.0	0.06074073491204344	3.2666666666666666
1.0	2.0	0.0	0.059026332014158606	4.333333333333333
1.0	2.0	0.0	0.06823756273111789	4.6
1.0	2.0	0.0	0.06823756273111789	4.6
1.0	1.0	0.0	0.03695735676365665	5.533333333333333
1.0	1.0	0.0	0.03695735676365665	5.533333333333333
1.0	3.0	0.0	0.09363664762036536	3.4
1.0	3.0	0.0	0.08611019616587197	3.6666666666666665
1.0	2.0	0.0	0.05941724243066445	3.4
1.0	2.0	0.0	0.059026332014158606	4.333333333333333
1.0	2.0	0.0	0.05987208432478365	5.0
1.0	2.0	0.0	0.06013570685998908	5.666666666666667
1.0	2.0	0.0	0.05987208432478365	5.0
