Constant_feature	Degree	Clustering_coefficient	Pagerank	Aver_path_len
1.0	0.0	0.0	0.0	0.0
1.0	2.0	0.0	0.029010195883735577	4.548387096774194
1.0	2.0	0.0	0.028150910371368847	5.161290322580645
1.0	1.0	0.0	0.01503984275325489	5.225806451612903
1.0	1.0	0.0	0.015776792720725488	5.709677419354839
1.0	1.0	0.0	0.016828785102004376	6.161290322580645
1.0	3.0	0.0	0.03783386194635552	4.387096774193548
1.0	2.0	0.0	0.025949554001131712	4.903225806451613
1.0	3.0	0.0	0.050222204322230984	6.806451612903226
1.0	4.0	0.0	0.05413693759288355	3.967741935483871
1.0	3.0	0.0	0.03867979789521585	3.774193548387097
1.0	3.0	0.0	0.03901745176705437	4.193548387096774
1.0	3.0	0.0	0.03733100882343143	3.967741935483871
1.0	2.0	0.0	0.02576675078737485	4.870967741935484
1.0	2.0	0.0	0.025927583973546126	3.903225806451613
1.0	2.0	0.0	0.030452063698816804	4.870967741935484
1.0	3.0	0.0	0.03971718313318438	4.258064516129032
1.0	3.0	0.0	0.037292716088483294	4.32258064516129
1.0	3.0	0.0	0.03763792084317579	4.774193548387097
1.0	2.0	0.0	0.027499071608526268	4.967741935483871
1.0	3.0	0.0	0.042174518046683866	4.741935483870968
1.0	2.0	0.0	0.026066880045527978	5.354838709677419
1.0	1.0	0.0	0.016827819443747845	5.838709677419355
1.0	3.0	0.0	0.038835041811304795	5.935483870967742
1.0	3.0	0.0	0.03878876126410106	5.483870967741935
1.0	3.0	0.0	0.04567627496211536	5.193548387096774
1.0	2.0	0.0	0.027429515418427093	6.774193548387097
1.0	2.0	0.0	0.03189652524049108	5.967741935483871
1.0	2.0	0.0	0.027413436712799496	6.32258064516129
1.0	2.0	0.0	0.028120072246892468	7.612903225806452
1.0	2.0	0.0	0.028115041218435288	7.161290322580645
1.0	1.0	0.0	0.0181927401384867	7.774193548387097
1.0	1.0	0.0	0.0181927401384867	7.774193548387097
