Constant_feature	Degree	Clustering_coefficient	Pagerank	Aver_path_len
1.0	1.0	0.0	0.014744055602163516	5.1875
1.0	1.0	0.0	0.014816217769093702	5.5625
1.0	2.0	0.0	0.03008042907542856	6.40625
1.0	3.0	0.0	0.03649664928567613	3.8125
1.0	3.0	0.0	0.03782741827286175	4.625
1.0	3.0	0.0	0.03932355354851082	4.5625
1.0	2.0	0.0	0.025179852201675956	4.59375
1.0	3.0	0.0	0.04762597073142616	6.96875
1.0	3.0	0.0	0.048018822882072	6.90625
1.0	3.0	0.0	0.03551452280661943	3.875
1.0	3.0	0.0	0.035759303577791994	3.84375
1.0	3.0	0.0	0.03600455361896368	4.09375
1.0	3.0	0.0	0.03651950625436715	4.3125
1.0	3.0	0.0	0.03708197191446992	4.1875
1.0	3.0	0.0	0.036751665580988385	4.03125
1.0	3.0	0.0	0.03662798505323836	4.0625
1.0	3.0	0.0	0.0390474014946292	4.21875
1.0	3.0	0.0	0.03928795702080556	4.59375
1.0	2.0	0.0	0.02552423223276494	4.65625
1.0	2.0	0.0	0.02780169502880929	5.34375
1.0	2.0	0.0	0.02564150195039478	4.625
1.0	2.0	0.0	0.028431531349190273	5.28125
1.0	2.0	0.0	0.026159224455028395	4.78125
1.0	2.0	0.0	0.02618436073644096	4.75
1.0	2.0	0.0	0.029828345013616753	6.125
1.0	2.0	0.0	0.030228808618259075	6.0625
1.0	3.0	0.0	0.040466411239051814	5.5
1.0	2.0	0.0	0.0269538506507632	5.46875
1.0	1.0	0.0	0.01731779247935611	7.9375
1.0	1.0	0.0	0.01731779247935611	7.9375
1.0	1.0	0.0	0.01743522541070245	7.875
1.0	1.0	0.0	0.01743522541070245	7.875
1.0	1.0	0.0	0.016566166254780957	7.375
