Constant_feature	Degree	Clustering_coefficient	Pagerank	Aver_path_len
1.0	0.0	0.0	0.0	0.0
1.0	1.0	0.0	0.023011961420924765	4.428571428571429
1.0	2.0	0.0	0.04668308164963682	6.476190476190476
1.0	3.0	0.0	0.07087820057199956	5.0476190476190474
1.0	4.0	0.0	0.08160444894037772	3.619047619047619
1.0	2.0	0.0	0.0414087434996291	4.0
1.0	2.0	0.0	0.04416890953999082	4.285714285714286
1.0	2.0	0.0	0.041117020630520196	3.9047619047619047
1.0	3.0	0.0	0.06155393785631246	3.4761904761904763
1.0	2.0	0.0	0.044625248277526945	4.380952380952381
1.0	3.0	0.0	0.059792218298328786	3.4285714285714284
1.0	2.0	0.0	0.048265986355157955	5.238095238095238
1.0	2.0	0.0	0.040616110691967564	3.619047619047619
1.0	1.0	0.0	0.025808295921010724	6.0
1.0	1.0	0.0	0.025808295921010724	6.0
1.0	3.0	0.0	0.06044548706489827	3.9047619047619047
1.0	1.0	0.0	0.026264634658546848	6.190476190476191
1.0	2.0	0.0	0.04180168920743369	4.476190476190476
1.0	2.0	0.0	0.04180168920743369	4.476190476190476
1.0	2.0	0.0	0.04249669377461873	5.0476190476190474
1.0	2.0	0.0	0.04249669377461873	5.0476190476190474
1.0	3.0	0.0	0.06379834249339676	5.619047619047619
1.0	1.0	0.0	0.02555231024465896	7.428571428571429
