Constant_feature	Degree	Clustering_coefficient	Pagerank	Aver_path_len
1.0	1.0	0.0	0.014680326697836966	6.833333333333333
1.0	1.0	0.0	0.014680326697836966	6.833333333333333
1.0	1.0	0.0	0.014680326697836966	6.833333333333333
1.0	1.0	0.0	0.014001665829440842	6.777777777777778
1.0	1.0	0.0	0.015263462168217543	8.63888888888889
1.0	1.0	0.0	0.015263462168217543	8.63888888888889
1.0	1.0	0.0	0.015857110863977782	10.194444444444445
1.0	1.0	0.0	0.015857110863977782	10.194444444444445
1.0	3.0	0.0	0.03653757616132453	5.277777777777778
1.0	2.0	0.0	0.025694467854532565	6.277777777777778
1.0	2.0	0.0	0.023681506638328718	6.472222222222222
1.0	2.0	0.0	0.023999765351881246	7.166666666666667
1.0	2.0	0.0	0.024443493451880443	8.5
1.0	2.0	0.0	0.024984649863619524	8.555555555555555
1.0	1.0	0.0	0.01373359232796964	8.722222222222221
1.0	1.0	0.0	0.013953760238352587	10.222222222222221
1.0	3.0	0.0	0.038974722703426126	6.805555555555555
1.0	3.0	0.0	0.035525550889222074	5.083333333333333
1.0	2.0	0.0	0.02699879574416976	7.555555555555555
1.0	3.0	0.0	0.03631480903381668	5.055555555555555
1.0	2.0	0.0	0.02417872685013355	5.583333333333333
1.0	3.0	0.0	0.03598820406147912	5.444444444444445
1.0	2.0	0.0	0.024393931813527066	5.25
1.0	2.0	0.0	0.02436951410828561	5.277777777777778
1.0	3.0	0.0	0.037662931622829667	5.805555555555555
1.0	2.0	0.0	0.02446574628823929	5.472222222222222
1.0	2.0	0.0	0.028006097647193647	8.36111111111111
1.0	1.0	0.0	0.013664358454465834	6.25
1.0	3.0	0.0	0.03504609115935395	5.944444444444445
1.0	4.0	0.0	0.05323511879386009	5.861111111111111
1.0	3.0	0.0	0.041870595796653996	7.666666666666667
1.0	2.0	0.0	0.024017560184107542	6.638888888888889
1.0	3.0	0.0	0.04385001566368616	9.222222222222221
1.0	3.0	0.0	0.0348794240906884	7.0
1.0	3.0	0.0	0.034967826015679465	7.694444444444445
1.0	3.0	0.0	0.03677172599387181	7.75
1.0	3.0	0.0	0.03750564921007858	9.25
