Constant_feature	Degree	Clustering_coefficient	Pagerank	Aver_path_len
1.0	1.0	0.0	0.015609461325996738	10.272727272727273
1.0	1.0	0.0	0.01512422992764335	6.515151515151516
1.0	1.0	0.0	0.015226856595447747	5.666666666666667
1.0	1.0	0.0	0.015532879764076944	6.757575757575758
1.0	1.0	0.0	0.016303024539660132	8.575757575757576
1.0	1.0	0.0	0.016303024539660132	8.575757575757576
1.0	2.0	0.0	0.026895219009923102	5.0
1.0	2.0	0.0	0.02785777773196853	5.0
1.0	2.0	0.0	0.028068983265742975	5.363636363636363
1.0	2.0	0.0	0.02760105910027169	6.333333333333333
1.0	3.0	0.0	0.04453664599099399	7.606060606060606
1.0	3.0	0.0	0.03915992395028163	5.424242424242424
1.0	3.0	0.0	0.03923654163018661	4.515151515151516
1.0	2.0	0.0	0.026459631229895083	4.9393939393939394
1.0	2.0	0.0	0.026940406449839874	6.090909090909091
1.0	2.0	0.0	0.027082710595281716	6.2727272727272725
1.0	3.0	0.0	0.0408417560402554	6.757575757575758
1.0	3.0	0.0	0.03984726196243395	6.212121212121212
1.0	3.0	0.0	0.040608702593634985	5.545454545454546
1.0	3.0	0.0	0.040952520299822555	4.696969696969697
1.0	2.0	0.0	0.027543907300763542	6.9393939393939394
1.0	2.0	0.0	0.027587009220479165	7.606060606060606
1.0	2.0	0.0	0.027468547312076843	7.0606060606060606
1.0	2.0	0.0	0.027468547312076843	7.0606060606060606
1.0	3.0	0.0	0.04022692328109535	6.9393939393939394
1.0	2.0	0.0	0.027943365158033293	7.909090909090909
1.0	2.0	0.0	0.027943365158033293	7.909090909090909
1.0	3.0	0.0	0.041971916501799544	5.787878787878788
1.0	2.0	0.0	0.02762841285524687	7.7272727272727275
1.0	2.0	0.0	0.02762841285524687	7.7272727272727275
1.0	2.0	0.0	0.02808877965933673	8.757575757575758
1.0	2.0	0.0	0.028042154842879603	8.515151515151516
1.0	2.0	0.0	0.028042154842879603	8.515151515151516
1.0	3.0	0.0	0.042227887157035196	9.303030303030303
