Constant_feature	Degree	Clustering_coefficient	Pagerank	Aver_path_len
1.0	1.0	0.0	0.021391931698873188	7.296296296296297
1.0	1.0	0.0	0.021391931698873188	7.296296296296297
1.0	4.0	0.0	0.06712068942472132	3.962962962962963
1.0	2.0	0.0	0.03325107055688402	3.814814814814815
1.0	1.0	0.0	0.018672825924034755	4.925925925925926
1.0	2.0	0.0	0.0361883948680771	6.037037037037037
1.0	1.0	0.0	0.01806802553469409	5.518518518518518
1.0	1.0	0.0	0.018146911575200667	6.074074074074074
1.0	3.0	0.0	0.052962864397623544	4.62962962962963
1.0	3.0	0.0	0.052962864397623544	4.62962962962963
1.0	3.0	0.0	0.047915994877647694	4.777777777777778
1.0	3.0	0.0	0.046205959259006696	3.740740740740741
1.0	2.0	0.0	0.03239701927498693	3.740740740740741
1.0	3.0	0.0	0.04580942295878145	3.962962962962963
1.0	3.0	0.0	0.04626445436057165	4.518518518518518
1.0	2.0	0.0	0.031808291140734725	4.407407407407407
1.0	2.0	0.0	0.03728161957486956	5.444444444444445
1.0	2.0	0.0	0.03728161957486956	5.444444444444445
1.0	1.0	0.0	0.019461116447424934	5.592592592592593
1.0	1.0	0.0	0.019461116447424934	5.592592592592593
1.0	3.0	0.0	0.048321629556374625	4.555555555555555
1.0	3.0	0.0	0.04858514680682745	5.111111111111111
1.0	1.0	0.0	0.017946274663515737	5.7407407407407405
1.0	2.0	0.0	0.03959913860834198	6.333333333333333
1.0	2.0	0.0	0.03959913860834198	6.333333333333333
1.0	3.0	0.0	0.049154950147685623	5.148148148148148
1.0	2.0	0.0	0.032893304127200755	5.703703703703703
1.0	1.0	0.0	0.019856293488788063	7.0
