Constant_feature	Degree	Clustering_coefficient	Pagerank	Aver_path_len
1.0	1.0	0.0	0.03327513642836957	3.642857142857143
1.0	1.0	0.0	0.03337804275754823	3.7857142857142856
1.0	2.0	0.0	0.059986512519251134	3.142857142857143
1.0	1.0	0.0	0.03265813406253999	3.357142857142857
1.0	1.0	0.0	0.033588351808529704	4.214285714285714
1.0	2.0	0.0	0.0585976804641009	2.857142857142857
1.0	2.0	0.0	0.058830486678735576	3.0
1.0	3.0	0.0	0.08336356598518688	2.2857142857142856
1.0	3.0	0.0	0.08414123573802008	2.4285714285714284
1.0	3.0	0.0	0.08362086554524022	2.2142857142857144
1.0	3.0	0.0	0.0866371690486677	2.4285714285714284
1.0	3.0	0.0	0.0844555427094517	2.357142857142857
1.0	3.0	0.0	0.08973853518691122	3.2857142857142856
1.0	3.0	0.0	0.08869288535787004	2.7142857142857144
1.0	3.0	0.0	0.08903585570957706	2.857142857142857
