Constant_feature	Degree	Clustering_coefficient	Pagerank	Aver_path_len
1.0	2.0	0.0	0.018585758213962758	9.266666666666667
1.0	2.0	0.0	0.018585758213962758	9.266666666666667
1.0	1.0	0.0	0.010710208297918971	9.0
1.0	1.0	0.0	0.010710208297918971	9.0
1.0	1.0	0.0	0.011051420314777164	8.155555555555555
1.0	1.0	0.0	0.011051420314777164	8.155555555555555
1.0	1.0	0.0	0.011180050023553432	7.888888888888889
1.0	1.0	0.0	0.011180050023553432	7.888888888888889
1.0	2.0	0.0	0.018588152848989657	9.977777777777778
1.0	2.0	0.0	0.018588152848989657	9.977777777777778
1.0	2.0	0.0	0.01979237252239515	6.733333333333333
1.0	2.0	0.0	0.01979237252239515	6.733333333333333
1.0	2.0	0.0	0.019398558041161702	6.6
1.0	3.0	0.0	0.02821962596086148	7.533333333333333
1.0	3.0	0.0	0.02821962596086148	7.533333333333333
1.0	2.0	0.0	0.01918185905440601	8.244444444444444
1.0	2.0	0.0	0.01918185905440601	8.244444444444444
1.0	2.0	0.0	0.018982671968744987	8.777777777777779
1.0	2.0	0.0	0.018982671968744987	8.777777777777779
1.0	3.0	0.0	0.027255365143037488	9.266666666666667
1.0	3.0	0.0	0.027255365143037488	9.266666666666667
1.0	3.0	0.0	0.027250953691537756	8.555555555555555
1.0	3.0	0.0	0.027250953691537756	8.555555555555555
1.0	3.0	0.0	0.028453953478852337	8.022222222222222
1.0	3.0	0.0	0.028453953478852337	8.022222222222222
1.0	3.0	0.0	0.029592477299932946	7.177777777777778
1.0	3.0	0.0	0.029592477299932946	7.177777777777778
1.0	3.0	0.0	0.027456717409739505	10.688888888888888
1.0	3.0	0.0	0.027456717409739505	10.688888888888888
1.0	3.0	0.0	0.027457203544783537	9.977777777777778
1.0	3.0	0.0	0.027457203544783537	9.977777777777778
1.0	3.0	0.0	0.030018998900505883	6.911111111111111
1.0	3.0	0.0	0.030018998900505883	6.911111111111111
1.0	2.0	0.0	0.019293525330060228	11.577777777777778
1.0	2.0	0.0	0.019293525330060228	11.577777777777778
1.0	2.0	0.0	0.019292422854718317	10.866666666666667
1.0	2.0	0.0	0.019292422854718317	10.866666666666667
1.0	2.0	0.0	0.019737307199248155	12.466666666666667
1.0	2.0	0.0	0.019737307199248155	12.466666666666667
1.0	2.0	0.0	0.019738136427593277	11.755555555555556
1.0	2.0	0.0	0.019738136427593277	11.755555555555556
1.0	3.0	0.0	0.028705325556119356	6.6
1.0	3.0	0.0	0.028705325556119356	6.6
1.0	2.0	0.0	0.019772437779573056	7.488888888888889
1.0	2.0	0.0	0.019772437779573056	7.488888888888889
1.0	2.0	0.0	0.019967554316215337	7.488888888888889
