Constant_feature	Degree	Clustering_coefficient	Pagerank	Aver_path_len
1.0	1.0	0.0	0.03472907903952924	5.125
1.0	1.0	0.0	0.03472907903952924	5.125
1.0	4.0	0.0	0.10741331352836986	2.5
1.0	1.0	0.0	0.030050777517738915	3.4375
1.0	3.0	0.0	0.08398346857462183	2.6875
1.0	2.0	0.0	0.05476877160150999	2.875
1.0	2.0	0.0	0.05476877160150999	2.875
1.0	1.0	0.0	0.033029330725438885	4.875
1.0	1.0	0.0	0.033029330725438885	4.875
1.0	2.0	0.0	0.0599234247475318	3.375
1.0	2.0	0.0	0.0599234247475318	3.375
1.0	3.0	0.0	0.08239300262425683	3.125
1.0	3.0	0.0	0.08239300262425683	3.125
1.0	2.0	0.0	0.06410576339718911	4.1875
1.0	2.0	0.0	0.06410576339718911	4.1875
1.0	2.0	0.0	0.06032684805417882	3.9375
1.0	2.0	0.0	0.06032684805417882	3.9375
