Constant_feature	Degree	Clustering_coefficient	Pagerank	Aver_path_len
1.0	2.0	0.0	0.020833956165147282	8.024390243902438
1.0	1.0	0.0	0.011450814243850055	6.390243902439025
1.0	2.0	0.0	0.021116453647409765	7.975609756097561
1.0	3.0	0.0	0.028845587412338263	5.2439024390243905
1.0	2.0	0.0	0.01975608324555033	5.902439024390244
1.0	2.0	0.0	0.019787680977119276	6.073170731707317
1.0	2.0	0.0	0.02001917524167298	5.7073170731707314
1.0	3.0	0.0	0.02882927040935023	5.487804878048781
1.0	3.0	0.0	0.02915342173961461	5.512195121951219
1.0	3.0	0.0	0.02908828221461149	6.2682926829268295
1.0	3.0	0.0	0.029192618254704508	6.439024390243903
1.0	3.0	0.0	0.030232441226858905	5.414634146341464
1.0	3.0	0.0	0.0296415669397073	5.487804878048781
1.0	3.0	0.0	0.03036673090746956	6.2439024390243905
1.0	2.0	0.0	0.020130817139398436	6.804878048780488
1.0	2.0	0.0	0.02040258759360298	6.975609756097561
1.0	3.0	0.0	0.030079432279312996	7.341463414634147
1.0	2.0	0.0	0.020403536542547257	5.829268292682927
1.0	2.0	0.0	0.020585442368323065	7.512195121951219
1.0	3.0	0.0	0.030436338877151393	6.219512195121951
1.0	2.0	0.0	0.021377649831123655	7.121951219512195
1.0	2.0	0.0	0.021377649831123655	7.121951219512195
1.0	2.0	0.0	0.02197021457399806	8.0
1.0	2.0	0.0	0.02197021457399806	8.0
1.0	2.0	0.0	0.02075287214174712	6.7560975609756095
1.0	2.0	0.0	0.021185166363357766	7.097560975609756
1.0	2.0	0.0	0.02215422321934248	8.878048780487806
1.0	3.0	0.0	0.03080774321062757	7.2926829268292686
1.0	2.0	0.0	0.02149899900102519	7.634146341463414
1.0	2.0	0.0	0.0212964103779335	8.170731707317072
1.0	3.0	0.0	0.031433223838984704	8.75609756097561
1.0	2.0	0.0	0.02186169422949579	9.634146341463415
1.0	2.0	0.0	0.02186169422949579	9.634146341463415
1.0	3.0	0.0	0.0316494626716032	8.707317073170731
1.0	2.0	0.0	0.02233737902545501	10.512195121951219
1.0	2.0	0.0	0.02233737902545501	10.512195121951219
1.0	2.0	0.0	0.02248348948985157	11.390243902439025
1.0	2.0	0.0	0.021959287162321355	9.585365853658537
1.0	2.0	0.0	0.021959287162321355	9.585365853658537
1.0	2.0	0.0	0.02241196971442598	10.463414634146341
1.0	2.0	0.0	0.02241196971442598	10.463414634146341
1.0	2.0	0.0	0.022549783186146026	11.341463414634147
