Constant_feature	Degree	Clustering_coefficient	Pagerank	Aver_path_len
1.0	2.0	0.0	0.05362782354811155	2.5
1.0	1.0	0.0	0.028150335310330704	3.5
1.0	1.0	0.0	0.029693175249435697	4.2
1.0	3.0	0.0	0.0701553345394394	2.2
1.0	3.0	0.0	0.07716650166350818	2.6
1.0	2.0	0.0	0.05487457787949345	3.3
1.0	2.0	0.0	0.054029739477098535	2.625
1.0	2.0	0.0	0.054029739477098535	2.625
1.0	2.0	0.0	0.04919732038011964	2.3
1.0	2.0	0.0	0.05532950422038046	3.0
1.0	2.0	0.0	0.05532950422038046	3.0
1.0	2.0	0.0	0.04779743836278897	2.7
1.0	2.0	0.0	0.04779743836278897	2.7
1.0	2.0	0.0	0.04833348583304744	3.2
1.0	2.0	0.0	0.04833348583304744	3.2
1.0	2.0	0.0	0.04850090658600006	3.7
1.0	2.0	0.0	0.057811252082140566	3.625
1.0	2.0	0.0	0.057811252082140566	3.625
1.0	1.0	0.0	0.03101559244632468	4.5
1.0	1.0	0.0	0.03101559244632468	4.5
