Constant_feature	Degree	Clustering_coefficient	Pagerank	Aver_path_len
1.0	2.0	0.0	0.05709637646642379	3.25
1.0	1.0	0.0	0.03260551390311763	4.375
1.0	1.0	0.0	0.03260551390311763	4.375
1.0	1.0	0.0	0.03277168281613257	5.0
1.0	1.0	0.0	0.03277168281613257	5.0
1.0	1.0	0.0	0.03420175090412108	5.4375
1.0	1.0	0.0	0.03420175090412108	5.4375
1.0	3.0	0.0	0.0890756712202192	3.4375
1.0	3.0	0.0	0.08962952229263027	4.0625
1.0	3.0	0.0	0.08086851959350587	2.8125
1.0	3.0	0.0	0.08168256770295268	2.75
1.0	3.0	0.0	0.08253185454913464	3.375
1.0	2.0	0.0	0.05514575706004698	3.0625
1.0	2.0	0.0	0.05508747321222279	3.125
1.0	2.0	0.0	0.055430352629679734	3.4375
1.0	2.0	0.0	0.05989469375456684	3.8125
1.0	3.0	0.0	0.09439931627187442	4.5
