Constant_feature	Degree	Clustering_coefficient	Pagerank	Aver_path_len
1.0	1.0	0.0	0.026446481060129326	6.6
1.0	2.0	0.0	0.04640006385390955	4.1
1.0	2.0	0.0	0.042728074708642816	4.0
1.0	1.0	0.0	0.024863761358957757	4.6
1.0	1.0	0.0	0.02418469893764201	4.8
1.0	2.0	0.0	0.05126958046277778	6.05
1.0	2.0	0.0	0.04936985180962383	5.3
1.0	2.0	0.0	0.05398201265459379	6.9
1.0	2.0	0.0	0.04785764101707529	4.65
1.0	3.0	0.0	0.06159720881695961	3.7
1.0	1.0	0.0	0.029053490033842888	7.85
1.0	3.0	0.0	0.061809720778279294	4.15
1.0	3.0	0.0	0.06328910996123796	3.4
1.0	2.0	0.0	0.042226908173808884	3.55
1.0	2.0	0.0	0.04286423995099537	4.25
1.0	3.0	0.0	0.06541368602568534	4.8
1.0	3.0	0.0	0.06700482959647361	3.65
1.0	2.0	0.0	0.04298311164095049	4.7
1.0	2.0	0.0	0.043727469305806975	5.25
1.0	3.0	0.0	0.0647411695433859	3.85
1.0	2.0	0.0	0.04818689030922108	5.65
