Constant_feature	Degree	Clustering_coefficient	Pagerank	Aver_path_len
1.0	1.0	0.0	0.03295698601629063	5.066666666666666
1.0	2.0	0.0	0.059056589301279244	4.333333333333333
1.0	1.0	0.0	0.03248108394926575	4.6
1.0	2.0	0.0	0.059056589301279244	4.333333333333333
1.0	2.0	0.0	0.05751851482693775	2.933333333333333
1.0	2.0	0.0	0.05753179554900028	2.933333333333333
1.0	3.0	0.0	0.08743734496519737	3.6666666666666665
1.0	3.0	0.0	0.08459516707967046	3.066666666666667
1.0	1.0	0.0	0.03248108394926575	4.6
1.0	3.0	0.0	0.08743734496519737	3.6666666666666665
1.0	3.0	0.0	0.08466459979946558	3.066666666666667
1.0	2.0	0.0	0.05835578238415195	3.6
1.0	2.0	0.0	0.05836324603883501	3.7333333333333334
1.0	3.0	0.0	0.08902552540793879	4.133333333333334
1.0	2.0	0.0	0.05936691077896049	4.266666666666667
1.0	2.0	0.0	0.05967143568726431	4.8
