Constant_feature	Degree	Clustering_coefficient	Pagerank	Aver_path_len
1.0	1.0	0.0	0.03719531300752877	4.076923076923077
1.0	1.0	0.0	0.03686268309673268	3.4615384615384617
1.0	1.0	0.0	0.037419170628828144	3.923076923076923
1.0	2.0	0.0	0.06583639235218752	2.6923076923076925
1.0	2.0	0.0	0.06733701384848699	2.923076923076923
1.0	2.0	0.0	0.06772116354787458	3.1538461538461537
1.0	3.0	0.0	0.09481787348451977	2.230769230769231
1.0	3.0	0.0	0.09472538562760269	2.3076923076923075
1.0	3.0	0.0	0.0990675710377907	2.5384615384615383
1.0	3.0	0.0	0.10092097392158533	3.0
1.0	2.0	0.0	0.06564115419286105	2.6923076923076925
1.0	2.0	0.0	0.0655769726406099	2.769230769230769
1.0	3.0	0.0	0.10017289548127298	3.1538461538461537
1.0	2.0	0.0	0.0667054371321186	3.230769230769231
