Constant_feature	Degree	Clustering_coefficient	Pagerank	Aver_path_len
1.0	1.0	0.0	0.026913000513119744	4.277777777777778
1.0	1.0	0.0	0.027554301204944853	5.5
1.0	1.0	0.0	0.026269532201694316	4.388888888888889
1.0	2.0	0.0	0.04790060003551615	3.4444444444444446
1.0	3.0	0.0	0.06676055308663692	2.8333333333333335
1.0	3.0	0.0	0.06664848662040608	2.6666666666666665
1.0	3.0	0.0	0.06765494769658376	3.2222222222222223
1.0	2.0	0.0	0.04626440633721234	3.2222222222222223
1.0	3.0	0.0	0.07002086873132744	3.4444444444444446
1.0	3.0	0.0	0.06846381445598262	2.8333333333333335
1.0	2.0	0.0	0.04712418360006493	3.5
1.0	2.0	0.0	0.04746085720508658	3.888888888888889
1.0	3.0	0.0	0.07216384314967408	3.3333333333333335
1.0	2.0	0.0	0.048518108602000475	4.166666666666667
1.0	2.0	0.0	0.048669493104942084	4.555555555555555
1.0	2.0	0.0	0.04899739012919223	4.722222222222222
1.0	2.0	0.0	0.04920414382332775	3.9444444444444446
1.0	2.0	0.0	0.0491102410122897	4.055555555555555
1.0	3.0	0.0	0.07430122848999751	4.555555555555555
