Constant_feature	Degree	Clustering_coefficient	Pagerank	Aver_path_len
1.0	2.0	0.0	0.0391985353605291	6.0
1.0	1.0	0.0	0.01915502640299535	4.76
1.0	1.0	0.0	0.020330990026594956	6.16
1.0	1.0	0.0	0.021329475490699638	7.56
1.0	1.0	0.0	0.021329475490699638	7.56
1.0	2.0	0.0	0.03349591087258414	4.24
1.0	3.0	0.0	0.058275116673435254	6.6
1.0	3.0	0.0	0.04828021188459897	3.8
1.0	3.0	0.0	0.04884134743884923	4.2
1.0	3.0	0.0	0.049026098782635585	3.64
1.0	2.0	0.0	0.03366463420904914	4.64
1.0	2.0	0.0	0.03413892773466554	4.92
1.0	3.0	0.0	0.052133147565038895	4.76
1.0	3.0	0.0	0.050553361959804824	4.56
1.0	2.0	0.0	0.03419454083439533	4.36
1.0	3.0	0.0	0.051031222982559576	3.8
1.0	3.0	0.0	0.05078749290589209	4.12
1.0	1.0	0.0	0.01948636518080695	5.72
1.0	3.0	0.0	0.05494899623316554	5.2
1.0	2.0	0.0	0.03514869175292358	4.68
1.0	2.0	0.0	0.03514869175292358	4.68
1.0	2.0	0.0	0.03569988073926243	5.24
1.0	2.0	0.0	0.03569988073926243	5.24
1.0	3.0	0.0	0.0534608098549957	5.8
1.0	2.0	0.0	0.0419274679515445	6.88
1.0	1.0	0.0	0.022713699180087994	7.84
