Constant_feature	Degree	Clustering_coefficient	Pagerank	Aver_path_len
1.0	4.0	0.0	0.08117632952001488	3.590909090909091
1.0	4.0	0.0	0.0811763295200149	3.590909090909091
1.0	2.0	0.0	0.04141892456843759	4.318181818181818
1.0	2.0	0.0	0.041418924568437585	4.318181818181818
1.0	1.0	0.0	0.02261181185400351	4.545454545454546
1.0	1.0	0.0	0.02261181185400351	4.545454545454546
1.0	1.0	0.0	0.02261181185400351	4.545454545454546
1.0	1.0	0.0	0.02261181185400351	4.545454545454546
1.0	1.0	0.0	0.021564491235309905	4.454545454545454
1.0	1.0	0.0	0.021564491235309905	4.454545454545454
1.0	3.0	0.0	0.05619228503955184	3.0454545454545454
1.0	3.0	0.0	0.058286926276939044	3.0454545454545454
1.0	2.0	0.0	0.03869268702943997	3.0
1.0	3.0	0.0	0.05738981744675603	3.5
1.0	3.0	0.0	0.05738981744675603	3.5
1.0	2.0	0.0	0.04179391376869454	4.954545454545454
1.0	2.0	0.0	0.041793913768694554	4.954545454545454
1.0	3.0	0.0	0.05591834209247922	3.909090909090909
1.0	3.0	0.0	0.05591834209247922	3.909090909090909
1.0	2.0	0.0	0.03906296097216732	4.681818181818182
1.0	2.0	0.0	0.03906296097216732	4.681818181818182
1.0	2.0	0.0	0.039865647515168016	5.454545454545454
1.0	2.0	0.0	0.03986564751516802	5.454545454545454
