Constant_feature	Degree	Clustering_coefficient	Pagerank	Aver_path_len
1.0	1.0	0.0	0.020264344759462108	7.4
1.0	0.0	0.0	0.0	0.0
1.0	1.0	0.0	0.020741405911713275	6.28
1.0	2.0	0.0	0.034975013760649716	4.84
1.0	2.0	0.0	0.0358035131228441	5.88
1.0	1.0	0.0	0.019986986764782624	6.76
1.0	2.0	0.0	0.03667028752415884	7.16
1.0	1.0	0.0	0.020252096610850576	7.48
1.0	4.0	0.0	0.06680708234847793	4.44
1.0	3.0	0.0	0.04999363978788428	4.76
1.0	2.0	0.0	0.03387599154239052	4.6
1.0	2.0	0.0	0.03387599154239052	4.6
1.0	2.0	0.0	0.03461618395536487	4.6
1.0	2.0	0.0	0.0347989624887586	5.08
1.0	2.0	0.0	0.03754502724601257	5.32
1.0	2.0	0.0	0.0354537053574472	5.48
1.0	2.0	0.0	0.03544179769268939	5.96
1.0	3.0	0.0	0.05183646266283701	5.16
1.0	3.0	0.0	0.052134900051757034	6.52
1.0	3.0	0.0	0.053804608101009115	5.8
1.0	2.0	0.0	0.035935262045970875	7.32
1.0	2.0	0.0	0.035935262045970875	7.32
1.0	3.0	0.0	0.05472533107225393	6.44
1.0	3.0	0.0	0.05468452314037331	6.52
1.0	2.0	0.0	0.036549701331872936	8.12
1.0	2.0	0.0	0.036549701331872936	8.12
1.0	2.0	0.0	0.036742217800204986	8.92
