Constant_feature	Degree	Clustering_coefficient	Pagerank	Aver_path_len
1.0	2.0	0.0	0.029567448851826005	5.466666666666667
1.0	2.0	0.0	0.028443869852098576	4.533333333333333
1.0	1.0	0.0	0.016873328467877667	7.0
1.0	1.0	0.0	0.016911183270195883	7.633333333333334
1.0	1.0	0.0	0.016620974569483072	6.433333333333334
1.0	1.0	0.0	0.0180896275219371	7.9
1.0	2.0	0.0	0.02767905893558527	4.666666666666667
1.0	1.0	0.0	0.01606878498783148	5.8
1.0	1.0	0.0	0.016047395716942203	6.133333333333334
1.0	1.0	0.0	0.01686461203479375	8.8
1.0	3.0	0.0	0.045492604941685166	6.033333333333333
1.0	3.0	0.0	0.045617074576211565	6.666666666666667
1.0	3.0	0.0	0.04464964319415876	5.466666666666667
1.0	3.0	0.0	0.04508063249733109	6.033333333333333
1.0	3.0	0.0	0.042726692270298426	4.833333333333333
1.0	2.0	0.0	0.03303015609934761	6.933333333333334
1.0	3.0	0.0	0.04133584370534309	4.3
1.0	2.0	0.0	0.027773299393571153	4.333333333333333
1.0	2.0	0.0	0.028469138356104935	4.866666666666666
1.0	3.0	0.0	0.040491992603264	4.3
1.0	3.0	0.0	0.041037513826845576	4.866666666666666
1.0	3.0	0.0	0.04281140470941791	4.833333333333333
1.0	3.0	0.0	0.04274022731427431	5.166666666666667
1.0	3.0	0.0	0.04102205023810249	4.966666666666667
1.0	2.0	0.0	0.028353508627229778	5.533333333333333
1.0	3.0	0.0	0.04193362538493074	5.533333333333333
1.0	2.0	0.0	0.02933642836322614	6.3
1.0	2.0	0.0	0.02933642836322614	6.3
1.0	2.0	0.0	0.03006546504630888	7.066666666666666
1.0	2.0	0.0	0.03006546504630888	7.066666666666666
1.0	3.0	0.0	0.045464521234242015	7.833333333333333
