Constant_feature	Degree	Clustering_coefficient	Pagerank	Aver_path_len
1.0	2.0	0.0	0.05723308321071294	5.647058823529412
1.0	3.0	0.0	0.07874987120338242	4.529411764705882
1.0	2.0	0.0	0.05249003101362039	4.588235294117647
1.0	2.0	0.0	0.05098614072524754	3.2941176470588234
1.0	2.0	0.0	0.05104367407251993	3.2941176470588234
1.0	1.0	0.0	0.028865029456302396	4.9411764705882355
1.0	1.0	0.0	0.028866857242531317	4.882352941176471
1.0	3.0	0.0	0.07514565072276334	3.411764705882353
1.0	3.0	0.0	0.07770473660755808	3.9411764705882355
1.0	3.0	0.0	0.07769864357447107	4.0
1.0	3.0	0.0	0.07487285437529168	3.411764705882353
1.0	1.0	0.0	0.029180557112873547	5.470588235294118
1.0	2.0	0.0	0.05152420205719625	3.8823529411764706
1.0	2.0	0.0	0.05152420205719625	3.8823529411764706
1.0	3.0	0.0	0.07832447689688438	4.823529411764706
1.0	2.0	0.0	0.05224013729871581	4.352941176470588
1.0	2.0	0.0	0.05224013729871581	4.352941176470588
1.0	1.0	0.0	0.03130971507401658	6.588235294117647
