Constant_feature	Degree	Clustering_coefficient	Pagerank	Aver_path_len
1.0	1.0	0.0	0.022838882025891957	4.761904761904762
1.0	1.0	0.0	0.02476704766979822	5.761904761904762
1.0	1.0	0.0	0.02476704766979822	5.761904761904762
1.0	2.0	0.0	0.03806241017833419	3.4285714285714284
1.0	2.0	0.0	0.040161485754272634	4.095238095238095
1.0	3.0	0.0	0.06740296330530461	4.809523809523809
1.0	3.0	0.0	0.05575780204900601	2.9523809523809526
1.0	3.0	0.0	0.055336980277508954	3.0476190476190474
1.0	3.0	0.0	0.0560227953687394	3.0952380952380953
1.0	3.0	0.0	0.05638465857402415	3.4285714285714284
1.0	2.0	0.0	0.039566379124590434	3.4761904761904763
1.0	3.0	0.0	0.05645465887324031	3.3333333333333335
1.0	3.0	0.0	0.057741133168501386	3.761904761904762
1.0	2.0	0.0	0.03963021673408819	3.5714285714285716
1.0	3.0	0.0	0.060977241384769114	3.8095238095238093
1.0	2.0	0.0	0.039789629310984106	3.9047619047619047
1.0	2.0	0.0	0.039966998257171656	4.095238095238095
1.0	3.0	0.0	0.06092954617214601	4.0476190476190474
1.0	2.0	0.0	0.04072858674905741	4.380952380952381
1.0	2.0	0.0	0.04041641231456154	4.523809523809524
1.0	2.0	0.0	0.04107921354659039	4.857142857142857
1.0	2.0	0.0	0.04121791149162089	5.285714285714286
