Constant_feature	Degree	Clustering_coefficient	Pagerank	Aver_path_len
1.0	0.0	0.0	0.0	0.0
1.0	2.0	0.0	0.02367656676234916	5.638888888888889
1.0	1.0	0.0	0.01323533653035524	6.111111111111111
1.0	2.0	0.0	0.02332932378653959	6.5
1.0	2.0	0.0	0.023325414487586398	6.416666666666667
1.0	2.0	0.0	0.027317325743055322	6.777777777777778
1.0	2.0	0.0	0.027317325743055322	6.777777777777778
1.0	1.0	0.0	0.013950840526184685	7.527777777777778
1.0	2.0	0.0	0.023481717040888223	4.888888888888889
1.0	3.0	0.0	0.03637372308449237	6.805555555555555
1.0	3.0	0.0	0.032818637096631235	4.388888888888889
1.0	3.0	0.0	0.032799584174542894	4.305555555555555
1.0	3.0	0.0	0.03278241532182541	4.361111111111111
1.0	3.0	0.0	0.03239659649957629	4.166666666666667
1.0	3.0	0.0	0.03222417201992686	4.222222222222222
1.0	3.0	0.0	0.03212284872814633	4.138888888888889
1.0	2.0	0.0	0.02320277359022686	5.25
1.0	3.0	0.0	0.035109141340974655	5.138888888888889
1.0	3.0	0.0	0.034054394036350126	4.583333333333333
1.0	2.0	0.0	0.022332721383913772	4.916666666666667
1.0	2.0	0.0	0.022298630287445633	4.833333333333333
1.0	2.0	0.0	0.02432150037614978	5.472222222222222
1.0	3.0	0.0	0.033209606402831986	5.611111111111111
1.0	3.0	0.0	0.03319618930302555	5.527777777777778
1.0	2.0	0.0	0.024558529067006743	6.111111111111111
1.0	2.0	0.0	0.024038143343300913	5.277777777777778
1.0	2.0	0.0	0.024038143343300913	5.277777777777778
1.0	2.0	0.0	0.025130932647207366	7.666666666666667
1.0	2.0	0.0	0.025130932647207366	7.666666666666667
1.0	2.0	0.0	0.025594287814642704	8.527777777777779
1.0	2.0	0.0	0.025594287814642704	8.527777777777779
1.0	3.0	0.0	0.037059339915977124	5.861111111111111
1.0	3.0	0.0	0.037059339915977124	5.861111111111111
1.0	2.0	0.0	0.02573616421077777	9.38888888888889
1.0	2.0	0.0	0.023697302847155908	6.916666666666667
1.0	3.0	0.0	0.03749640871695308	6.555555555555555
1.0	1.0	0.0	0.014994701724888341	7.75
1.0	1.0	0.0	0.014994701724888341	7.75
