Constant_feature	Degree	Clustering_coefficient	Pagerank	Aver_path_len
1.0	2.0	0.0	0.051541189886282465	3.375
1.0	3.0	0.0	0.07647502652023275	3.3125
1.0	3.0	0.0	0.07647502652023276	3.3125
1.0	2.0	0.0	0.05081277427586781	3.0
1.0	2.0	0.0	0.051541189886282465	3.375
1.0	2.0	0.0	0.05518384489453118	5.375
1.0	2.0	0.0	0.05518384489453118	5.375
1.0	2.0	0.0	0.05477828365279646	4.6875
1.0	2.0	0.0	0.05477828365279646	4.6875
1.0	2.0	0.0	0.05477828365279646	4.6875
1.0	2.0	0.0	0.05477828365279646	4.6875
1.0	2.0	0.0	0.05347602686511957	4.0
1.0	2.0	0.0	0.05347602686511957	4.0
1.0	2.0	0.0	0.05347602686511957	4.0
1.0	2.0	0.0	0.05347602686511957	4.0
1.0	3.0	0.0	0.0748849305251876	3.0
1.0	3.0	0.0	0.0748849305251876	3.0
