Constant_feature	Degree	Clustering_coefficient	Pagerank	Aver_path_len
1.0	2.0	0.0	0.03524429126838616	4.608695652173913
1.0	1.0	0.0	0.020546708378829562	5.130434782608695
1.0	1.0	0.0	0.021471466948358643	5.173913043478261
1.0	2.0	0.0	0.036635754862573894	4.086956521739131
1.0	2.0	0.0	0.03572289413641082	3.9565217391304346
1.0	2.0	0.0	0.03842149191674134	4.6521739130434785
1.0	3.0	0.0	0.05168111219088718	4.826086956521739
1.0	2.0	0.0	0.03655180162628172	5.608695652173913
1.0	2.0	0.0	0.03751323403225003	6.391304347826087
1.0	2.0	0.0	0.03755140784175341	6.521739130434782
1.0	2.0	0.0	0.036675290359780496	5.739130434782608
1.0	3.0	0.0	0.05203477676262622	4.956521739130435
1.0	3.0	0.0	0.05151813313350847	4.3478260869565215
1.0	3.0	0.0	0.05155787652193779	4.043478260869565
1.0	3.0	0.0	0.05460097080599989	4.173913043478261
1.0	3.0	0.0	0.0536313772292759	3.782608695652174
1.0	2.0	0.0	0.03756051343210298	3.9565217391304346
1.0	3.0	0.0	0.05768474561460457	4.217391304347826
1.0	3.0	0.0	0.056502793552996214	5.173913043478261
1.0	2.0	0.0	0.038937810803551	5.956521739130435
1.0	2.0	0.0	0.038937810803551	5.956521739130435
1.0	2.0	0.0	0.039604416386961314	6.739130434782608
1.0	2.0	0.0	0.039604416386961314	6.739130434782608
1.0	2.0	0.0	0.039808905003669945	7.521739130434782
