Constant_feature	Degree	Clustering_coefficient	Pagerank	Aver_path_len
1.0	2.0	0.0	0.02859986170660774	7.176470588235294
1.0	2.0	0.0	0.02863933745693697	7.794117647058823
1.0	2.0	0.0	0.028702705706577247	7.235294117647059
1.0	2.0	0.0	0.028740087118403385	7.852941176470588
1.0	3.0	0.0	0.03561809434226688	5.264705882352941
1.0	2.0	0.0	0.02514904492080998	5.5588235294117645
1.0	3.0	0.0	0.035048778977605985	4.647058823529412
1.0	2.0	0.0	0.02414605234650381	4.5
1.0	3.0	0.0	0.03591663720632439	4.352941176470588
1.0	2.0	0.0	0.024747377662884484	5.117647058823529
1.0	3.0	0.0	0.037346994332458965	4.970588235294118
1.0	2.0	0.0	0.024691193818874586	5.882352941176471
1.0	3.0	0.0	0.03546483794492454	5.029411764705882
1.0	2.0	0.0	0.024419031230152228	4.5
1.0	2.0	0.0	0.024773210899098664	6.264705882352941
1.0	3.0	0.0	0.03595891563290238	4.705882352941177
1.0	3.0	0.0	0.03601899154572403	5.647058823529412
1.0	2.0	0.0	0.027954736049180196	5.882352941176471
1.0	3.0	0.0	0.03598306346700458	5.088235294117647
1.0	2.0	0.0	0.02508524069558281	5.647058823529412
1.0	2.0	0.0	0.025274377085903403	6.264705882352941
1.0	2.0	0.0	0.025566779767374717	6.176470588235294
1.0	3.0	0.0	0.03651202881584031	5.705882352941177
1.0	2.0	0.0	0.025314964484594492	6.5588235294117645
1.0	3.0	0.0	0.03862666889715584	6.264705882352941
1.0	1.0	0.0	0.015436409005169398	6.852941176470588
1.0	3.0	0.0	0.03870726150854569	6.882352941176471
1.0	2.0	0.0	0.02530197390282759	5.705882352941177
1.0	2.0	0.0	0.02548215296795573	6.323529411764706
1.0	3.0	0.0	0.038830220360040885	6.323529411764706
1.0	3.0	0.0	0.03890750098418017	6.9411764705882355
1.0	1.0	0.0	0.01572676877015499	8.147058823529411
1.0	1.0	0.0	0.015745155962900936	8.764705882352942
1.0	1.0	0.0	0.015772932057892913	8.205882352941176
1.0	1.0	0.0	0.015790612368638976	8.823529411764707
