Constant_feature	Degree	Clustering_coefficient	Pagerank	Aver_path_len
1.0	1.0	0.0	0.013607208006529044	10.076923076923077
1.0	1.0	0.0	0.013607208006529044	10.076923076923077
1.0	1.0	0.0	0.013607208006529044	10.076923076923077
1.0	2.0	0.0	0.026126009976906433	8.948717948717949
1.0	2.0	0.0	0.026126009976906433	8.948717948717949
1.0	2.0	0.0	0.025371745870571047	7.666666666666667
1.0	1.0	0.0	0.012875861419909186	7.410256410256411
1.0	1.0	0.0	0.013641875759724361	9.051282051282051
1.0	1.0	0.0	0.013641875759724361	9.051282051282051
1.0	1.0	0.0	0.013144284026483582	7.769230769230769
1.0	2.0	0.0	0.021715299802916015	5.666666666666667
1.0	2.0	0.0	0.021515292953630673	6.17948717948718
1.0	2.0	0.0	0.023480649344717507	6.846153846153846
1.0	2.0	0.0	0.021764980502179437	6.487179487179487
1.0	3.0	0.0	0.03177506428724305	6.948717948717949
1.0	3.0	0.0	0.0316948098717243	6.641025641025641
1.0	3.0	0.0	0.031685927363201694	5.717948717948718
1.0	3.0	0.0	0.03236266794955183	5.666666666666667
1.0	3.0	0.0	0.03244536379520458	6.0256410256410255
1.0	3.0	0.0	0.03310555393711118	6.128205128205129
1.0	3.0	0.0	0.03375198216283967	8.282051282051283
1.0	3.0	0.0	0.03535022056911253	7.3076923076923075
1.0	2.0	0.0	0.022156861734293893	7.615384615384615
1.0	2.0	0.0	0.022182588188265004	7.3076923076923075
1.0	2.0	0.0	0.02232388360925537	5.82051282051282
1.0	2.0	0.0	0.02232388360925537	5.82051282051282
1.0	2.0	0.0	0.02247718785166618	5.9743589743589745
1.0	2.0	0.0	0.02247718785166618	5.9743589743589745
1.0	2.0	0.0	0.02260649267096953	7.9743589743589745
1.0	3.0	0.0	0.03458642915085858	6.435897435897436
1.0	4.0	0.0	0.04936236376972648	9.102564102564102
1.0	3.0	0.0	0.03547904553524457	6.794871794871795
1.0	3.0	0.0	0.03713850463455977	8.076923076923077
1.0	3.0	0.0	0.03713850463455977	8.076923076923077
1.0	2.0	0.0	0.027741707864776453	9.871794871794872
1.0	2.0	0.0	0.027741707864776453	9.871794871794872
1.0	2.0	0.0	0.027170821402429608	8.58974358974359
1.0	1.0	0.0	0.01498413421718207	10.846153846153847
1.0	1.0	0.0	0.01498413421718207	10.846153846153847
1.0	1.0	0.0	0.014727461844087467	9.564102564102564
