Constant_feature	Degree	Clustering_coefficient	Pagerank	Aver_path_len
1.0	2.0	0.0	0.04033793734461582	4.086956521739131
1.0	2.0	0.0	0.04469883011521032	5.043478260869565
1.0	3.0	0.0	0.052023854156926286	2.869565217391304
1.0	3.0	0.0	0.053116822363709196	3.391304347826087
1.0	4.0	0.0	0.0714843327725736	3.217391304347826
1.0	3.0	0.0	0.0527899517219773	2.869565217391304
1.0	3.0	0.0	0.05433062963299626	3.0434782608695654
1.0	3.0	0.0	0.05556608537488161	3.5652173913043477
1.0	3.0	0.0	0.056100119902593434	3.9130434782608696
1.0	2.0	0.0	0.037054121622076004	4.086956521739131
1.0	2.0	0.0	0.0371348896825275	3.5652173913043477
1.0	2.0	0.0	0.037177716323313084	3.9130434782608696
1.0	2.0	0.0	0.03767027239962549	4.434782608695652
1.0	3.0	0.0	0.05572708015935618	3.5652173913043477
1.0	2.0	0.0	0.03761397666050763	3.9130434782608696
1.0	2.0	0.0	0.0391446362986661	3.5652173913043477
1.0	1.0	0.0	0.020836097705643375	4.521739130434782
1.0	1.0	0.0	0.020996310515455738	4.869565217391305
1.0	4.0	0.0	0.08302035850823118	4.173913043478261
1.0	1.0	0.0	0.02088439697119711	4.521739130434782
1.0	1.0	0.0	0.02284584432178198	5.130434782608695
1.0	1.0	0.0	0.02284584432178198	5.130434782608695
1.0	1.0	0.0	0.022318346460577947	5.043478260869565
1.0	1.0	0.0	0.024281544663774718	6.0
