Constant_feature	Degree	Clustering_coefficient	Pagerank	Aver_path_len
1.0	1.0	0.0	0.0007790281740721266	4.095238095238095
1.0	1.0	0.0	0.0008356675144616622	4.857142857142857
1.0	1.0	0.0	0.0008026868526954943	5.428571428571429
1.0	2.0	0.0	0.0015761672980460356	4.571428571428571
1.0	4.0	0.0	0.0027159196612365774	3.7142857142857144
1.0	3.0	0.0	0.0020644340589082953	3.142857142857143
1.0	3.0	0.0	0.0020842644026697285	3.142857142857143
1.0	2.0	0.0	0.0013954919034691328	3.7142857142857144
1.0	2.0	0.0	0.001402758324558761	3.619047619047619
1.0	3.0	0.0	0.0020259203573993615	3.238095238095238
1.0	3.0	0.0	0.002184250322776674	3.4285714285714284
1.0	1.0	0.0	0.0007648197263300456	4.666666666666667
1.0	2.0	0.0	0.0014115383493779534	4.380952380952381
1.0	3.0	0.0	0.002123271900767465	3.8095238095238093
1.0	1.0	0.0	0.0008090546953514022	4.380952380952381
1.0	2.0	0.0	0.0014384639949641623	4.9523809523809526
1.0	3.0	0.0	0.0022693964547688735	3.9047619047619047
1.0	3.0	0.0	0.0021592592463053617	4.476190476190476
1.0	1.0	0.0	0.0007907144323058312	4.761904761904762
1.0	2.0	0.0	0.0016444277590388575	5.333333333333333
1.0	2.0	0.0	0.0017374180805166321	6.190476190476191
1.0	1.0	0.0	0.0009356637739301818	7.142857142857143
1.0	1.0	0.0	0.0007782864139330281	4.2727272727272725
1.0	1.0	0.0	0.0008305807399280052	4.863636363636363
1.0	1.0	0.0	0.0008026081910948781	5.681818181818182
1.0	2.0	0.0	0.0015539986845614076	4.5
1.0	3.0	0.0	0.0020599931461322617	3.272727272727273
1.0	4.0	0.0	0.002714984072928548	3.9545454545454546
1.0	3.0	0.0	0.0020824290011375907	3.3181818181818183
1.0	2.0	0.0	0.0014012767700761959	3.772727272727273
1.0	2.0	0.0	0.001394259638355435	3.909090909090909
1.0	3.0	0.0	0.002024545208357673	3.4545454545454546
1.0	3.0	0.0	0.0021758142622363536	3.5
1.0	1.0	0.0	0.0007644558819099205	4.909090909090909
1.0	2.0	0.0	0.0014109529499110847	4.636363636363637
1.0	3.0	0.0	0.0021228297927250745	4.045454545454546
1.0	1.0	0.0	0.0008062239634080399	4.454545454545454
1.0	3.0	0.0	0.002251229071663877	3.909090909090909
1.0	2.0	0.0	0.0014382605793604323	5.2272727272727275
1.0	3.0	0.0	0.0021585732599967945	4.7272727272727275
1.0	1.0	0.0	0.0007904448878233665	5.0
1.0	2.0	0.0	0.0016054516330053672	5.181818181818182
1.0	3.0	0.0	0.002512471052275251	5.954545454545454
1.0	1.0	0.0	0.0009070789798366184	6.909090909090909
1.0	1.0	0.0	0.0009070789798366184	6.909090909090909
1.0	1.0	0.0	0.0007795197761148162	4.0476190476190474
1.0	1.0	0.0	0.0008372062618557582	4.809523809523809
1.0	1.0	0.0	0.0008025603704961098	5.380952380952381
1.0	2.0	0.0	0.0015836611716440743	4.523809523809524
1.0	3.0	0.0	0.002066839417886072	3.0952380952380953
1.0	4.0	0.0	0.0027155375203470897	3.6666666666666665
1.0	3.0	0.0	0.0020843011287843037	3.0952380952380953
1.0	2.0	0.0	0.0014028606842615189	3.5714285714285716
1.0	2.0	0.0	0.0013963565363292918	3.6666666666666665
1.0	3.0	0.0	0.0020269936913520207	3.1904761904761907
1.0	3.0	0.0	0.0021864786669029855	3.380952380952381
1.0	1.0	0.0	0.0007651359862596986	4.619047619047619
1.0	2.0	0.0	0.0014120957709448196	4.333333333333333
1.0	3.0	0.0	0.002122933971778154	3.761904761904762
1.0	1.0	0.0	0.0008104200793559837	4.333333333333333
1.0	3.0	0.0	0.002277248945422835	3.857142857142857
1.0	2.0	0.0	0.001438217071020036	4.904761904761905
1.0	3.0	0.0	0.002159991364994252	4.428571428571429
1.0	1.0	0.0	0.0007909799042861478	4.714285714285714
1.0	3.0	0.0	0.0024897271690293684	5.285714285714286
1.0	1.0	0.0	0.0009007758974426371	6.238095238095238
1.0	1.0	0.0	0.0009007758974426371	6.238095238095238
1.0	1.0	0.0	0.0007790281740721266	4.095238095238095
1.0	1.0	0.0	0.0008356675144616622	4.857142857142857
1.0	1.0	0.0	0.0008026868526954943	5.428571428571429
1.0	2.0	0.0	0.0015761672980460356	4.571428571428571
1.0	4.0	0.0	0.0027159196612365774	3.7142857142857144
1.0	3.0	0.0	0.0020644340589082953	3.142857142857143
1.0	3.0	0.0	0.0020842644026697285	3.142857142857143
1.0	2.0	0.0	0.0013954919034691328	3.7142857142857144
1.0	2.0	0.0	0.001402758324558761	3.619047619047619
1.0	3.0	0.0	0.0020259203573993615	3.238095238095238
1.0	3.0	0.0	0.002184250322776674	3.4285714285714284
1.0	1.0	0.0	0.0007648197263300456	4.666666666666667
1.0	2.0	0.0	0.0014115383493779534	4.380952380952381
1.0	3.0	0.0	0.002123271900767465	3.8095238095238093
1.0	1.0	0.0	0.0008090546953514022	4.380952380952381
1.0	3.0	0.0	0.0022693964547688735	3.9047619047619047
1.0	2.0	0.0	0.0014384639949641623	4.9523809523809526
1.0	3.0	0.0	0.0021592592463053617	4.476190476190476
1.0	1.0	0.0	0.0007907144323058312	4.761904761904762
1.0	2.0	0.0	0.0016444277590388575	5.333333333333333
1.0	2.0	0.0	0.0017374180805166321	6.190476190476191
1.0	1.0	0.0	0.0009356637739301818	7.142857142857143
1.0	2.0	0.0	0.0013436087475589388	4.913043478260869
1.0	2.0	0.0	0.001533712350058494	5.6521739130434785
1.0	1.0	0.0	0.0008005579673003423	4.869565217391305
1.0	1.0	0.0	0.0008045279750329575	4.869565217391305
1.0	2.0	0.0	0.0013436087475589388	4.913043478260869
1.0	2.0	0.0	0.001427896954170133	4.086956521739131
1.0	2.0	0.0	0.001398407230877558	4.086956521739131
1.0	3.0	0.0	0.0019929843485592754	4.3478260869565215
1.0	3.0	0.0	0.0019714917739041696	5.391304347826087
1.0	3.0	0.0	0.0019714917739041696	5.391304347826087
1.0	3.0	0.0	0.0020772189648430852	4.3478260869565215
1.0	3.0	0.0	0.0021197010046540756	4.869565217391305
1.0	3.0	0.0	0.00215451083232389	3.9130434782608696
1.0	2.0	0.0	0.0013801754613125571	6.173913043478261
1.0	2.0	0.0	0.0013801754613125571	6.173913043478261
1.0	3.0	0.0	0.0021668622909825196	3.9130434782608696
1.0	2.0	0.0	0.0014334101231019863	5.130434782608695
1.0	2.0	0.0	0.0014475433470487913	5.6521739130434785
1.0	2.0	0.0	0.0014098195515191742	6.956521739130435
1.0	2.0	0.0	0.0014098195515191742	6.956521739130435
1.0	2.0	0.0	0.0014566737861890346	5.913043478260869
1.0	2.0	0.0	0.001461655873436613	6.434782608695652
1.0	2.0	0.0	0.0016531653770211255	6.521739130434782
1.0	1.0	0.0	0.0008980175428474775	7.478260869565218
1.0	1.0	0.0	0.0008060497099629686	6.5
1.0	1.0	0.0	0.0008102960851664832	7.230769230769231
1.0	2.0	0.0	0.001319109159118993	4.653846153846154
1.0	1.0	0.0	0.0007742975116297712	4.6923076923076925
1.0	1.0	0.0	0.0007742975116297712	4.6923076923076925
1.0	1.0	0.0	0.0007773149764668065	4.730769230769231
1.0	1.0	0.0	0.0007773149764668065	4.730769230769231
1.0	3.0	0.0	0.002009450635204665	3.8076923076923075
1.0	2.0	0.0	0.001319109159118993	4.653846153846154
1.0	3.0	0.0	0.001974429237725061	3.6923076923076925
1.0	3.0	0.0	0.001933780365572073	4.038461538461538
1.0	3.0	0.0	0.0020664203593456967	3.730769230769231
1.0	3.0	0.0	0.0020664203593456967	3.730769230769231
1.0	3.0	0.0	0.002076850013900223	3.769230769230769
1.0	3.0	0.0	0.002076850013900223	3.769230769230769
1.0	3.0	0.0	0.0020307808322436193	4.230769230769231
1.0	3.0	0.0	0.0019487675914073115	5.1923076923076925
1.0	3.0	0.0	0.0019487675914073115	5.1923076923076925
1.0	2.0	0.0	0.0014151913798883418	4.884615384615385
1.0	2.0	0.0	0.0014144634958254895	4.961538461538462
1.0	2.0	0.0	0.0013694023656639742	6.0
1.0	2.0	0.0	0.0013694023656639742	6.0
1.0	2.0	0.0	0.0014009972801870942	6.8076923076923075
1.0	2.0	0.0	0.0014009972801870942	6.8076923076923075
1.0	3.0	0.0	0.0021727945675015406	5.538461538461538
1.0	2.0	0.0	0.0014469078380293424	5.615384615384615
1.0	3.0	0.0	0.002186204004107334	6.269230769230769
1.0	2.0	0.0	0.001397651278389264	3.5625
1.0	1.0	0.0	0.0007911476191258946	4.5
1.0	3.0	0.0	0.0019424331518949835	2.5625
1.0	2.0	0.0	0.001345306245189385	3.125
1.0	2.0	0.0	0.001375441298777712	3.125
1.0	2.0	0.0	0.0014167882038732308	3.9375
1.0	1.0	0.0	0.0007799615724016571	4.3125
1.0	3.0	0.0	0.0019954235527534546	2.875
1.0	2.0	0.0	0.001397651278389264	3.5625
1.0	2.0	0.0	0.0014334673727488716	4.25
1.0	2.0	0.0	0.001444057993800923	4.9375
1.0	2.0	0.0	0.0014334673727488716	4.25
1.0	3.0	0.0	0.001948187950582802	2.5625
1.0	3.0	0.0	0.0019723879592085172	2.9375
1.0	2.0	0.0	0.0013515402646718543	3.3125
1.0	3.0	0.0	0.0020861334151139363	3.375
1.0	3.0	0.0	0.002123521371563939	3.5625
1.0	2.0	0.0	0.001376691744386312	5.071428571428571
1.0	1.0	0.0	0.0007835624441454048	5.785714285714286
1.0	2.0	0.0	0.0015767592702230113	7.857142857142857
1.0	3.0	0.0	0.001961189216956427	4.214285714285714
1.0	3.0	0.0	0.001980764060700101	5.392857142857143
1.0	1.0	0.0	0.0008438221661912823	6.5
1.0	2.0	0.0	0.0013539178958139448	4.607142857142857
1.0	2.0	0.0	0.0013539178958139448	4.607142857142857
1.0	2.0	0.0	0.0013574772433886566	5.0
1.0	2.0	0.0	0.0013574772433886566	5.0
1.0	3.0	0.0	0.0019632225604037878	4.035714285714286
1.0	3.0	0.0	0.0020142380121760386	6.0
1.0	2.0	0.0	0.0013361701205063252	4.285714285714286
1.0	3.0	0.0	0.0020617834552934637	4.642857142857143
1.0	2.0	0.0	0.001406691311070396	6.821428571428571
1.0	2.0	0.0	0.001406691311070396	6.821428571428571
1.0	3.0	0.0	0.0019779499757207105	4.464285714285714
1.0	3.0	0.0	0.002098392941451559	4.821428571428571
1.0	2.0	0.0	0.0014397938502475455	7.642857142857143
1.0	2.0	0.0	0.0014397938502475455	7.642857142857143
1.0	3.0	0.0	0.002006926625439988	4.928571428571429
1.0	2.0	0.0	0.0014503019575480194	8.464285714285714
1.0	2.0	0.0	0.0015328539025067467	5.535714285714286
1.0	2.0	0.0	0.0013999351928324238	5.607142857142857
1.0	2.0	0.0	0.0013999351928324238	5.607142857142857
1.0	2.0	0.0	0.0014290390559634708	6.285714285714286
1.0	2.0	0.0	0.0014290390559634708	6.285714285714286
1.0	3.0	0.0	0.002150669185652051	6.964285714285714
1.0	1.0	0.0	0.0008640796818189775	8.821428571428571
1.0	2.0	0.0	0.0013032330034281722	3.9047619047619047
1.0	2.0	0.0	0.0013032330034281722	3.9047619047619047
1.0	2.0	0.0	0.0015468644253321946	6.0476190476190474
1.0	2.0	0.0	0.001546864425332195	6.0476190476190474
1.0	3.0	0.0	0.0018960239308621308	3.4761904761904763
1.0	3.0	0.0	0.001896023930862131	3.4761904761904763
1.0	3.0	0.0	0.0019335605344316148	4.0476190476190474
1.0	3.0	0.0	0.0019335605344316152	4.0476190476190474
1.0	3.0	0.0	0.0019337035878463195	4.142857142857143
1.0	3.0	0.0	0.0019337035878463195	4.142857142857143
1.0	2.0	0.0	0.001303202586713024	3.8095238095238093
1.0	2.0	0.0	0.001303202586713024	3.8095238095238093
1.0	2.0	0.0	0.001361568047224291	4.619047619047619
1.0	2.0	0.0	0.001361568047224291	4.619047619047619
1.0	2.0	0.0	0.0013618707688243963	4.714285714285714
1.0	2.0	0.0	0.0013618707688243963	4.714285714285714
1.0	3.0	0.0	0.0020905398901998147	5.190476190476191
1.0	3.0	0.0	0.0020905398901998147	5.190476190476191
1.0	2.0	0.0	0.00139434374132832	5.285714285714286
1.0	2.0	0.0	0.00139434374132832	5.285714285714286
1.0	1.0	0.0	0.0008503981257850288	7.0
1.0	1.0	0.0	0.0008503981257850288	7.0
1.0	2.0	0.0	0.0015673428486206952	3.090909090909091
1.0	1.0	0.0	0.0007878191133282127	3.1818181818181817
1.0	2.0	0.0	0.0013933524185327359	2.8181818181818183
1.0	2.0	0.0	0.0013987494336511908	2.3636363636363638
1.0	2.0	0.0	0.0014271947972289206	2.4545454545454546
1.0	3.0	0.0	0.0020170638356602428	2.1818181818181817
1.0	3.0	0.0	0.002020349216913083	2.272727272727273
1.0	2.0	0.0	0.00139447103867891	2.909090909090909
1.0	2.0	0.0	0.0014088411667437435	3.1818181818181817
1.0	3.0	0.0	0.002111967238211561	2.272727272727273
1.0	3.0	0.0	0.0021316191909519413	2.3636363636363638
1.0	1.0	0.0	0.0008597482199972812	4.0
1.0	1.0	0.0	0.0007859652065801986	4.884615384615385
1.0	1.0	0.0	0.0007898534749808975	5.115384615384615
1.0	1.0	0.0	0.0008029002958816694	6.038461538461538
1.0	3.0	0.0	0.0021261172503745495	4.423076923076923
1.0	2.0	0.0	0.001438432783208246	4.653846153846154
1.0	3.0	0.0	0.0019007422686400759	3.3461538461538463
1.0	3.0	0.0	0.00191313239966039	3.8461538461538463
1.0	3.0	0.0	0.00191313239966039	3.8461538461538463
1.0	3.0	0.0	0.00193074928445097	4.346153846153846
1.0	3.0	0.0	0.00193074928445097	4.346153846153846
1.0	2.0	0.0	0.0013129420787568952	4.846153846153846
1.0	2.0	0.0	0.0013310821116278735	3.3846153846153846
1.0	3.0	0.0	0.0020202531899461093	3.5
1.0	2.0	0.0	0.0013534288668923854	4.653846153846154
1.0	2.0	0.0	0.0013534288668923854	4.653846153846154
1.0	2.0	0.0	0.0013598613061965284	5.153846153846154
1.0	2.0	0.0	0.0013598613061965284	5.153846153846154
1.0	3.0	0.0	0.0021066714761880326	3.923076923076923
1.0	3.0	0.0	0.0021196066903744967	4.153846153846154
1.0	2.0	0.0	0.0013896833629045797	5.461538461538462
1.0	2.0	0.0	0.0013896833629045797	5.461538461538462
1.0	2.0	0.0	0.0013914529693688274	5.961538461538462
1.0	2.0	0.0	0.0013914529693688274	5.961538461538462
1.0	2.0	0.0	0.0015377309304295836	5.230769230769231
1.0	3.0	0.0	0.002163220525131988	5.076923076923077
1.0	2.0	0.0	0.0016550267669382778	6.115384615384615
1.0	1.0	0.0	0.000899505238660406	7.076923076923077
1.0	1.0	0.0	0.0007937997895065713	5.0
1.0	1.0	0.0	0.0007937997895065713	5.0
1.0	1.0	0.0	0.0008112748505009166	6.304347826086956
1.0	2.0	0.0	0.001450753652353167	4.739130434782608
1.0	2.0	0.0	0.001450753652353167	4.739130434782608
1.0	3.0	0.0	0.0019038226079690647	3.0
1.0	3.0	0.0	0.0019151549633393235	3.4347826086956523
1.0	3.0	0.0	0.0019151549633393235	3.4347826086956523
1.0	3.0	0.0	0.0019314738390565872	3.869565217391304
1.0	3.0	0.0	0.0019314738390565872	3.869565217391304
1.0	2.0	0.0	0.0013137566077225681	4.304347826086956
1.0	2.0	0.0	0.0013368702129341221	3.1739130434782608
1.0	2.0	0.0	0.0013539885746962441	4.217391304347826
1.0	2.0	0.0	0.0013539885746962441	4.217391304347826
1.0	2.0	0.0	0.001360586085904296	4.6521739130434785
1.0	2.0	0.0	0.001360586085904296	4.6521739130434785
1.0	3.0	0.0	0.002034314761396581	3.4347826086956523
1.0	2.0	0.0	0.0013904463052456344	5.0
1.0	2.0	0.0	0.0013904463052456344	5.0
1.0	2.0	0.0	0.0013917574383544656	5.434782608695652
1.0	2.0	0.0	0.0013917574383544656	5.434782608695652
1.0	3.0	0.0	0.002134212263263745	4.043478260869565
1.0	3.0	0.0	0.002134212263263745	4.043478260869565
1.0	3.0	0.0	0.0021926521730737144	5.3478260869565215
1.0	2.0	0.0	0.0013521711091703365	3.375
1.0	3.0	0.0	0.00200636160671166	3.3125
1.0	3.0	0.0	0.0020063616067116604	3.3125
1.0	2.0	0.0	0.0013330826066579962	3.0
1.0	2.0	0.0	0.0013521711091703365	3.375
1.0	2.0	0.0	0.0014476634755444134	5.375
1.0	2.0	0.0	0.0014476634755444134	5.375
1.0	2.0	0.0	0.0014371442163112085	4.6875
1.0	2.0	0.0	0.0014371442163112085	4.6875
1.0	2.0	0.0	0.001437144216311209	4.6875
1.0	2.0	0.0	0.001437144216311209	4.6875
1.0	2.0	0.0	0.0014028653253483202	4.0
1.0	2.0	0.0	0.0014028653253483202	4.0
1.0	2.0	0.0	0.0014028653253483202	4.0
1.0	2.0	0.0	0.0014028653253483202	4.0
1.0	3.0	0.0	0.0019645273725428167	3.0
1.0	3.0	0.0	0.0019645273725428167	3.0
1.0	1.0	0.0	0.0008586016197854402	3.2222222222222223
1.0	1.0	0.0	0.0008586016197854402	3.2222222222222223
1.0	1.0	0.0	0.0008586016197854402	3.2222222222222223
1.0	1.0	0.0	0.0008586016197854402	3.2222222222222223
1.0	3.0	0.3333333333333333	0.002159347219331184	1.8888888888888888
1.0	3.0	0.3333333333333333	0.002159347219331184	1.8888888888888888
1.0	3.0	0.3333333333333333	0.0021764751552328146	2.111111111111111
1.0	3.0	0.0	0.0023476320253389376	2.3333333333333335
1.0	3.0	0.0	0.0023476320253389376	2.3333333333333335
1.0	1.0	0.0	0.0008072586417172761	3.0
1.0	1.0	0.0	0.0008498159846735904	4.684210526315789
1.0	1.0	0.0	0.0008498159846735904	4.684210526315789
1.0	1.0	0.0	0.0008498159846735904	4.684210526315789
1.0	1.0	0.0	0.0008535520162270854	4.473684210526316
1.0	1.0	0.0	0.0008535520162270854	4.473684210526316
1.0	1.0	0.0	0.0008535520162270854	4.473684210526316
1.0	1.0	0.0	0.0008535520162270854	4.473684210526316
1.0	1.0	0.0	0.0008805155508161811	5.105263157894737
1.0	2.0	0.0	0.001515650490919025	3.4210526315789473
1.0	3.0	0.0	0.002337201891896256	3.526315789473684
1.0	3.0	0.0	0.002337201891896256	3.526315789473684
1.0	1.0	0.0	0.0008805155508161811	5.105263157894737
1.0	3.0	0.0	0.002123554737646689	2.789473684210526
1.0	3.0	0.0	0.0021437620469058373	3.1052631578947367
1.0	3.0	0.0	0.0021356599874460527	2.789473684210526
1.0	3.0	0.0	0.0021356599874460527	2.789473684210526
1.0	2.0	0.0	0.0014420130955327833	3.1052631578947367
1.0	2.0	0.0	0.0014420130955327833	3.1052631578947367
1.0	4.0	0.0	0.0030997003417442904	3.736842105263158
1.0	3.0	0.0	0.002427092843336689	4.157894736842105
1.0	1.0	0.0	0.0008484331478078219	5.363636363636363
1.0	1.0	0.0	0.0008484331478078219	5.363636363636363
1.0	1.0	0.0	0.0008484331478078219	5.363636363636363
1.0	2.0	0.0	0.0015845638486111078	4.636363636363637
1.0	1.0	0.0	0.000838173610159479	4.909090909090909
1.0	1.0	0.0	0.0008502858926721241	4.909090909090909
1.0	1.0	0.0	0.0008502858926721241	4.909090909090909
1.0	1.0	0.0	0.0008502858926721241	4.909090909090909
1.0	1.0	0.0	0.0008502858926721241	4.909090909090909
1.0	2.0	0.0	0.0014632239234303778	3.4545454545454546
1.0	3.0	0.0	0.002326322523356415	3.9545454545454546
1.0	3.0	0.0	0.002326322523356415	3.9545454545454546
1.0	3.0	0.0	0.002090014283062168	3.0454545454545454
1.0	3.0	0.0	0.002118966752071929	3.1818181818181817
1.0	3.0	0.0	0.002118966752071929	3.1818181818181817
1.0	3.0	0.0	0.0021356942400656345	3.727272727272727
1.0	2.0	0.0	0.0014345846123439234	3.590909090909091
1.0	2.0	0.0	0.0014345846123439234	3.590909090909091
1.0	3.0	0.0	0.0024948236839811818	5.409090909090909
1.0	4.0	0.0	0.003093489649616443	4.409090909090909
1.0	3.0	0.0	0.002286230679699034	3.9545454545454546
1.0	1.0	0.0	0.0009007112261059497	6.363636363636363
1.0	1.0	0.0	0.0009007112261059497	6.363636363636363
1.0	1.0	0.0	0.0007730963776614665	4.695652173913044
1.0	1.0	0.0	0.0007922004970702712	4.565217391304348
1.0	1.0	0.0	0.0008015799256277761	4.826086956521739
1.0	3.0	0.0	0.002003067056300118	4.0
1.0	2.0	0.0	0.0013828282217837377	4.260869565217392
1.0	1.0	0.0	0.000781877214721626	4.956521739130435
1.0	2.0	0.0	0.0014311709153857323	4.304347826086956
1.0	3.0	0.0	0.002038532114144722	3.5217391304347827
1.0	3.0	0.0	0.002062577012520183	3.739130434782609
1.0	3.0	0.0	0.0020917310728719484	4.0
1.0	3.0	0.0	0.0021260015028035494	3.608695652173913
1.0	3.0	0.0	0.002025971251490755	4.521739130434782
1.0	3.0	0.0	0.002157924216162106	3.869565217391304
1.0	2.0	0.0	0.001411735674210601	5.304347826086956
1.0	2.0	0.0	0.001411735674210601	5.304347826086956
1.0	3.0	0.0	0.002099265244236889	4.826086956521739
1.0	2.0	0.0	0.0014439062075301946	6.086956521739131
1.0	2.0	0.0	0.0014439062075301946	6.086956521739131
1.0	2.0	0.0	0.0014536845086900638	6.869565217391305
1.0	2.0	0.0	0.001444839508202091	5.608695652173913
1.0	2.0	0.0	0.001444839508202091	5.608695652173913
1.0	2.0	0.0	0.0014691955382231826	6.391304347826087
1.0	2.0	0.0	0.0014691955382231826	6.391304347826087
1.0	2.0	0.0	0.0014761760492339481	7.173913043478261
1.0	1.0	0.0	0.0007739034892253401	3.6666666666666665
1.0	2.0	0.0	0.0013409091632605014	2.6666666666666665
1.0	2.0	0.0	0.0013704345498959758	2.8
1.0	2.0	0.0	0.001415990880755034	4.0
1.0	3.0	0.0	0.0019768613590968732	2.6666666666666665
1.0	3.0	0.0	0.001988535686592005	2.7333333333333334
1.0	3.0	0.0	0.001978697958247559	2.6
1.0	3.0	0.0	0.0019926042040288297	2.6666666666666665
1.0	3.0	0.0	0.002065543014676506	2.7333333333333334
1.0	2.0	0.0	0.0013834847883850245	3.3333333333333335
1.0	2.0	0.0	0.0013875019284003798	3.4
1.0	2.0	0.0	0.0013843508729608493	3.2666666666666666
1.0	2.0	0.0	0.0013894987212887684	3.3333333333333335
1.0	2.0	0.0	0.001413529906624957	4.0
1.0	2.0	0.0	0.0014148309925195324	4.066666666666666
1.0	2.0	0.0	0.0014146805087332198	3.933333333333333
1.0	2.0	0.0	0.0014566009461596248	3.142857142857143
1.0	1.0	0.0	0.0007975335978375025	3.5714285714285716
1.0	1.0	0.0	0.0007975335978375025	3.5714285714285716
1.0	3.0	0.0	0.002056280264755896	2.2857142857142856
1.0	3.0	0.0	0.002055733361037798	2.5
1.0	3.0	0.0	0.0021481425042542274	2.642857142857143
1.0	3.0	0.0	0.0022010350670608877	3.5
1.0	3.0	0.0	0.0021481425042542274	2.642857142857143
1.0	2.0	0.0	0.0014566009461596248	3.142857142857143
1.0	2.0	0.0	0.0014232964800988497	3.142857142857143
1.0	2.0	0.0	0.0014232964800988497	3.142857142857143
1.0	2.0	0.0	0.001454680101771879	3.7857142857142856
1.0	2.0	0.0	0.001454680101771879	3.7857142857142856
1.0	1.0	0.0	0.0008133883359764433	4.428571428571429
1.0	2.0	0.0	0.0014612038590729546	4.428571428571429
1.0	4.0	0.0	0.002940212097442912	4.913043478260869
1.0	1.0	0.0	0.0008155209857129274	5.869565217391305
1.0	1.0	0.0	0.0008155209857129274	5.869565217391305
1.0	1.0	0.0	0.000802379776047351	5.695652173913044
1.0	1.0	0.0	0.0009039039563766847	7.956521739130435
1.0	1.0	0.0	0.0009039039563766847	7.956521739130435
1.0	2.0	0.0	0.0015325265907424547	5.521739130434782
1.0	2.0	0.0	0.0014212700256854786	4.478260869565218
1.0	2.0	0.0	0.001431997783513255	5.173913043478261
1.0	3.0	0.0	0.002089702395400888	4.565217391304348
1.0	3.0	0.0	0.0020648033562170017	4.304347826086956
1.0	2.0	0.0	0.0014168170258015457	4.478260869565218
1.0	2.0	0.0	0.0014168170258015457	4.478260869565218
1.0	2.0	0.0	0.0014103019421364289	4.391304347826087
1.0	2.0	0.0	0.0014103019421364289	4.391304347826087
1.0	2.0	0.0	0.0015938188860783382	6.217391304347826
1.0	3.0	0.0	0.002162406506483739	4.739130434782608
1.0	3.0	0.0	0.002101170501056454	5.695652173913044
1.0	3.0	0.0	0.0024980422531451375	7.0
1.0	2.0	0.0	0.001444737782538371	6.478260869565218
1.0	2.0	0.0	0.001444737782538371	6.478260869565218
1.0	2.0	0.0	0.0014701124588007482	7.260869565217392
1.0	2.0	0.0	0.0014701124588007482	7.260869565217392
1.0	2.0	0.0	0.0014759185624906128	8.043478260869565
1.0	2.0	0.0	0.0013609473685541793	3.3333333333333335
1.0	4.0	0.0	0.002712952932006539	2.533333333333333
1.0	3.0	0.0	0.0020835490159065457	2.7333333333333334
1.0	2.0	0.0	0.0013711037626011322	2.7333333333333334
1.0	3.0	0.0	0.0019734942239589656	2.466666666666667
1.0	2.0	0.0	0.001379513856432815	2.6666666666666665
1.0	3.0	0.0	0.0020835490159065457	2.7333333333333334
1.0	2.0	0.0	0.0013711037626011322	2.7333333333333334
1.0	1.0	0.0	0.0007649145949110772	3.466666666666667
1.0	2.0	0.0	0.0013654933517090592	2.8
1.0	3.0	0.0	0.001949140751781749	2.6
1.0	1.0	0.0	0.0007792044072501826	3.6666666666666665
1.0	3.0	0.0	0.001968801680713176	2.8
1.0	1.0	0.0	0.0007792044072501826	3.6666666666666665
1.0	2.0	0.0	0.0013666522517766359	3.533333333333333
1.0	2.0	0.0	0.0013817326413314384	3.8
1.0	1.0	0.0	0.0007916691849890301	3.272727272727273
1.0	1.0	0.0	0.0008514184164070165	3.727272727272727
1.0	2.0	0.0	0.0013981375799265155	2.4545454545454546
1.0	3.0	0.0	0.0020210121995146556	2.0
1.0	3.0	0.0	0.002021535291921631	2.1818181818181817
1.0	3.0	0.0	0.0020950552691533135	2.090909090909091
1.0	3.0	0.0	0.0021245384339624385	2.3636363636363638
1.0	2.0	0.0	0.0014037142433985454	2.5454545454545454
1.0	2.0	0.0	0.0014039369258074608	2.727272727272727
1.0	2.0	0.0	0.0014291559520490423	3.090909090909091
1.0	2.0	0.0	0.0014291860326167659	3.272727272727273
1.0	2.0	0.0	0.0015491589887721	2.8181818181818183
1.0	1.0	0.0	0.0007942844342575334	4.588235294117647
1.0	2.0	0.0	0.001392930431782498	3.4705882352941178
1.0	2.0	0.0	0.0013819124866115734	3.0588235294117645
1.0	2.0	0.0	0.0014147328843771671	4.352941176470588
1.0	3.0	0.0	0.001963547066360419	2.6470588235294117
1.0	3.0	0.0	0.001967524551178524	2.5294117647058822
1.0	3.0	0.0	0.0019955997883916066	2.9411764705882355
1.0	3.0	0.0	0.0020079411642954384	2.8823529411764706
1.0	2.0	0.0	0.0014160983230850355	3.4705882352941178
1.0	2.0	0.0	0.0013784651217895508	3.3529411764705883
1.0	3.0	0.0	0.002133403325242045	3.6470588235294117
1.0	2.0	0.0	0.0013895588574571356	3.6470588235294117
1.0	2.0	0.0	0.0014035263411928147	3.588235294117647
1.0	2.0	0.0	0.0014035263411928147	3.588235294117647
1.0	2.0	0.0	0.001411200217071897	4.0588235294117645
1.0	2.0	0.0	0.0014377150506082429	4.294117647058823
1.0	2.0	0.0	0.0014377150506082429	4.294117647058823
1.0	2.0	0.0	0.0014480963422752362	5.0
1.0	1.0	0.0	0.00084612643116219	3.7857142857142856
1.0	1.0	0.0	0.00084612643116219	3.7857142857142856
1.0	2.0	0.0	0.001414623729121539	3.2857142857142856
1.0	2.0	0.0	0.0013965996409748237	2.9285714285714284
1.0	3.0	0.0	0.002025009191466193	2.4285714285714284
1.0	3.0	0.0	0.0020195200263597017	2.2857142857142856
1.0	3.0	0.0	0.0021477894640880048	2.5714285714285716
1.0	3.0	0.0	0.0020959265814079545	2.2142857142857144
1.0	3.0	0.0	0.0021513876998829878	2.7142857142857144
1.0	2.0	0.0	0.0014076101170872079	2.7857142857142856
1.0	3.0	0.0	0.0021060837951893904	3.0
1.0	1.0	0.0	0.000798418926877375	3.5
1.0	1.0	0.0	0.0007999643989130583	3.642857142857143
1.0	1.0	0.0	0.0007860726989418625	3.9285714285714284
1.0	3.0	0.0	0.0023068890155136645	2.857142857142857
1.0	2.0	0.0	0.0013140876651305824	3.857142857142857
1.0	1.0	0.0	0.0008349309459899536	5.190476190476191
1.0	2.0	0.0	0.001433618738143837	3.761904761904762
1.0	4.0	0.0	0.003189350954556553	4.904761904761905
1.0	3.0	0.0	0.002267001364271546	4.238095238095238
1.0	1.0	0.0	0.0008713476549857284	5.857142857142857
1.0	1.0	0.0	0.0008713476549857284	5.857142857142857
1.0	1.0	0.0	0.0008713476549857284	5.857142857142857
1.0	3.0	0.0	0.001994693590548306	3.380952380952381
1.0	3.0	0.0	0.0019229677020273892	3.2857142857142856
1.0	3.0	0.0	0.0019328970995933497	3.619047619047619
1.0	2.0	0.0	0.00131079088200819	3.5238095238095237
1.0	3.0	0.0	0.0019325391927183329	3.6666666666666665
1.0	2.0	0.0	0.0013759577812959924	4.142857142857143
1.0	2.0	0.0	0.0013572826814881732	4.380952380952381
1.0	2.0	0.0	0.0013838393145230894	4.476190476190476
1.0	3.0	0.0	0.001990019110225351	4.142857142857143
1.0	2.0	0.0	0.0013954864279545765	4.904761904761905
1.0	2.0	0.0	0.0013954864279545765	4.904761904761905
1.0	2.0	0.0	0.001431489476976886	5.666666666666667
1.0	2.0	0.0	0.001431489476976886	5.666666666666667
1.0	2.0	0.0	0.0014426454866098577	6.428571428571429
1.0	1.0	0.0	0.0007774617528259056	4.25
1.0	2.0	0.0	0.0015608923894564254	4.95
1.0	1.0	0.0	0.0007660782215590508	3.9
1.0	3.0	0.0	0.00204011675547432	2.95
1.0	3.0	0.0	0.0020762199341341396	3.3
1.0	1.0	0.0	0.0007766957211025131	4.2
1.0	3.0	0.0	0.001990096881151241	3.0
1.0	3.0	0.0	0.0020011801951373034	3.35
1.0	3.0	0.0	0.0019948754645588212	2.9
1.0	3.0	0.0	0.002075514199051244	3.25
1.0	3.0	0.0	0.0020223923572016186	3.35
1.0	2.0	0.0	0.0013871170836505086	3.55
1.0	2.0	0.0	0.0013914444065462853	3.9
1.0	3.0	0.0	0.0021174367990313596	4.1
1.0	2.0	0.0	0.0014162339139724132	4.45
1.0	2.0	0.0	0.001409695338144132	4.1
1.0	2.0	0.0	0.001409695338144132	4.1
1.0	2.0	0.0	0.001442787456146452	4.85
1.0	2.0	0.0	0.001442787456146452	4.85
1.0	2.0	0.0	0.001452224669530787	5.6
1.0	1.0	0.0	0.0008564610744422988	5.9
1.0	1.0	0.0	0.0007662238452740112	4.36
1.0	1.0	0.0	0.000767758065303335	4.76
1.0	1.0	0.0	0.00077898821551235	5.24
1.0	2.0	0.0	0.0013221778919798738	3.56
1.0	3.0	0.0	0.0020471208768535923	3.8
1.0	3.0	0.0	0.0020799728954936612	4.28
1.0	1.0	0.0	0.0007781702840380761	4.84
1.0	4.0	0.0	0.0024754931630517367	3.8
1.0	3.0	0.0	0.0018880727128288283	5.08
1.0	3.0	0.0	0.0018880727128288285	5.08
1.0	3.0	0.0	0.0018880727128288283	5.08
1.0	2.0	0.0	0.0012756181472391808	4.52
1.0	2.0	0.0	0.0012756181472391808	4.52
1.0	2.0	0.0	0.0012756181472391808	4.52
1.0	2.0	0.0	0.0012850072134123155	5.8
1.0	2.0	0.0	0.0012850072134123155	5.8
1.0	2.0	0.0	0.0012850072134123155	5.8
1.0	3.0	0.0	0.0020424832156318955	3.4
1.0	3.0	0.0	0.00200351021930678	3.4
1.0	3.0	0.0	0.002081845958052896	3.88
1.0	3.0	0.0	0.0019955106290402433	4.2
1.0	3.0	0.0	0.0020067950641941014	4.68
1.0	2.0	0.0	0.0013933667045560076	5.0
1.0	2.0	0.0	0.0013952113704263432	5.48
1.0	2.0	0.0	0.0014201976908091432	5.8
1.0	2.0	0.0	0.0014225364801584285	6.28
1.0	1.0	0.0	0.0008049344371655068	4.444444444444445
1.0	1.0	0.0	0.0007965877652437017	3.888888888888889
1.0	1.0	0.0	0.0008018981874961337	4.944444444444445
1.0	1.0	0.0	0.0008101006444114371	5.611111111111111
1.0	2.0	0.0	0.0014576778442532499	4.666666666666667
1.0	3.0	0.0	0.0022013579669076426	4.111111111111111
1.0	3.0	0.0	0.002096946784664161	3.0
1.0	2.0	0.0	0.0014432713454558869	3.611111111111111
1.0	2.0	0.0	0.001474913988478691	4.611111111111111
1.0	3.0	0.0	0.0022025471422773596	4.0
1.0	3.0	0.0	0.0021677876698042845	3.5
1.0	3.0	0.0	0.0021402188887176266	2.9444444444444446
1.0	2.0	0.0	0.0014232949412197895	3.111111111111111
1.0	1.0	0.0	0.0008144400519918437	5.055555555555555
1.0	3.0	0.0	0.0020887549078474972	3.388888888888889
1.0	1.0	0.0	0.0008147949241411683	4.944444444444445
1.0	2.0	0.0	0.0014368078203875249	4.055555555555555
1.0	3.0	0.0	0.0021587629285273234	4.0
1.0	3.0	0.0	0.0021858894153301547	4.666666666666667
1.0	1.0	0.0	0.0007964646573981159	3.75
1.0	1.0	0.0	0.0008049766387350537	4.5
1.0	1.0	0.0	0.0008020084738304809	4.5625
1.0	1.0	0.0	0.0008101010769639032	5.1875
1.0	2.0	0.0	0.001457788563140063	4.25
1.0	3.0	0.0	0.00209695027182888	3.0
1.0	2.0	0.0	0.0014451848035732934	3.6875
1.0	3.0	0.0	0.0020893025703520424	3.0625
1.0	2.0	0.0	0.0014684095130575742	4.375
1.0	2.0	0.0	0.0014230993674230327	2.875
1.0	2.0	0.0	0.0014773134176349302	4.9375
1.0	3.0	0.0	0.0021417448128284084	2.8125
1.0	2.0	0.0	0.0014692352007882755	4.25
1.0	3.0	0.0	0.0021705571848190503	3.5625
1.0	2.0	0.0	0.0014367357869888202	3.6875
1.0	3.0	0.0	0.0021586434901704624	3.625
1.0	3.0	0.0	0.002186052071702182	4.25
1.0	2.0	0.0	0.0013362162375466448	2.9444444444444446
1.0	1.0	0.0	0.0008345940665126413	4.5
1.0	1.0	0.0	0.0008345940665126413	4.5
1.0	3.0	0.0	0.0022686652301887765	3.5555555555555554
1.0	3.0	0.0	0.002036996525865663	2.8333333333333335
1.0	3.0	0.0	0.0019701728103183537	2.6666666666666665
1.0	2.0	0.0	0.0013599524130381794	3.111111111111111
1.0	3.0	0.0	0.00197963045483157	3.388888888888889
1.0	3.0	0.0	0.00200846386861276	3.0555555555555554
1.0	3.0	0.0	0.0019715684512117537	3.2222222222222223
1.0	2.0	0.0	0.00138407013728654	4.111111111111111
1.0	2.0	0.0	0.001380218564600626	3.9444444444444446
1.0	2.0	0.0	0.0014043828043614705	3.7777777777777777
1.0	2.0	0.0	0.0014043828043614705	3.7777777777777777
1.0	2.0	0.0	0.0014115744281105371	4.833333333333333
1.0	2.0	0.0	0.0014112798080121308	4.666666666666667
1.0	2.0	0.0	0.0014377128796042335	4.5
1.0	2.0	0.0	0.0014377128796042335	4.5
1.0	2.0	0.0	0.0014487992237407587	5.222222222222222
1.0	2.0	0.0	0.0015532549785238095	4.285714285714286
1.0	1.0	0.0	0.0008504322821103113	4.5
1.0	2.0	0.0	0.0014878485956433328	3.2142857142857144
1.0	1.0	0.0	0.000929065855757369	5.928571428571429
1.0	3.0	0.0	0.0021261156863620536	3.0
1.0	3.0	0.0	0.0021606466133685617	3.642857142857143
1.0	2.0	0.0	0.0014455629928275485	3.2142857142857144
1.0	2.0	0.0	0.0014455629928275485	3.2142857142857144
1.0	2.0	0.0	0.0014537246598426822	3.4285714285714284
1.0	2.0	0.0	0.0014537246598426822	3.4285714285714284
1.0	2.0	0.0	0.0016669977359671001	5.071428571428571
1.0	3.0	0.0	0.0023222378629029206	3.5714285714285716
1.0	1.0	0.0	0.0009047363695780181	6.0
1.0	2.0	0.0	0.0016251771502133593	4.214285714285714
1.0	2.0	0.0	0.0017230597123808486	5.0
1.0	2.0	0.0	0.0013185342735142652	4.222222222222222
1.0	1.0	0.0	0.000786998828742379	5.962962962962963
1.0	2.0	0.0	0.0013093206177829369	4.0
1.0	3.0	0.0	0.0019354700498457372	3.740740740740741
1.0	2.0	0.0	0.001307119169838979	3.7037037037037037
1.0	3.0	0.0	0.0019078661493031278	3.5185185185185186
1.0	3.0	0.0	0.001997180513874725	4.2592592592592595
1.0	3.0	0.0	0.0019199998415440427	3.814814814814815
1.0	3.0	0.0	0.0019460243835425527	4.333333333333333
1.0	3.0	0.0	0.001942148014120865	4.222222222222222
1.0	2.0	0.0	0.0013165553168065244	4.333333333333333
1.0	3.0	0.0	0.00195386200209641	4.851851851851852
1.0	2.0	0.0	0.0013355488512922747	4.481481481481482
1.0	3.0	0.0	0.0019651095416146043	5.518518518518518
1.0	3.0	0.0	0.0021097975704806784	5.0
1.0	2.0	0.0	0.0013998837226641548	5.074074074074074
1.0	2.0	0.0	0.0013447779619324943	5.0
1.0	2.0	0.0	0.0013677241014841413	5.148148148148148
1.0	2.0	0.0	0.0013665824104901244	5.037037037037037
1.0	2.0	0.0	0.0013725817906031254	5.666666666666667
1.0	2.0	0.0	0.0014383322746628641	5.814814814814815
1.0	2.0	0.0	0.0014353476741179843	5.888888888888889
1.0	2.0	0.0	0.0013764003704601364	6.333333333333333
1.0	2.0	0.0	0.0013994461588473237	5.962962962962963
1.0	2.0	0.0	0.0013989052393282354	5.851851851851852
1.0	2.0	0.0	0.0014480282018980244	6.62962962962963
1.0	2.0	0.0	0.0014045310097129907	6.481481481481482
1.0	2.0	0.0	0.0014058005026081708	7.148148148148148
