Constant_feature	Degree	Clustering_coefficient	Pagerank	Aver_path_len
1.0	1.0	0.0	0.005672164379468119	12.337078651685394
1.0	1.0	0.0	0.005671907392482906	12.426966292134832
1.0	1.0	0.0	0.005731778341941295	14.213483146067416
1.0	1.0	0.0	0.005731736192906166	14.303370786516854
1.0	1.0	0.0	0.006144618547028077	12.629213483146067
1.0	1.0	0.0	0.006144290266347637	12.719101123595506
1.0	2.0	0.0	0.010519176319597073	10.157303370786517
1.0	2.0	0.0	0.010516702840943666	10.247191011235955
1.0	1.0	0.0	0.005727859178486162	10.44943820224719
1.0	1.0	0.0	0.00572596537716908	10.539325842696629
1.0	1.0	0.0	0.00591490589488001	13.629213483146067
1.0	1.0	0.0	0.005914822128356749	13.719101123595506
1.0	1.0	0.0	0.005868267790585642	11.764044943820224
1.0	1.0	0.0	0.00586770396654431	11.853932584269662
1.0	2.0	0.0	0.00947871468266482	8.853932584269662
1.0	1.0	0.0	0.005592444295325197	9.325842696629213
1.0	1.0	0.0	0.005578215562737725	9.415730337078651
1.0	1.0	0.0	0.0056538127680012176	10.786516853932584
1.0	3.0	0.0	0.014601839924911215	11.955056179775282
1.0	3.0	0.0	0.014601430016331574	12.044943820224718
1.0	3.0	0.0	0.015788131901696596	13.876404494382022
1.0	3.0	0.0	0.0157880045570473	13.96629213483146
1.0	2.0	0.0	0.01033472161911008	10.089887640449438
1.0	2.0	0.0	0.01033233411791029	10.179775280898877
1.0	3.0	0.0	0.015951657007318477	12.03370786516854
1.0	3.0	0.0	0.015951172599298714	12.123595505617978
1.0	2.0	0.0	0.010064684780755076	8.584269662921349
1.0	2.0	0.0	0.010046906610057095	8.674157303370787
1.0	2.0	0.0	0.009368575996390073	8.067415730337078
1.0	1.0	0.0	0.00559829312788492	10.0
1.0	3.0	0.0	0.01465319695675851	12.573033707865168
1.0	3.0	0.0	0.014652976627536958	12.662921348314606
1.0	2.0	0.0	0.010090462547556016	13.52808988764045
1.0	2.0	0.0	0.010090330056447203	13.617977528089888
1.0	2.0	0.0	0.010185805170319558	13.696629213483146
1.0	2.0	0.0	0.010185662505660375	13.786516853932584
1.0	2.0	0.0	0.010075263611326032	12.910112359550562
1.0	2.0	0.0	0.010075079950655493	13.0
1.0	3.0	0.0	0.015203519234007291	11.348314606741573
1.0	3.0	0.0	0.015202679490811095	11.438202247191011
1.0	3.0	0.0	0.015401154581279459	13.224719101123595
1.0	3.0	0.0	0.015401002041371114	13.314606741573034
1.0	3.0	0.0	0.015356287827150011	10.696629213483146
1.0	3.0	0.0	0.015354619124575013	10.786516853932584
1.0	3.0	0.0	0.01677813909539877	11.640449438202246
1.0	3.0	0.0	0.016777068456937567	11.730337078651685
1.0	2.0	0.0	0.010650871229231244	13.269662921348315
1.0	2.0	0.0	0.010650744925045894	13.359550561797754
1.0	1.0	0.0	0.0058470764454623455	14.865168539325843
1.0	1.0	0.0	0.005847033907800255	14.955056179775282
1.0	3.0	0.0	0.014907789941463315	8.853932584269662
1.0	3.0	0.0	0.01489600371454132	8.9438202247191
1.0	3.0	0.0	0.015388992974569887	9.460674157303371
1.0	1.0	0.0	0.006144618547028077	12.629213483146067
1.0	3.0	0.0	0.015382644606835577	9.55056179775281
1.0	1.0	0.0	0.006144290266347637	12.719101123595506
1.0	3.0	0.0	0.01576905778104535	11.382022471910112
1.0	3.0	0.0	0.015768187158942692	11.47191011235955
1.0	3.0	0.0	0.016015082522763707	12.640449438202246
1.0	3.0	0.0	0.016014823772261273	12.730337078651685
1.0	3.0	0.0	0.01550194958025777	9.50561797752809
1.0	3.0	0.0	0.015495546346886829	9.595505617977528
1.0	3.0	0.0	0.017045206489348905	12.325842696629213
1.0	3.0	0.0	0.01704461784985974	12.415730337078651
1.0	3.0	0.0	0.015854840406055483	10.775280898876405
1.0	3.0	0.0	0.015852931282120966	10.865168539325843
1.0	1.0	0.0	0.005762019640122542	10.49438202247191
1.0	1.0	0.0	0.005760109985510468	10.584269662921349
1.0	1.0	0.0	0.005897417519915233	13.02247191011236
1.0	1.0	0.0	0.005897279322668097	13.112359550561798
1.0	1.0	0.0	0.006225594692766696	13.314606741573034
1.0	1.0	0.0	0.006225594692766696	13.314606741573034
1.0	1.0	0.0	0.0062254260919525056	13.404494382022472
1.0	1.0	0.0	0.0062254260919525056	13.404494382022472
1.0	3.0	0.0	0.014936897490257674	8.337078651685394
1.0	3.0	0.0	0.014889543823054801	8.426966292134832
1.0	3.0	0.0	0.014214220925038885	8.134831460674157
1.0	3.0	0.0	0.014125508537273452	8.224719101123595
1.0	3.0	0.0	0.013780328322597483	8.044943820224718
1.0	3.0	0.0	0.013741294621994013	8.089887640449438
1.0	3.0	0.0	0.013968575429685753	8.831460674157304
1.0	3.0	0.0	0.01495559543564042	9.01123595505618
1.0	3.0	0.0	0.013927036316433578	8.876404494382022
1.0	2.0	0.0	0.00983103129322583	9.146067415730338
1.0	3.0	0.0	0.014854476095495851	9.707865168539326
1.0	3.0	0.0	0.014755197786192956	9.797752808988765
1.0	3.0	0.0	0.015144187799123219	9.797752808988765
1.0	2.0	0.0	0.00996262450274572	9.932584269662922
1.0	1.0	0.0	0.005568016573200454	10.696629213483146
1.0	1.0	0.0	0.005538201800549076	10.786516853932584
