Constant_feature	Degree	Clustering_coefficient	Pagerank	Aver_path_len
1.0	2.0	0.0	0.03509079153816651	5.04
1.0	1.0	0.0	0.019345511480368508	5.0
1.0	1.0	0.0	0.01859136523101239	4.64
1.0	1.0	0.0	0.019707953005999607	5.72
1.0	3.0	0.0	0.046750867588524744	3.6
1.0	2.0	0.0	0.03198524190822885	4.0
1.0	4.0	0.0	0.06888320660185651	4.04
1.0	3.0	0.0	0.04839010027512437	3.56
1.0	3.0	0.0	0.04617316154822611	3.32
1.0	3.0	0.0	0.04849070421114597	3.84
1.0	2.0	0.0	0.0317954770128102	3.96
1.0	2.0	0.0	0.03221430422951238	3.48
1.0	3.0	0.0	0.04641281966106694	3.84
1.0	3.0	0.0	0.04601476760376465	3.52
1.0	3.0	0.0	0.04915206717755629	3.68
1.0	2.0	0.0	0.038331319010210876	4.92
1.0	2.0	0.0	0.03418536695407011	4.56
1.0	3.0	0.0	0.052874817667529876	4.76
1.0	2.0	0.0	0.03212022653988715	4.32
1.0	1.0	0.0	0.02109458616354086	5.88
1.0	3.0	0.0	0.04783479283796961	4.8
1.0	3.0	0.0	0.04778104280069075	4.48
1.0	2.0	0.0	0.03377733339669813	5.6
1.0	2.0	0.0	0.03375911395827936	5.28
1.0	2.0	0.0	0.034624592834398046	6.4
1.0	2.0	0.0	0.0346184687633611	6.08
