Constant_feature	Degree	Clustering_coefficient	Pagerank	Aver_path_len
1.0	1.0	0.0	0.013586915460873284	10.526315789473685
1.0	1.0	0.0	0.013503208916034484	9.842105263157896
1.0	1.0	0.0	0.0129075874102012	5.868421052631579
1.0	1.0	0.0	0.013353876929254407	6.815789473684211
1.0	3.0	0.0	0.03211153548364411	4.552631578947368
1.0	2.0	0.0	0.021686606256616222	4.894736842105263
1.0	2.0	0.0	0.022309611254112762	5.157894736842105
1.0	2.0	0.0	0.0238208157191165	6.447368421052632
1.0	2.0	0.0	0.022852430812211784	5.7631578947368425
1.0	3.0	0.0	0.03148285947192706	4.5
1.0	3.0	0.0	0.03153694915368156	4.605263157894737
1.0	3.0	0.0	0.03163139926679882	4.842105263157895
1.0	3.0	0.0	0.032746683128932245	5.2105263157894735
1.0	3.0	0.0	0.032821557401304546	5.552631578947368
1.0	3.0	0.0	0.03447758525056757	4.894736842105263
1.0	2.0	0.0	0.02369736177535304	5.342105263157895
1.0	2.0	0.0	0.02304214794310596	6.078947368421052
1.0	2.0	0.0	0.02304214794310596	6.078947368421052
1.0	2.0	0.0	0.023076690062915167	6.421052631578948
1.0	2.0	0.0	0.023076690062915167	6.421052631578948
1.0	2.0	0.0	0.023675353635344676	6.947368421052632
1.0	2.0	0.0	0.023675353635344676	6.947368421052632
1.0	3.0	0.0	0.03596468231343125	5.842105263157895
1.0	2.0	0.0	0.023872050300429604	7.815789473684211
1.0	2.0	0.0	0.02370092571968844	7.2894736842105265
1.0	2.0	0.0	0.02370092571968844	7.2894736842105265
1.0	2.0	0.0	0.02389568334508643	8.157894736842104
1.0	3.0	0.0	0.034888202319347424	7.105263157894737
1.0	3.0	0.0	0.03416714113148582	6.421052631578948
1.0	2.0	0.0	0.024006823905742526	7.921052631578948
1.0	2.0	0.0	0.024006823905742526	7.921052631578948
1.0	2.0	0.0	0.024389494032351827	8.736842105263158
1.0	2.0	0.0	0.024389494032351827	8.736842105263158
1.0	2.0	0.0	0.02368589962189136	7.2368421052631575
1.0	2.0	0.0	0.02368589962189136	7.2368421052631575
1.0	3.0	0.0	0.03674441103458072	9.552631578947368
1.0	2.0	0.0	0.024162642728846065	8.052631578947368
1.0	2.0	0.0	0.024162642728846065	8.052631578947368
1.0	3.0	0.0	0.0364608905652369	8.868421052631579
