Constant_feature	Degree	Clustering_coefficient	Pagerank	Aver_path_len
1.0	1.0	0.0	0.018239331134153235	8.357142857142858
1.0	1.0	0.0	0.01725750697357818	5.535714285714286
1.0	1.0	0.0	0.017340867611716916	4.714285714285714
1.0	3.0	0.3333333333333333	0.04379643464073915	4.642857142857143
1.0	3.0	0.0	0.04673276111836738	4.892857142857143
1.0	2.0	0.0	0.03056505052593813	4.5
1.0	3.0	0.3333333333333333	0.0456383186281311	5.5
1.0	2.0	1.0	0.03027863789951605	5.535714285714286
1.0	3.0	0.0	0.04343665727431496	3.892857142857143
1.0	1.0	0.0	0.01713980227979866	6.464285714285714
1.0	3.0	0.0	0.043468764113727874	3.5
1.0	3.0	0.0	0.046031583371278634	4.571428571428571
1.0	3.0	0.0	0.04365460655880731	3.8214285714285716
1.0	3.0	0.0	0.04630723767222043	3.75
1.0	3.0	0.0	0.04470776043895056	4.428571428571429
1.0	1.0	0.0	0.017468368748823605	5.857142857142857
1.0	2.0	0.0	0.031584012469334566	4.142857142857143
1.0	2.0	0.0	0.031291336793645874	5.25
1.0	2.0	0.0	0.031291336793645874	5.25
1.0	2.0	0.0	0.03165008253405437	4.607142857142857
1.0	2.0	0.0	0.032069631085918794	6.071428571428571
1.0	2.0	0.0	0.032069631085918794	6.071428571428571
1.0	2.0	0.0	0.03231034325141142	6.892857142857143
1.0	3.0	0.0	0.04663401692227036	5.142857142857143
1.0	2.0	0.0	0.0321568336992	5.892857142857143
1.0	2.0	0.0	0.0321568336992	5.892857142857143
1.0	2.0	0.0	0.032710629235445106	6.642857142857143
1.0	2.0	0.0	0.032710629235445106	6.642857142857143
1.0	3.0	0.0	0.04930099420444736	7.392857142857143
