Constant_feature	Degree	Clustering_coefficient	Pagerank	Aver_path_len
1.0	1.0	0.0	0.04118779984557449	4.769230769230769
1.0	2.0	0.0	0.06357629103337922	3.230769230769231
1.0	2.0	0.0	0.06419648755395016	3.1538461538461537
1.0	2.0	0.0	0.06433673826848291	3.5384615384615383
1.0	1.0	0.0	0.04118779984557449	4.769230769230769
1.0	3.0	0.0	0.09382732523167567	2.4615384615384617
1.0	3.0	0.0	0.09185710203479981	2.5384615384615383
1.0	3.0	0.0	0.09226126546096682	2.923076923076923
1.0	2.0	0.0	0.06390000926930141	3.0
1.0	2.0	0.0	0.06749181997446813	2.769230769230769
1.0	2.0	0.0	0.06554666164907166	3.769230769230769
1.0	2.0	0.0	0.0655908188719133	4.153846153846154
1.0	2.0	0.0	0.07155968346992259	3.230769230769231
1.0	3.0	0.0	0.11348019749091906	3.8461538461538463
