Constant_feature	Degree	Clustering_coefficient	Pagerank	Aver_path_len
1.0	1.0	0.0	0.019148428629382236	4.8
1.0	1.0	0.0	0.018978475355149627	4.36
1.0	1.0	0.0	0.020623755802004047	5.52
1.0	1.0	0.0	0.022062114042873913	6.4
1.0	1.0	0.0	0.01970828608890628	6.56
1.0	4.0	0.0	0.06540940231105846	3.4
1.0	3.0	0.0	0.04796822849932091	3.28
1.0	3.0	0.0	0.04751089823943438	3.2
1.0	3.0	0.0	0.047838526307086654	3.28
1.0	4.0	0.0	0.06800936804217603	3.84
1.0	2.0	0.0	0.03369531856574435	3.48
1.0	4.0	0.0	0.06492341302909119	3.6
1.0	3.0	0.0	0.050442499614071296	3.4
1.0	2.0	0.0	0.03367225117013444	3.92
1.0	2.0	0.0	0.03430081026258651	4.2
1.0	2.0	0.0	0.03315883846257293	3.76
1.0	1.0	0.0	0.018562997056748572	4.36
1.0	3.0	0.0	0.048996024618764275	4.16
1.0	2.0	0.0	0.03346750210454904	4.08
1.0	2.0	0.0	0.03425921636483511	4.32
1.0	1.0	0.0	0.018453354988722814	4.56
1.0	3.0	0.0	0.055925966023701194	4.56
1.0	2.0	0.0	0.035125534800130497	5.04
1.0	2.0	0.0	0.03440767224988862	4.88
1.0	3.0	0.0	0.05287166158061313	5.6
1.0	2.0	0.0	0.040479455790453506	5.44
