Constant_feature	Degree	Clustering_coefficient	Pagerank	Aver_path_len
1.0	2.0	0.0	0.04057776045706965	5.565217391304348
1.0	1.0	0.0	0.023722041933599072	7.826086956521739
1.0	1.0	0.0	0.024945233967666833	8.695652173913043
1.0	3.0	0.0	0.0523520203780827	4.260869565217392
1.0	3.0	0.0	0.055009616863463215	4.608695652173913
1.0	2.0	0.0	0.036236070830920813	4.913043478260869
1.0	2.0	0.0	0.03702064769465635	4.695652173913044
1.0	2.0	0.0	0.03690604614430774	5.3478260869565215
1.0	2.0	0.0	0.037328338571478804	4.913043478260869
1.0	2.0	0.0	0.041421168302851266	6.521739130434782
1.0	2.0	0.0	0.03792359491323159	6.434782608695652
1.0	2.0	0.0	0.035928181071590334	4.173913043478261
1.0	3.0	0.0	0.05237096656229065	4.565217391304348
1.0	3.0	0.0	0.05352016517597719	4.173913043478261
1.0	3.0	0.0	0.052970820287626466	5.043478260869565
1.0	2.0	0.0	0.036725108629288246	4.391304347826087
1.0	3.0	0.0	0.0651892242666457	6.869565217391305
1.0	2.0	0.0	0.03892815623816495	5.043478260869565
1.0	2.0	0.0	0.041981059506735294	6.173913043478261
1.0	2.0	0.0	0.03636405170626318	5.304347826086956
1.0	3.0	0.0	0.05576267866830652	5.6521739130434785
1.0	2.0	0.0	0.046171250171157335	7.739130434782608
1.0	2.0	0.0	0.03783975242085427	5.956521739130435
1.0	1.0	0.0	0.022806045237771633	7.478260869565218
