Constant_feature	Degree	Clustering_coefficient	Pagerank	Aver_path_len
1.0	2.0	0.0	0.053851995072785264	3.1333333333333333
1.0	2.0	0.0	0.057140220182423825	3.8
1.0	2.0	0.0	0.053851995072785264	3.1333333333333333
1.0	2.0	0.0	0.05814876154343464	4.466666666666667
1.0	1.0	0.0	0.03245124408381316	5.333333333333333
1.0	2.0	0.0	0.05474460858690674	2.933333333333333
1.0	3.0	0.0	0.07935037104423105	2.8
1.0	3.0	0.0	0.07932099197970924	3.3333333333333335
1.0	3.0	0.0	0.07932099197970924	3.3333333333333335
1.0	3.0	0.0	0.08229430961649824	3.2
1.0	2.0	0.0	0.05564853942848785	4.0
1.0	2.0	0.0	0.05564853942848785	4.0
1.0	2.0	0.0	0.05710557258147827	3.8666666666666667
1.0	2.0	0.0	0.05689384296266705	4.666666666666667
1.0	2.0	0.0	0.05689384296266705	4.666666666666667
1.0	3.0	0.0	0.08733417347391509	4.4
