Constant_feature	Degree	Clustering_coefficient	Pagerank	Aver_path_len
1.0	1.0	0.0	0.028254752314886205	3.5294117647058822
1.0	1.0	0.0	0.028598656025356058	3.764705882352941
1.0	2.0	0.0	0.05049401789293138	2.9411764705882355
1.0	2.0	0.0	0.05507627508941168	3.2941176470588234
1.0	2.0	0.0	0.059395495085618005	4.117647058823529
1.0	1.0	0.0	0.03228312832155684	5.0588235294117645
1.0	4.0	0.0	0.10130465467410409	2.588235294117647
1.0	2.0	0.0	0.056048172003300215	3.411764705882353
1.0	3.0	0.0	0.07566265298165575	2.588235294117647
1.0	3.0	0.0	0.07295158547309047	2.7058823529411766
1.0	3.0	0.0	0.0768089990562998	2.823529411764706
1.0	3.0	0.0	0.07298320204874337	2.9411764705882355
1.0	1.0	0.0	0.0307776333975979	4.352941176470588
1.0	2.0	0.0	0.050669044154244045	3.2941176470588234
1.0	2.0	0.0	0.050713481174410754	3.5294117647058822
1.0	3.0	0.0	0.07754054040249336	4.117647058823529
1.0	2.0	0.0	0.051619590597464377	3.8823529411764706
1.0	1.0	0.0	0.028818119306835432	5.0588235294117645
