Constant_feature	Degree	Clustering_coefficient	Pagerank	Aver_path_len
1.0	2.0	0.0	0.028211776670998757	6.742857142857143
1.0	2.0	0.0	0.02749736649207251	5.885714285714286
1.0	2.0	0.0	0.027905497246838724	6.514285714285714
1.0	2.0	0.0	0.027919961197154602	6.8
1.0	1.0	0.0	0.01424760575209546	6.428571428571429
1.0	1.0	0.0	0.015391501931105044	8.8
1.0	1.0	0.0	0.015391501931105044	8.8
1.0	2.0	0.0	0.024548558290502013	4.628571428571429
1.0	3.0	0.0	0.042049821974725066	7.828571428571428
1.0	3.0	0.0	0.035220925300266735	4.228571428571429
1.0	2.0	0.0	0.024272916622583993	4.6571428571428575
1.0	2.0	0.0	0.02428712269662707	4.857142857142857
1.0	3.0	0.0	0.03490887932391565	4.142857142857143
1.0	3.0	0.0	0.03528797577436248	4.742857142857143
1.0	3.0	0.0	0.03488823967720631	4.457142857142857
1.0	3.0	0.0	0.034803547154145076	4.2
1.0	3.0	0.0	0.03694424598605195	4.9714285714285715
1.0	2.0	0.0	0.024698751049672358	5.371428571428571
1.0	2.0	0.0	0.024720407787121517	4.8
1.0	2.0	0.0	0.024901153070112952	5.085714285714285
1.0	2.0	0.0	0.024636101505079062	4.885714285714286
1.0	3.0	0.0	0.03775292149599492	5.6
1.0	3.0	0.0	0.037782336150433776	5.885714285714286
1.0	3.0	0.0	0.038233095963413274	5.457142857142857
1.0	3.0	0.0	0.036916834051129645	5.6
1.0	2.0	0.0	0.02537237999705037	5.542857142857143
1.0	3.0	0.0	0.038360081973024054	5.828571428571428
1.0	2.0	0.0	0.02541864922413644	6.285714285714286
1.0	2.0	0.0	0.025551102312372342	6.457142857142857
1.0	1.0	0.0	0.01515170351497604	6.857142857142857
1.0	3.0	0.0	0.03854566176010071	6.9714285714285715
1.0	2.0	0.0	0.025991568948242706	7.142857142857143
1.0	1.0	0.0	0.015335141166939271	7.485714285714286
1.0	1.0	0.0	0.015341856583483407	7.771428571428571
1.0	2.0	0.0	0.02603994858922533	7.828571428571428
1.0	1.0	0.0	0.015472860835735104	7.714285714285714
