Constant_feature	Degree	Clustering_coefficient	Pagerank	Aver_path_len
1.0	2.0	0.0	0.035465622681528516	4.32
1.0	2.0	0.0	0.0350122700703622	3.68
1.0	2.0	0.0	0.03820578320006529	4.4
1.0	2.0	0.0	0.03956608263157422	5.68
1.0	1.0	0.0	0.020573583207902132	5.84
1.0	2.0	0.0	0.03602835297581042	5.44
1.0	2.0	0.0	0.03611931428699425	5.84
1.0	2.0	0.0	0.03539446860944966	4.64
1.0	2.0	0.0	0.03569201899824581	5.04
1.0	3.0	0.0	0.0511217833310479	3.84
1.0	3.0	0.0	0.051970540160919565	4.24
1.0	3.0	0.0	0.05276818347446431	3.6
1.0	3.0	0.0	0.05324240616789584	3.84
1.0	2.0	0.0	0.039127395735382625	4.72
1.0	3.0	0.0	0.05575985001862331	4.88
1.0	1.0	0.0	0.02145313217443569	5.68
1.0	2.0	0.0	0.0411776934782109	5.28
1.0	3.0	0.0	0.05215370267506922	4.88
1.0	1.0	0.0	0.02237572261359336	6.24
1.0	2.0	0.0	0.04220676401262363	6.56
1.0	2.0	0.0	0.03594319745788335	5.68
1.0	2.0	0.0	0.03594319745788335	5.68
1.0	2.0	0.0	0.03655641457284303	6.48
1.0	2.0	0.0	0.03655641457284303	6.48
1.0	1.0	0.0	0.022838653269825933	7.52
1.0	2.0	0.0	0.03674745216452257	7.28
