Constant_feature	Degree	Clustering_coefficient	Pagerank	Aver_path_len
1.0	1.0	0.0	0.023739499820611798	4.4
1.0	2.0	0.0	0.04887738142117269	6.15
1.0	2.0	0.0	0.04334901313001634	4.25
1.0	2.0	0.0	0.042851489215090056	4.5
1.0	2.0	0.0	0.04289863863724246	3.85
1.0	3.0	0.0	0.06194063859856966	4.25
1.0	3.0	0.0	0.062097175610826144	3.25
1.0	3.0	0.0	0.061673652569782654	3.75
1.0	3.0	0.0	0.0632591138442201	3.45
1.0	2.0	0.0	0.043097329718927005	5.0
1.0	2.0	0.0	0.0423423205456535	3.4
1.0	2.0	0.0	0.04300396714719387	4.5
1.0	3.0	0.0	0.06316766267848559	3.65
1.0	2.0	0.0	0.043895563817953565	5.75
1.0	2.0	0.0	0.043866877036734205	5.25
1.0	2.0	0.0	0.04372629782445019	4.2
1.0	2.0	0.0	0.04372629782445019	4.2
1.0	2.0	0.0	0.044472517179373366	4.75
1.0	2.0	0.0	0.044472517179373366	4.75
1.0	3.0	0.0	0.06678445251656737	5.3
1.0	1.0	0.0	0.026757593683305506	7.1
