Constant_feature	Degree	Clustering_coefficient	Pagerank	Aver_path_len
1.0	2.0	0.0	0.03281355351484608	4.814814814814815
1.0	2.0	0.0	0.03305273848467888	5.2592592592592595
1.0	1.0	0.0	0.020353741681238657	8.148148148148149
1.0	1.0	0.0	0.020353741681238657	8.148148148148149
1.0	3.0	0.0	0.046488905059768715	4.888888888888889
1.0	4.0	0.0	0.06393625280813334	4.444444444444445
1.0	3.0	0.0	0.04652314391876836	5.407407407407407
1.0	3.0	0.0	0.04698817351311339	4.148148148148148
1.0	2.0	0.0	0.032385325119517056	5.62962962962963
1.0	2.0	0.0	0.03203491161656737	5.111111111111111
1.0	3.0	0.0	0.048351891673068595	4.666666666666667
1.0	2.0	0.0	0.03227588326256302	4.148148148148148
1.0	1.0	0.0	0.017957565666899506	5.407407407407407
1.0	1.0	0.0	0.017957565666899506	5.407407407407407
1.0	2.0	0.0	0.03304050764532688	6.37037037037037
1.0	2.0	0.0	0.03242404888499666	6.148148148148148
1.0	3.0	0.0	0.0496489014660743	6.888888888888889
1.0	2.0	0.0	0.032464083580032506	4.222222222222222
1.0	4.0	0.0	0.06385668533101518	4.37037037037037
1.0	1.0	0.0	0.018077471300297878	5.62962962962963
1.0	2.0	0.0	0.03281355351484608	4.814814814814815
1.0	2.0	0.0	0.033052738484678885	5.2592592592592595
1.0	1.0	0.0	0.018466608568727172	7.851851851851852
1.0	1.0	0.0	0.01793951846268792	5.333333333333333
1.0	3.0	0.0	0.049052728157499496	5.703703703703703
1.0	3.0	0.0	0.05244319357039119	6.37037037037037
1.0	1.0	0.0	0.019304658053183186	7.333333333333333
1.0	3.0	0.0	0.05594190931294122	7.185185185185185
