Constant_feature	Degree	Clustering_coefficient	Pagerank	Aver_path_len
1.0	4.0	0.0	0.07706663911656203	5.961538461538462
1.0	2.0	0.0	0.03574848552759341	4.846153846153846
1.0	2.0	0.0	0.03621743312005766	5.038461538461538
1.0	1.0	0.0	0.02104425802941933	6.923076923076923
1.0	1.0	0.0	0.02104425802941933	6.923076923076923
1.0	1.0	0.0	0.020024586052804296	6.153846153846154
1.0	1.0	0.0	0.02104425802941933	6.923076923076923
1.0	1.0	0.0	0.020141259167137136	6.346153846153846
1.0	2.0	0.0	0.038074201767096694	6.923076923076923
1.0	2.0	0.0	0.038950183912438416	7.653846153846154
1.0	2.0	0.0	0.03813889539293324	7.115384615384615
1.0	2.0	0.0	0.037425999262419685	6.269230769230769
1.0	2.0	0.0	0.03899355439220734	7.846153846153846
1.0	2.0	0.0	0.037529958560864746	6.461538461538462
1.0	3.0	0.0	0.05241128485688218	4.576923076923077
1.0	2.0	0.0	0.04025404721015821	8.461538461538462
1.0	2.0	0.0	0.04028228233286351	8.653846153846153
1.0	2.0	0.0	0.0368668838640191	5.6923076923076925
1.0	2.0	0.0	0.03676815750420844	5.230769230769231
1.0	2.0	0.0	0.037029506889200425	5.884615384615385
1.0	2.0	0.0	0.03572584389379587	4.769230769230769
1.0	2.0	0.0	0.04227003721169853	9.346153846153847
1.0	2.0	0.0	0.04229277358643989	9.538461538461538
1.0	3.0	0.0	0.054401052905657624	5.1923076923076925
1.0	3.0	0.0	0.054792974061026	5.384615384615385
1.0	1.0	0.0	0.022725846957980033	10.307692307692308
1.0	1.0	0.0	0.02273533836569726	10.5
