Constant_feature	Degree	Clustering_coefficient	Pagerank	Aver_path_len
1.0	2.0	0.0	0.05647523162300623	3.5294117647058822
1.0	1.0	0.0	0.02884730233337082	4.470588235294118
1.0	1.0	0.0	0.029271408578310395	3.764705882352941
1.0	1.0	0.0	0.02879564720523455	4.588235294117647
1.0	4.0	0.0	0.09661791970352133	2.3529411764705883
1.0	3.0	0.0	0.0730224321276292	2.4705882352941178
1.0	2.0	0.0	0.050501883717992906	2.9411764705882355
1.0	2.0	0.0	0.05047273658293808	2.9411764705882355
1.0	3.0	0.0	0.0763759900295492	2.9411764705882355
1.0	2.0	0.0	0.05157355080377584	3.411764705882353
1.0	2.0	0.0	0.051508779490356406	3.5294117647058822
1.0	3.0	0.0	0.07763782056620958	3.5294117647058822
1.0	3.0	0.0	0.07905150552397734	2.823529411764706
1.0	2.0	0.0	0.05070277757491861	3.0588235294117645
1.0	3.0	0.0	0.07746563659958555	3.6470588235294117
1.0	1.0	0.0	0.028467951916567834	3.8823529411764706
1.0	2.0	0.0	0.06045204702280461	4.352941176470588
1.0	1.0	0.0	0.03275937860025139	5.294117647058823
