Constant_feature	Degree	Clustering_coefficient	Pagerank	Aver_path_len
1.0	1.0	0.0	0.01786294904515983	5.928571428571429
1.0	1.0	0.0	0.01817182336036866	7.428571428571429
1.0	1.0	0.0	0.01746975266736158	4.714285714285714
1.0	1.0	0.0	0.01746837392637588	4.714285714285714
1.0	1.0	0.0	0.017356637306804548	4.642857142857143
1.0	1.0	0.0	0.017343447046021386	4.642857142857143
1.0	3.0	0.0	0.04482088818904168	3.2857142857142856
1.0	3.0	0.0	0.04480969468027165	3.2857142857142856
1.0	4.0	0.0	0.062759408522883	3.9285714285714284
1.0	2.0	0.0	0.034743470153403413	4.821428571428571
1.0	2.0	0.0	0.034743470153403413	4.821428571428571
1.0	3.0	0.0	0.04673769978218602	3.75
1.0	3.0	0.0	0.046733074568687374	3.75
1.0	1.0	0.0	0.01908305475767622	5.785714285714286
1.0	1.0	0.0	0.01908305475767622	5.785714285714286
1.0	3.0	0.0	0.04636016990752971	3.6785714285714284
1.0	3.0	0.0	0.046316116174982824	3.6785714285714284
1.0	3.0	0.0	0.04615188687129277	4.214285714285714
1.0	3.0	0.0	0.04605606169997117	4.214285714285714
1.0	3.0	0.0	0.048047062215382894	4.964285714285714
1.0	2.0	0.0	0.03195563885009954	5.035714285714286
1.0	2.0	0.0	0.03190160737261899	4.964285714285714
1.0	2.0	0.0	0.03190160737261899	4.964285714285714
1.0	2.0	0.0	0.03261821582167849	5.785714285714286
1.0	2.0	0.0	0.03258411901998498	5.857142857142857
1.0	2.0	0.0	0.032528130687343546	5.714285714285714
1.0	2.0	0.0	0.032528130687343546	5.714285714285714
1.0	2.0	0.0	0.03278816127138253	6.607142857142857
1.0	3.0	0.0	0.04907629313044909	6.464285714285714
