Constant_feature	Degree	Clustering_coefficient	Pagerank	Aver_path_len
1.0	0.0	0.0	0.0	0.0
1.0	2.0	0.0	0.030141500941065498	4.566666666666666
1.0	2.0	0.0	0.02908805358938457	5.1
1.0	1.0	0.0	0.0155302886338396	5.1
1.0	1.0	0.0	0.016304735790867858	5.666666666666667
1.0	1.0	0.0	0.017533952413776692	6.233333333333333
1.0	3.0	0.0	0.03906646777085202	4.233333333333333
1.0	2.0	0.0	0.026789630606835604	4.733333333333333
1.0	2.0	0.0	0.03571631343989466	7.0
1.0	4.0	0.0	0.056030758602610566	3.933333333333333
1.0	3.0	0.0	0.03997885173707534	3.7
1.0	3.0	0.0	0.03855003768090818	3.8333333333333335
1.0	3.0	0.0	0.04030680847700391	4.1
1.0	2.0	0.0	0.026603315681154337	4.7
1.0	2.0	0.0	0.02678382162108201	3.8
1.0	2.0	0.0	0.031490177782206696	4.833333333333333
1.0	3.0	0.0	0.04101596954307982	4.133333333333334
1.0	3.0	0.0	0.038503298037658146	4.166666666666667
1.0	3.0	0.0	0.038857770884372	4.6
1.0	2.0	0.0	0.028408409808938724	4.866666666666666
1.0	3.0	0.0	0.043598352126805226	4.7
1.0	2.0	0.0	0.02691022724245702	5.166666666666667
1.0	1.0	0.0	0.017395753890297252	5.8
1.0	3.0	0.0	0.04009007646874117	5.733333333333333
1.0	3.0	0.0	0.04004270847262996	5.3
1.0	3.0	0.0	0.04769054388210002	5.266666666666667
1.0	2.0	0.0	0.028315522108086567	6.566666666666666
1.0	2.0	0.0	0.028298882498180154	6.133333333333334
1.0	2.0	0.0	0.03360744550700962	6.1
1.0	2.0	0.0	0.02902803036426671	7.4
1.0	2.0	0.0	0.02902299485197396	6.966666666666667
1.0	1.0	0.0	0.019299299544845827	7.966666666666667
