Constant_feature	Degree	Clustering_coefficient	Pagerank	Aver_path_len
1.0	0.0	0.0	0.0	0.0
1.0	1.0	0.0	0.022781613698492638	4.15
1.0	3.0	0.0	0.057286658765017304	3.1
1.0	2.0	0.0	0.03932146218907048	3.35
1.0	3.0	0.0	0.05697111320182306	2.8
1.0	3.0	0.0	0.056677760133535184	2.85
1.0	3.0	0.0	0.05709920884612715	3.15
1.0	3.0	0.0	0.05830270297571798	3.45
1.0	3.0	0.0	0.05802670625413775	3.55
1.0	3.0	0.0	0.059030569840262725	3.5
1.0	3.0	0.0	0.05852192944913684	3.65
1.0	3.0	0.0	0.06006682750562241	3.2
1.0	2.0	0.0	0.039873841949949335	3.4
1.0	2.0	0.0	0.03983454841588566	3.45
1.0	2.0	0.0	0.041431632928972784	4.2
1.0	2.0	0.0	0.04128731340673	4.3
1.0	2.0	0.0	0.04168732400863127	4.25
1.0	2.0	0.0	0.041458902743760684	4.4
1.0	2.0	0.0	0.042622500373872385	4.95
1.0	2.0	0.0	0.04248154374024274	5.05
1.0	2.0	0.0	0.04269993373108228	5.0
1.0	2.0	0.0	0.042535905841928914	5.15
