Constant_feature	Degree	Clustering_coefficient	Pagerank	Aver_path_len
1.0	2.0	0.0	0.029317029447305833	6.548387096774194
1.0	2.0	0.0	0.030134266910267663	6.548387096774194
1.0	1.0	0.0	0.01701566120978555	8.225806451612904
1.0	1.0	0.0	0.017225641188040777	8.225806451612904
1.0	2.0	0.0	0.028686757879335396	5.903225806451613
1.0	2.0	0.0	0.032601548366257706	8.096774193548388
1.0	2.0	0.0	0.03291982579708483	8.096774193548388
1.0	3.0	0.0	0.03824503798556131	4.548387096774194
1.0	3.0	0.0	0.03809369835878103	4.548387096774194
1.0	3.0	0.0	0.03836954455198465	4.67741935483871
1.0	4.0	0.0	0.05207606529819436	4.903225806451613
1.0	4.0	0.0	0.0519350665507173	4.67741935483871
1.0	2.0	0.0	0.02667996446594631	4.774193548387097
1.0	2.0	0.0	0.026848164410709804	4.903225806451613
1.0	2.0	0.0	0.026886822546081893	5.32258064516129
1.0	2.0	0.0	0.026632919368124362	4.870967741935484
1.0	3.0	0.0	0.03911266169646475	5.0
1.0	3.0	0.0	0.040001745055936636	5.32258064516129
1.0	2.0	0.0	0.02727624375250612	5.129032258064516
1.0	2.0	0.0	0.027224939602594846	5.645161290322581
1.0	1.0	0.0	0.014842074771957712	5.870967741935484
1.0	2.0	0.0	0.026843070721737517	5.0
1.0	1.0	0.0	0.01481067925989537	5.645161290322581
1.0	2.0	0.0	0.027159842450068413	5.451612903225806
1.0	2.0	0.0	0.027700318415914003	5.580645161290323
1.0	3.0	0.0	0.041006155608058	5.903225806451613
1.0	3.0	0.0	0.04630451922751068	7.258064516129032
1.0	3.0	0.0	0.04700463725184732	7.258064516129032
1.0	2.0	0.0	0.034637066437220504	9.0
1.0	2.0	0.0	0.03487795964859308	9.0
1.0	1.0	0.0	0.018710887156472154	9.96774193548387
1.0	1.0	0.0	0.018819184609044047	9.96774193548387
