Constant_feature	Degree	Clustering_coefficient	Pagerank	Aver_path_len
1.0	2.0	1.0	0.045830011781708674	3.0
1.0	2.0	0.0	0.05199519913991173	3.2777777777777777
1.0	1.0	0.0	0.02741882125360934	3.7222222222222223
1.0	4.0	0.16666666666666666	0.08912451028615175	2.611111111111111
1.0	4.0	0.16666666666666666	0.09117343049167503	2.5
1.0	3.0	0.0	0.07120704479154871	3.2222222222222223
1.0	3.0	0.0	0.07120704479154871	3.2222222222222223
1.0	2.0	0.0	0.048728695034616194	3.9444444444444446
1.0	2.0	0.0	0.048728695034616194	3.9444444444444446
1.0	2.0	0.0	0.051283528122825175	3.3333333333333335
1.0	2.0	0.0	0.04911919360500835	4.555555555555555
1.0	3.0	0.0	0.07385020572992014	2.7777777777777777
1.0	1.0	0.0	0.026625165363445735	4.166666666666667
1.0	1.0	0.0	0.026625165363445735	4.166666666666667
1.0	1.0	0.0	0.02834105269197632	4.277777777777778
1.0	4.0	0.0	0.10922362917487441	3.888888888888889
1.0	1.0	0.0	0.029839535781039223	4.833333333333333
1.0	1.0	0.0	0.029839535781039223	4.833333333333333
1.0	1.0	0.0	0.029839535781039223	4.833333333333333
