Constant_feature	Degree	Clustering_coefficient	Pagerank	Aver_path_len
1.0	0.0	0.0	0.0	0.0
1.0	2.0	0.0	0.02589644037418639	4.705882352941177
1.0	2.0	0.0	0.02589644037418639	4.705882352941177
1.0	1.0	0.0	0.014397403481176472	4.411764705882353
1.0	1.0	0.0	0.014397403481176472	4.411764705882353
1.0	1.0	0.0	0.015360129008494343	5.117647058823529
1.0	1.0	0.0	0.015360129008494343	5.117647058823529
1.0	1.0	0.0	0.015360129008494343	5.117647058823529
1.0	1.0	0.0	0.015360129008494343	5.117647058823529
1.0	2.0	0.0	0.02571322302600965	3.1176470588235294
1.0	2.0	0.0	0.02571322302600965	3.1176470588235294
1.0	2.0	0.0	0.025967866762208237	3.235294117647059
1.0	2.0	0.0	0.025967866762208237	3.235294117647059
1.0	3.0	0.0	0.03749646147035368	3.1176470588235294
1.0	3.0	0.0	0.03749646147035368	3.1176470588235294
1.0	3.0	0.0	0.03873299607267934	3.4705882352941178
1.0	3.0	0.0	0.03873299607267934	3.4705882352941178
1.0	3.0	0.0	0.04193896100741391	4.176470588235294
1.0	3.0	0.0	0.04193896100741391	4.176470588235294
1.0	3.0	0.0	0.03838307207314095	3.4705882352941178
1.0	3.0	0.0	0.03838307207314095	3.4705882352941178
1.0	2.0	0.0	0.02585455158969756	3.823529411764706
1.0	2.0	0.0	0.02585455158969756	3.823529411764706
1.0	3.0	0.0	0.037704011683742863	3.9411764705882355
1.0	3.0	0.0	0.037704011683742863	3.9411764705882355
1.0	2.0	0.0	0.026161721149004995	4.176470588235294
1.0	2.0	0.0	0.026161721149004995	4.176470588235294
1.0	2.0	0.0	0.026281369270441765	4.529411764705882
1.0	2.0	0.0	0.026281369270441765	4.529411764705882
1.0	2.0	0.0	0.026378449942134657	4.882352941176471
1.0	2.0	0.0	0.026378449942134657	4.882352941176471
1.0	2.0	0.0	0.02589644037418639	4.705882352941177
1.0	2.0	0.0	0.02589644037418639	4.705882352941177
1.0	2.0	0.0	0.026238386853317208	5.470588235294118
1.0	2.0	0.0	0.026238386853317208	5.470588235294118
1.0	2.0	0.0	0.026238386853317204	5.470588235294118
1.0	2.0	0.0	0.026238386853317204	5.470588235294118
