Constant_feature	Degree	Clustering_coefficient	Pagerank	Aver_path_len
1.0	2.0	0.0	0.025392791162380163	7.17948717948718
1.0	2.0	0.0	0.024750161046739844	6.410256410256411
1.0	2.0	0.0	0.025116260210697287	7.076923076923077
1.0	2.0	0.0	0.02513009641303677	7.333333333333333
1.0	1.0	0.0	0.012654723162775949	5.948717948717949
1.0	1.0	0.0	0.012825746486697886	6.794871794871795
1.0	2.0	0.0	0.025488452114928714	7.538461538461538
1.0	2.0	0.0	0.025488452114928714	7.538461538461538
1.0	2.0	0.0	0.025543647451999593	8.205128205128204
1.0	2.0	0.0	0.02218153305652853	4.666666666666667
1.0	3.0	0.0	0.03175567118261227	4.410256410256411
1.0	2.0	0.0	0.021869203204575763	4.897435897435898
1.0	2.0	0.0	0.021872086681905545	5.17948717948718
1.0	3.0	0.0	0.03144395289840825	4.435897435897436
1.0	3.0	0.0	0.03176956335298452	5.17948717948718
1.0	3.0	0.0	0.03140814582316578	4.923076923076923
1.0	3.0	0.0	0.03133559819364733	4.589743589743589
1.0	3.0	0.0	0.03325388472933707	5.487179487179487
1.0	2.0	0.0	0.022233370821599426	5.846153846153846
1.0	2.0	0.0	0.022258908633262905	5.128205128205129
1.0	2.0	0.0	0.022178780446403864	5.3076923076923075
1.0	3.0	0.0	0.03398120804152188	6.153846153846154
1.0	3.0	0.0	0.03400745547707533	6.410256410256411
1.0	3.0	0.0	0.03384752496376468	4.9743589743589745
1.0	3.0	0.0	0.034417870502685126	5.82051282051282
1.0	2.0	0.0	0.022838956779270215	6.0
1.0	3.0	0.0	0.03453102538621237	6.256410256410256
1.0	3.0	0.0	0.033259878445684204	5.384615384615385
1.0	1.0	0.0	0.013637398192458298	7.384615384615385
1.0	2.0	0.0	0.02289304050010543	6.051282051282051
1.0	2.0	0.0	0.02289304050010543	6.051282051282051
1.0	1.0	0.0	0.013802487344346411	8.051282051282051
1.0	1.0	0.0	0.013808381891226428	8.307692307692308
1.0	3.0	0.0	0.034721544396623304	6.615384615384615
1.0	3.0	0.0	0.034721544396623304	6.615384615384615
1.0	3.0	0.0	0.034825242671829904	7.282051282051282
1.0	1.0	0.0	0.013927336035093763	8.153846153846153
1.0	1.0	0.0	0.01397059860391078	8.512820512820513
1.0	1.0	0.0	0.01397059860391078	8.512820512820513
1.0	1.0	0.0	0.013993838078935884	9.179487179487179
