Constant_feature	Degree	Clustering_coefficient	Pagerank	Aver_path_len
1.0	3.0	0.0	0.05858345657055441	3.7
1.0	3.0	0.0	0.05858345657055441	3.7
1.0	2.0	0.0	0.041142348903142084	4.5
1.0	2.0	0.0	0.03940708340007753	3.25
1.0	2.0	0.0	0.041142348903142084	4.5
1.0	2.0	0.0	0.041788951563396605	4.9
1.0	2.0	0.0	0.03940708340007753	3.25
1.0	3.0	0.0	0.05689995747315721	2.8
1.0	3.0	0.0	0.05689995747315721	2.8
1.0	3.0	0.0	0.057784187658293684	2.95
1.0	3.0	0.0	0.057784187658293684	2.95
1.0	3.0	0.0	0.058098030806652906	3.1
1.0	3.0	0.0	0.0580980308066529	3.1
1.0	2.0	0.0	0.041160005708070276	3.7
1.0	2.0	0.0	0.04116000570807027	3.7
1.0	2.0	0.0	0.04127056867015499	3.85
1.0	2.0	0.0	0.04127056867015499	3.85
1.0	2.0	0.0	0.04236343658771878	4.45
1.0	2.0	0.0	0.04236343658771878	4.45
1.0	2.0	0.0	0.04239644844047957	4.6
1.0	2.0	0.0	0.04239644844047957	4.6
