Constant_feature	Degree	Clustering_coefficient	Pagerank	Aver_path_len
1.0	2.0	0.0	0.01079586624868509	10.166666666666666
1.0	2.0	0.0	0.011365785994469135	12.487179487179487
1.0	2.0	0.0	0.011118669138723069	10.35897435897436
1.0	2.0	0.0	0.011303290690479266	10.525641025641026
1.0	2.0	0.0	0.010792520974312821	9.41025641025641
1.0	2.0	0.0	0.010928430794722974	9.051282051282051
1.0	1.0	0.0	0.0062978716864744155	14.294871794871796
1.0	2.0	0.0	0.010969095863758726	11.987179487179487
1.0	1.0	0.0	0.006944063817226318	16.91025641025641
1.0	1.0	0.0	0.006437469035092359	11.794871794871796
1.0	1.0	0.0	0.006662446141343667	11.807692307692308
1.0	1.0	0.0	0.006522830528593434	12.487179487179487
1.0	1.0	0.0	0.00635123912308035	10.08974358974359
1.0	1.0	0.0	0.007011341286251674	12.35897435897436
1.0	3.0	0.0	0.01665108408074486	14.115384615384615
1.0	2.0	0.0	0.010842797343023142	11.85897435897436
1.0	1.0	0.0	0.006944063817226318	16.91025641025641
1.0	2.0	0.0	0.01062167580637802	9.974358974358974
1.0	2.0	0.0	0.01156751743450265	11.14102564102564
1.0	2.0	0.0	0.011803431866865883	10.58974358974359
1.0	2.0	0.0	0.01125211571874395	11.923076923076923
1.0	2.0	0.0	0.01090789415602399	9.743589743589743
1.0	2.0	0.0	0.010462460730895285	8.487179487179487
1.0	2.0	0.0	0.011154665730509015	10.23076923076923
1.0	2.0	0.0	0.011939129367459729	11.294871794871796
1.0	2.0	0.0	0.011362740720265866	9.346153846153847
1.0	2.0	0.0	0.010582641803438226	8.782051282051283
1.0	2.0	0.0	0.010816183447009839	8.679487179487179
1.0	2.0	0.0	0.013698963558861302	12.333333333333334
1.0	3.0	0.0	0.017206352279474625	14.987179487179487
1.0	2.0	0.0	0.011703163169713158	15.935897435897436
1.0	2.0	0.0	0.011724208052546418	15.974358974358974
1.0	2.0	0.0	0.011537220340007022	15.064102564102564
1.0	3.0	0.0	0.01677423729448678	13.307692307692308
1.0	3.0	0.0	0.01892544340174649	15.923076923076923
1.0	3.0	0.0	0.016147827010492933	12.551282051282051
1.0	2.0	0.0	0.011046446028569626	12.679487179487179
1.0	3.0	0.0	0.015774885041198623	11.166666666666666
1.0	3.0	0.0	0.015646011724567404	10.538461538461538
1.0	2.0	0.0	0.010817714055765367	10.73076923076923
1.0	3.0	0.0	0.018856887825770368	12.384615384615385
1.0	3.0	0.0	0.01710164157792865	11.448717948717949
1.0	3.0	0.0	0.018880513484810717	11.23076923076923
1.0	3.0	0.0	0.017139515527256156	10.294871794871796
1.0	3.0	0.0	0.015540333948792456	9.41025641025641
1.0	3.0	0.0	0.016573642239147004	11.807692307692308
1.0	1.0	0.0	0.00692350787846752	13.371794871794872
1.0	1.0	0.0	0.00692350787846752	13.371794871794872
1.0	3.0	0.0	0.016318093793113567	10.012820512820513
1.0	1.0	0.0	0.0069310694040130485	12.217948717948717
1.0	1.0	0.0	0.0069310694040130485	12.217948717948717
1.0	3.0	0.0	0.015455566555156931	8.91025641025641
1.0	3.0	0.0	0.017239795639415287	10.807692307692308
1.0	3.0	0.0	0.017991757404337432	10.820512820512821
1.0	3.0	0.0	0.016701840501928175	9.576923076923077
1.0	3.0	0.0	0.016580067798384612	10.5
1.0	3.0	0.0	0.01671387060497128	11.705128205128204
1.0	2.0	0.0	0.012034425082004769	11.064102564102564
1.0	3.0	0.0	0.016384060892472546	9.897435897435898
1.0	2.0	0.0	0.010710188815382743	9.08974358974359
1.0	3.0	0.0	0.015820114885395177	9.397435897435898
1.0	3.0	0.0	0.017076986087799076	10.820512820512821
1.0	2.0	0.0	0.011394094347683788	12.307692307692308
1.0	3.0	0.0	0.015200056919105196	8.064102564102564
1.0	2.0	0.0	0.01202284288343719	10.461538461538462
1.0	3.0	0.0	0.015328316870619996	8.243589743589743
1.0	2.0	0.0	0.011014979334516267	10.051282051282051
1.0	3.0	0.0	0.017521833550938948	11.5
1.0	2.0	0.0	0.010683894884525716	8.666666666666666
1.0	3.0	0.0	0.01563078060981947	9.076923076923077
1.0	3.0	0.0	0.015425534417047651	8.423076923076923
1.0	1.0	0.0	0.006388610993906463	11.807692307692308
1.0	3.0	0.0	0.015649486611386557	8.448717948717949
1.0	3.0	0.0	0.016949279697941598	9.102564102564102
1.0	3.0	0.0	0.019145820805768838	11.371794871794872
1.0	2.0	0.0	0.01075011775191949	9.102564102564102
1.0	3.0	0.0	0.016186552681470158	8.871794871794872
1.0	2.0	0.0	0.011039072126128813	9.256410256410257
1.0	1.0	0.0	0.007428472981025734	13.320512820512821
