Constant_feature	Degree	Clustering_coefficient	Pagerank	Aver_path_len
1.0	2.0	0.0	0.04345181041597358	4.157894736842105
1.0	2.0	0.0	0.04345181041597358	4.157894736842105
1.0	2.0	0.0	0.04503480619865674	3.5789473684210527
1.0	2.0	0.0	0.04605246551560813	3.5789473684210527
1.0	2.0	0.0	0.04674539777804812	4.7368421052631575
1.0	2.0	0.0	0.04777114225249815	6.0
1.0	3.0	0.0	0.0638005956851313	4.526315789473684
1.0	3.0	0.0	0.0638005956851313	4.526315789473684
1.0	3.0	0.0	0.06437283965907507	3.6842105263157894
1.0	3.0	0.0	0.0678552832702422	4.0
1.0	3.0	0.0	0.06928624065100009	3.6842105263157894
1.0	2.0	0.0	0.0446822430718185	5.2631578947368425
1.0	2.0	0.0	0.0446822430718185	5.2631578947368425
1.0	2.0	0.0	0.04673750292192521	4.631578947368421
1.0	2.0	0.0	0.04564912614341285	6.0
1.0	2.0	0.0	0.045649126143412856	6.0
1.0	3.0	0.0	0.07127469175874082	5.2631578947368425
1.0	1.0	0.0	0.0257864726897766	4.631578947368421
1.0	1.0	0.0	0.02638162369818762	6.2105263157894735
1.0	2.0	0.0	0.04753398297356849	5.368421052631579
