Constant_feature	Degree	Clustering_coefficient	Pagerank	Aver_path_len
1.0	2.0	0.0	0.04108649051517517	4.476190476190476
1.0	2.0	0.0	0.04504574047044424	3.9523809523809526
1.0	1.0	0.0	0.023324461616221173	5.9523809523809526
1.0	1.0	0.0	0.02606600164139763	5.666666666666667
1.0	1.0	0.0	0.02606600164139762	5.666666666666667
1.0	3.0	0.0	0.059240708152883986	3.8095238095238093
1.0	3.0	0.0	0.0592065133006571	3.8095238095238093
1.0	3.0	0.0	0.06190090780884927	4.428571428571429
1.0	2.0	0.0	0.04088922186257743	3.5714285714285716
1.0	3.0	0.0	0.06193797262359256	3.3333333333333335
1.0	2.0	0.0	0.04080720373347772	3.619047619047619
1.0	3.0	0.0	0.06059639697980046	3.0952380952380953
1.0	2.0	0.0	0.041086949406364995	3.380952380952381
1.0	3.0	0.0	0.0625964167336639	5.0
1.0	1.0	0.0	0.02311564630127837	5.380952380952381
1.0	3.0	0.0	0.06326357698322231	3.2857142857142856
1.0	1.0	0.0	0.023127192963623432	4.285714285714286
1.0	2.0	0.0	0.045045740470444254	3.9523809523809526
1.0	3.0	0.0	0.0717324267560664	4.714285714285714
1.0	3.0	0.0	0.0717324267560664	4.714285714285714
1.0	1.0	0.0	0.02606600164139763	5.666666666666667
1.0	1.0	0.0	0.02606600164139762	5.666666666666667
