Constant_feature	Degree	Clustering_coefficient	Pagerank	Aver_path_len
1.0	2.0	0.0	0.0408799331333827	4.260869565217392
1.0	1.0	0.0	0.02070904849883307	4.521739130434782
1.0	1.0	0.0	0.020750114630098196	4.3478260869565215
1.0	2.0	0.0	0.04185009014728	4.695652173913044
1.0	1.0	0.0	0.023773317620499612	6.0
1.0	3.0	0.3333333333333333	0.05152892688292062	4.608695652173913
1.0	3.0	0.0	0.04952026313577225	3.3043478260869565
1.0	1.0	0.0	0.023773317620499612	6.0
1.0	3.0	0.3333333333333333	0.04968681496356735	4.3478260869565215
1.0	3.0	0.3333333333333333	0.04931186806675967	3.8260869565217392
1.0	2.0	0.0	0.0339286181043413	3.9565217391304346
1.0	3.0	0.0	0.04926732107121218	3.1739130434782608
1.0	3.0	0.0	0.051505811910818156	2.9565217391304346
1.0	1.0	0.0	0.01962540413397772	5.565217391304348
1.0	3.0	0.0	0.051017065734994156	3.130434782608696
1.0	3.0	0.0	0.05150658089664516	2.9565217391304346
1.0	2.0	0.0	0.03801244975555731	3.5652173913043477
1.0	3.0	0.0	0.05514185200647519	3.5652173913043477
1.0	3.0	0.0	0.05527797050422337	3.391304347826087
1.0	3.0	0.0	0.05677149272975653	4.0
1.0	3.0	0.0	0.05661456292629851	3.8260869565217392
1.0	1.0	0.0	0.021198328038166195	4.956521739130435
1.0	3.0	0.0	0.06534939389655334	5.043478260869565
1.0	1.0	0.0	0.02299945359136745	5.6521739130434785
