Constant_feature	Degree	Clustering_coefficient	Pagerank	Aver_path_len
1.0	2.0	0.0	0.040934442884454206	4.260869565217392
1.0	1.0	0.0	0.020959371734987006	4.869565217391305
1.0	2.0	0.0	0.041817467354271	5.130434782608695
1.0	1.0	0.0	0.02117913102721049	5.043478260869565
1.0	3.0	0.0	0.055067284667246676	4.0
1.0	3.0	0.0	0.051865436543194116	3.3043478260869565
1.0	3.0	0.0	0.0508656893526621	3.130434782608696
1.0	2.0	0.0	0.035374349681812814	3.4782608695652173
1.0	3.0	0.0	0.052409717905600214	3.652173913043478
1.0	2.0	0.0	0.037162964513373364	4.521739130434782
1.0	3.0	0.0	0.0513903344100392	2.869565217391304
1.0	2.0	0.0	0.03661225583620352	4.3478260869565215
1.0	3.0	0.0	0.05215985505856484	3.217391304347826
1.0	3.0	0.0	0.05174886308344479	3.0434782608695654
1.0	3.0	0.0	0.05479642569385616	3.391304347826087
1.0	2.0	0.0	0.03668194682391087	4.173913043478261
1.0	1.0	0.0	0.02068710738199954	4.956521739130435
1.0	3.0	0.0	0.05597707357567716	3.9130434782608696
1.0	2.0	0.0	0.036779467562747886	3.739130434782609
1.0	2.0	0.0	0.03670361156673412	3.5652173913043477
1.0	3.0	0.0	0.05654654550526651	4.260869565217392
1.0	3.0	0.0	0.056710124338555615	4.086956521739131
1.0	1.0	0.0	0.02258675387030142	5.217391304347826
1.0	1.0	0.0	0.022983779627886045	6.086956521739131
