Constant_feature	Degree	Clustering_coefficient	Pagerank	Aver_path_len
1.0	2.0	0.0	0.0369860005730497	2.5
1.0	1.0	0.0	0.01855235867102076	3.2222222222222223
1.0	1.0	0.0	0.01855235867102076	3.2222222222222223
1.0	1.0	0.0	0.019434913362855393	3.2222222222222223
1.0	1.0	0.0	0.019434913362855393	3.2222222222222223
1.0	1.0	0.0	0.019434913362855393	3.2222222222222223
1.0	1.0	0.0	0.019434913362855393	3.2222222222222223
1.0	2.0	0.0	0.03726059461675034	2.625
1.0	2.0	0.0	0.03726059461675034	2.625
1.0	2.0	0.0	0.038159573450476575	3.0
1.0	2.0	0.0	0.038159573450476575	3.0
1.0	2.0	0.0	0.03986853434436552	3.625
1.0	2.0	0.0	0.03986853434436552	3.625
1.0	3.0	0.0	0.053288791458024315	2.3333333333333335
1.0	3.0	0.0	0.053288791458024315	2.3333333333333335
1.0	1.0	0.0	0.021390711094986206	4.5
1.0	1.0	0.0	0.021390711094986206	4.5
1.0	3.0	0.0	0.04952557233325949	1.8888888888888888
1.0	3.0	0.0	0.04952557233325949	1.8888888888888888
1.0	2.0	0.0	0.03341003035712061	2.111111111111111
1.0	2.0	0.0	0.03341003035712061	2.111111111111111
1.0	2.0	0.0	0.03345810074721531	2.3333333333333335
1.0	2.0	0.0	0.03345810074721531	2.3333333333333335
1.0	3.0	0.0	0.05034694255772597	2.3333333333333335
1.0	3.0	0.0	0.05034694255772597	2.3333333333333335
1.0	2.0	0.0	0.033671451486752005	2.5555555555555554
1.0	2.0	0.0	0.033671451486752005	2.5555555555555554
1.0	2.0	0.0	0.03370451187006726	2.7777777777777777
1.0	2.0	0.0	0.03370451187006726	2.7777777777777777
