Constant_feature	Degree	Clustering_coefficient	Pagerank	Aver_path_len
1.0	1.0	0.0	0.018250833579588135	6.148148148148148
1.0	2.0	0.0	0.030227661400666524	4.0
1.0	1.0	0.0	0.017905172415139017	4.962962962962963
1.0	2.0	0.0	0.036881229151508425	4.888888888888889
1.0	1.0	0.0	0.01919708946070685	5.037037037037037
1.0	2.0	0.0	0.03171329117934768	4.518518518518518
1.0	2.0	0.0	0.03258457742329859	4.7407407407407405
1.0	1.0	0.0	0.019775845528415357	5.2592592592592595
1.0	3.0	0.0	0.04340188556584201	3.185185185185185
1.0	3.0	0.0	0.04466072414813283	2.962962962962963
1.0	3.0	0.0	0.04412564296069752	3.7037037037037037
1.0	3.0	0.0	0.04397797066042259	3.6296296296296298
1.0	3.0	0.0	0.044766239700932256	3.3333333333333335
1.0	3.0	0.0	0.04486767591554653	4.37037037037037
1.0	3.0	0.0	0.04487356028423044	3.7777777777777777
1.0	2.0	0.0	0.03063262706137113	4.296296296296297
1.0	2.0	0.0	0.030815654562303008	4.814814814814815
1.0	2.0	0.0	0.03127663492223122	4.518518518518518
1.0	3.0	0.0	0.04880011610372733	3.4074074074074074
1.0	3.0	0.0	0.0477778404081024	4.0
1.0	2.0	0.0	0.03153417041478097	5.185185185185185
1.0	2.0	0.0	0.03214835403997547	5.333333333333333
1.0	3.0	0.0	0.04893004566827106	5.185185185185185
1.0	2.0	0.0	0.03222931484808234	6.0
1.0	3.0	0.0	0.052084180811985306	4.074074074074074
1.0	2.0	0.0	0.036008922238974644	4.296296296296297
1.0	2.0	0.0	0.03929717128348986	5.777777777777778
1.0	1.0	0.0	0.021255568262230143	6.7407407407407405
