Constant_feature	Degree	Clustering_coefficient	Pagerank	Aver_path_len
1.0	1.0	0.0	0.023744023665408565	4.3
1.0	2.0	0.0	0.050005998385276626	4.75
1.0	1.0	0.0	0.025467801597658546	4.85
1.0	2.0	0.0	0.042469433444861565	3.5
1.0	2.0	0.0	0.042786883362189734	3.85
1.0	2.0	0.0	0.041892881295874485	3.4
1.0	3.0	0.0	0.06010698127470869	2.95
1.0	3.0	0.0	0.05975267679156125	2.9
1.0	3.0	0.0	0.06035325982311365	2.95
1.0	3.0	0.0	0.06103122516498957	3.3
1.0	3.0	0.0	0.06277959323266924	3.25
1.0	3.0	0.0	0.0655813507557848	4.05
1.0	3.0	0.0	0.06572235650989303	4.4
1.0	2.0	0.0	0.04185033525385311	3.3
1.0	3.0	0.0	0.0632721333232375	3.35
1.0	3.0	0.0	0.06401800559485686	3.55
1.0	1.0	0.0	0.024436885484831916	5.0
1.0	1.0	0.0	0.02447802271238024	5.35
1.0	1.0	0.0	0.02396738480847091	4.5
1.0	3.0	0.0	0.0690185334627306	3.9
1.0	1.0	0.0	0.027264234055648554	5.7
