Constant_feature	Degree	Clustering_coefficient	Pagerank	Aver_path_len
1.0	2.0	0.0	0.040693320335548344	7.181818181818182
1.0	2.0	0.0	0.04017598039443629	4.818181818181818
1.0	2.0	0.0	0.0394720398925385	7.2272727272727275
1.0	2.0	0.0	0.0394720398925385	7.2272727272727275
1.0	2.0	0.0	0.0418046300321082	5.2272727272727275
1.0	2.0	0.0	0.04154078482140233	5.545454545454546
1.0	2.0	0.0	0.04169483616673436	5.0
1.0	2.0	0.0	0.04084747436822832	5.954545454545454
1.0	2.0	0.0	0.04119096088103054	4.863636363636363
1.0	3.0	0.0	0.0593532093919705	6.454545454545454
1.0	2.0	0.0	0.0406936678645142	7.2272727272727275
1.0	3.0	0.0	0.05764570811691322	4.863636363636363
1.0	3.0	0.0	0.061798295641692626	7.909090909090909
1.0	2.0	0.0	0.041199406735649424	7.954545454545454
1.0	3.0	0.0	0.05635882501916635	5.818181818181818
1.0	3.0	0.0	0.05678149984852368	6.409090909090909
1.0	2.0	0.0	0.03912918592491439	5.181818181818182
1.0	2.0	0.0	0.03912918592491439	5.181818181818182
1.0	2.0	0.0	0.03886512669107864	5.5
1.0	2.0	0.0	0.03886512669107864	5.5
1.0	2.0	0.0	0.040200704612126444	8.045454545454545
1.0	2.0	0.0	0.04020070461212644	8.045454545454545
1.0	1.0	0.0	0.02288728614076572	8.863636363636363
