Constant_feature	Degree	Clustering_coefficient	Pagerank	Aver_path_len
1.0	2.0	0.0	0.019205875067148256	6.673469387755102
1.0	1.0	0.0	0.009532856507117854	6.3061224489795915
1.0	1.0	0.0	0.009951588922511594	7.448979591836735
1.0	1.0	0.0	0.009774319532931713	6.591836734693878
1.0	1.0	0.0	0.009718539092803848	6.183673469387755
1.0	2.0	0.0	0.01832916424476669	7.73469387755102
1.0	1.0	0.0	0.009992933493423358	7.448979591836735
1.0	1.0	0.0	0.009740871613119114	6.551020408163265
1.0	2.0	0.0	0.0202074951119375	8.591836734693878
1.0	2.0	0.0	0.020526249014020337	10.10204081632653
1.0	1.0	0.0	0.010399005437863453	9.36734693877551
1.0	2.0	0.0	0.02118931890124707	8.959183673469388
1.0	1.0	0.0	0.00980430832787456	6.591836734693878
1.0	1.0	0.0	0.009921543963035384	7.0
1.0	1.0	0.0	0.010807606747234315	9.0
1.0	2.0	0.0	0.017618936058777547	6.428571428571429
1.0	4.0	0.0	0.033901775070135316	5.73469387755102
1.0	4.0	0.0	0.033477729451159	5.326530612244898
1.0	3.0	0.0	0.02650407167955269	6.469387755102041
1.0	3.0	0.0	0.02517607939204923	5.816326530612245
1.0	2.0	0.0	0.01760187831401961	6.959183673469388
1.0	3.0	0.0	0.02549973312828129	6.551020408163265
1.0	3.0	0.0	0.02591317809051664	5.612244897959184
1.0	3.0	0.0	0.025729686825611716	5.204081632653061
1.0	3.0	0.0	0.024964969780916557	5.489795918367347
1.0	3.0	0.0	0.02483137345650927	5.081632653061225
1.0	3.0	0.0	0.026641875369559816	6.469387755102041
1.0	2.0	0.0	0.01783816088289636	7.244897959183674
1.0	3.0	0.0	0.025801683024837162	5.571428571428571
1.0	2.0	0.0	0.01694239541648148	5.204081632653061
1.0	3.0	0.0	0.02698841173204601	7.163265306122449
1.0	3.0	0.0	0.02729166614816119	7.8979591836734695
1.0	3.0	0.0	0.024974159473215473	5.285714285714286
1.0	3.0	0.0	0.025155032357770245	5.6938775510204085
1.0	3.0	0.0	0.027412973201717997	7.653061224489796
1.0	3.0	0.0	0.027995365988047926	8.387755102040817
1.0	3.0	0.0	0.02639936896205592	6.959183673469388
1.0	3.0	0.0	0.028045178733160314	9.16326530612245
1.0	1.0	0.0	0.010643010107574158	7.653061224489796
1.0	3.0	0.0	0.028028561508457183	8.46938775510204
1.0	3.0	0.0	0.026015601364237858	5.612244897959184
1.0	3.0	0.0	0.025661199947358833	5.938775510204081
1.0	1.0	0.0	0.010187871491388339	8.877551020408163
1.0	3.0	0.0	0.026403913768572217	6.020408163265306
1.0	3.0	0.0	0.029357443728037697	8.020408163265307
1.0	2.0	0.0	0.017620279467222118	6.346938775510204
1.0	1.0	0.0	0.01040896369017588	9.448979591836734
1.0	1.0	0.0	0.011093767209263734	9.571428571428571
1.0	1.0	0.0	0.01123720960512098	11.081632653061224
1.0	1.0	0.0	0.011534819598076895	9.938775510204081
