Constant_feature	Degree	Clustering_coefficient	Pagerank	Aver_path_len
1.0	2.0	0.0	0.030750703378045977	6.066666666666666
1.0	2.0	0.0	0.030660627431458753	4.866666666666666
1.0	2.0	0.0	0.031124483141983073	5.733333333333333
1.0	1.0	0.0	0.018141108467716195	7.866666666666666
1.0	1.0	0.0	0.01811478240863903	6.666666666666667
1.0	1.0	0.0	0.018250923625013647	7.533333333333333
1.0	4.0	0.0	0.05414820560212733	4.7
1.0	3.0	0.0	0.03978376887051992	4.3
1.0	3.0	0.0	0.03933172410115224	4.0
1.0	3.0	0.0	0.03931899690563137	3.8333333333333335
1.0	3.0	0.0	0.04203159381364131	5.3
1.0	2.0	0.0	0.027797600975967625	4.533333333333333
1.0	2.0	0.0	0.02794612409092855	5.033333333333333
1.0	2.0	0.0	0.02753109102497684	4.233333333333333
1.0	2.0	0.0	0.028411048536368257	5.533333333333333
1.0	2.0	0.0	0.02749794062748526	4.366666666666666
1.0	1.0	0.0	0.015408945569645505	5.666666666666667
1.0	3.0	0.0	0.03968616268624311	3.8
1.0	2.0	0.0	0.02771870269460435	4.333333333333333
1.0	3.0	0.0	0.04039304548161457	4.166666666666667
1.0	3.0	0.0	0.041817616496025514	4.1
1.0	3.0	0.0	0.04263160662468242	4.666666666666667
1.0	3.0	0.0	0.04971718119845772	6.9
1.0	2.0	0.0	0.02864521099140205	4.6
1.0	3.0	0.0	0.04290987673936513	4.966666666666667
1.0	1.0	0.0	0.01601472851094354	5.633333333333334
1.0	1.0	0.0	0.018141108467716195	7.866666666666666
1.0	3.0	0.0	0.04962785652183255	5.7
1.0	3.0	0.0	0.050081528982158965	6.566666666666666
1.0	1.0	0.0	0.01811478240863903	6.666666666666667
1.0	1.0	0.0	0.018250923625013647	7.533333333333333
