Constant_feature	Degree	Clustering_coefficient	Pagerank	Aver_path_len
1.0	1.0	0.0	0.010417686106950003	6.958333333333333
1.0	1.0	0.0	0.010417686106950003	6.958333333333333
1.0	1.0	0.0	0.010149358168211484	6.166666666666667
1.0	1.0	0.0	0.010149358168211484	6.166666666666667
1.0	1.0	0.0	0.010111049153696348	5.958333333333333
1.0	1.0	0.0	0.010111049153696348	5.958333333333333
1.0	2.0	0.0	0.02075778833878285	7.083333333333333
1.0	2.0	0.0	0.02075778833878285	7.083333333333333
1.0	1.0	0.0	0.010760629345029908	7.166666666666667
1.0	1.0	0.0	0.010760629345029908	7.166666666666667
1.0	3.0	0.0	0.02661179280448778	6.666666666666667
1.0	3.0	0.0	0.02661179280448778	6.666666666666667
1.0	3.0	0.0	0.028795436152033473	9.229166666666666
1.0	3.0	0.0	0.028795436152033473	9.229166666666666
1.0	2.0	0.0	0.017984464249822397	5.583333333333333
1.0	2.0	0.0	0.017984464249822397	5.583333333333333
1.0	2.0	0.0	0.0185962902713062	7.520833333333333
1.0	2.0	0.0	0.0185962902713062	7.520833333333333
1.0	2.0	0.0	0.0185962902713062	7.520833333333333
1.0	2.0	0.0	0.0185962902713062	7.520833333333333
1.0	2.0	0.0	0.019046988590905096	8.375
1.0	2.0	0.0	0.019046988590905096	8.375
1.0	2.0	0.0	0.019046988590905096	8.375
1.0	2.0	0.0	0.019046988590905096	8.375
1.0	3.0	0.0	0.02549560345969614	4.4375
1.0	3.0	0.0	0.026118355283020825	5.9375
1.0	3.0	0.0	0.026118355283020825	5.9375
1.0	3.0	0.0	0.0258678657054426	4.625
1.0	3.0	0.0	0.0258678657054426	4.625
1.0	3.0	0.0	0.02666596825380656	5.375
1.0	3.0	0.0	0.02666596825380656	5.375
1.0	3.0	0.0	0.026902122070434367	4.979166666666667
1.0	3.0	0.0	0.026902122070434367	4.979166666666667
1.0	3.0	0.0	0.027029817054047132	5.1875
1.0	3.0	0.0	0.027029817054047132	5.1875
1.0	3.0	0.0	0.02644283059743478	5.125
1.0	1.0	0.0	0.01067905339273197	10.208333333333334
1.0	1.0	0.0	0.01067905339273197	10.208333333333334
1.0	3.0	0.0	0.029067390153643458	6.1875
1.0	3.0	0.0	0.029067390153643458	6.1875
1.0	3.0	0.0	0.02792426926908962	5.979166666666667
1.0	3.0	0.0	0.02792426926908962	5.979166666666667
1.0	2.0	0.0	0.019052120843689235	6.875
1.0	2.0	0.0	0.019052120843689235	6.875
1.0	2.0	0.0	0.019188547915162987	7.729166666666667
1.0	2.0	0.0	0.022216809624226813	8.020833333333334
1.0	2.0	0.0	0.022216809624226813	8.020833333333334
1.0	1.0	0.0	0.012037975320283556	9.0
1.0	1.0	0.0	0.012037975320283556	9.0
