Constant_feature	Degree	Clustering_coefficient	Pagerank	Aver_path_len
1.0	2.0	0.0	0.02639662621527057	4.387096774193548
1.0	2.0	0.0	0.027124287015435768	5.935483870967742
1.0	2.0	0.0	0.02713615901246761	6.161290322580645
1.0	2.0	0.0	0.03155683613678832	5.580645161290323
1.0	2.0	0.0	0.03155683613678832	5.580645161290323
1.0	2.0	0.0	0.0316938697517844	6.161290322580645
1.0	3.0	0.0	0.0402488452455302	4.709677419354839
1.0	4.0	0.0	0.052579515248106654	4.0
1.0	3.0	0.0	0.040140093334535484	3.774193548387097
1.0	3.0	0.0	0.03844623525871483	3.3870967741935485
1.0	2.0	0.0	0.028103629099451133	5.580645161290323
1.0	2.0	0.0	0.028103629099451133	5.580645161290323
1.0	2.0	0.0	0.02867571315479419	6.451612903225806
1.0	2.0	0.0	0.02867571315479419	6.451612903225806
1.0	3.0	0.0	0.037837017853319305	3.774193548387097
1.0	1.0	0.0	0.014955521539123611	4.967741935483871
1.0	1.0	0.0	0.01516677744300275	4.741935483870968
1.0	3.0	0.0	0.03813659195244927	4.0
1.0	3.0	0.0	0.039764047522528226	3.6451612903225805
1.0	2.0	0.0	0.026081229761097644	4.419354838709677
1.0	2.0	0.0	0.02618332678974266	4.645161290322581
1.0	2.0	0.0	0.027892445073389522	4.225806451612903
1.0	2.0	0.0	0.027892445073389522	4.225806451612903
1.0	3.0	0.0	0.0386848415470566	5.064516129032258
1.0	3.0	0.0	0.03872394855767731	5.290322580645161
1.0	3.0	0.0	0.04279912613510725	4.67741935483871
1.0	3.0	0.0	0.04279912613510725	4.67741935483871
1.0	3.0	0.0	0.04306402462599365	5.258064516129032
1.0	2.0	0.0	0.02754216353405437	6.483870967741935
1.0	1.0	0.0	0.01732654388573846	6.548387096774194
1.0	1.0	0.0	0.01732654388573846	6.548387096774194
1.0	1.0	0.0	0.017386290821571188	7.129032258064516
