Constant_feature	Degree	Clustering_coefficient	Pagerank	Aver_path_len
1.0	2.0	0.0	0.02234644039887939	3.8333333333333335
1.0	1.0	0.0	0.01263595801785208	4.472222222222222
1.0	1.0	0.0	0.013151716418639426	4.861111111111111
1.0	1.0	0.0	0.014171790271531592	5.638888888888889
1.0	2.0	0.0	0.026586970045931236	5.5
1.0	2.0	0.0	0.027006851436861323	6.5
1.0	2.0	0.0	0.027395022860516892	7.027777777777778
1.0	3.0	0.0	0.04138468752503527	5.527777777777778
1.0	4.0	0.0	0.042762321955895466	3.2777777777777777
1.0	4.0	0.0	0.044148641855493644	3.5
1.0	3.0	0.0	0.03300867706496018	3.5277777777777777
1.0	3.0	0.0	0.03452389421230489	3.9166666666666665
1.0	3.0	0.0	0.03482861767267042	3.888888888888889
1.0	3.0	0.0	0.03334244768671742	3.9444444444444446
1.0	3.0	0.0	0.03389059839554624	3.861111111111111
1.0	3.0	0.0	0.034429037911980126	4.222222222222222
1.0	3.0	0.0	0.03340857477077146	4.194444444444445
1.0	3.0	0.0	0.038227322826815485	4.666666666666667
1.0	3.0	0.0	0.035614760982515786	4.583333333333333
1.0	2.0	0.0	0.023962701135991808	4.611111111111111
1.0	2.0	0.0	0.023962701135991808	4.611111111111111
1.0	2.0	0.0	0.023659022771207426	4.944444444444445
1.0	2.0	0.0	0.02424635590086812	5.083333333333333
1.0	2.0	0.0	0.02424635590086812	5.083333333333333
1.0	2.0	0.0	0.02432083218960765	5.333333333333333
1.0	3.0	0.0	0.03644756994122329	5.583333333333333
1.0	2.0	0.0	0.02465083286413907	5.361111111111111
1.0	2.0	0.0	0.02465083286413907	5.361111111111111
1.0	2.0	0.0	0.024925434027534003	5.944444444444445
1.0	2.0	0.0	0.024925434027534003	5.944444444444445
1.0	1.0	0.0	0.015117066621898594	6.5
1.0	1.0	0.0	0.015117066621898594	6.5
1.0	3.0	0.0	0.0372159447740532	6.111111111111111
1.0	2.0	0.0	0.025133962102496427	6.805555555555555
1.0	1.0	0.0	0.01466712954622087	6.472222222222222
1.0	1.0	0.0	0.014856086143321378	7.472222222222222
1.0	1.0	0.0	0.015030339120088379	8.0
