Constant_feature	Degree	Clustering_coefficient	Pagerank	Aver_path_len
1.0	1.0	0.0	0.008260596453246796	7.983050847457627
1.0	2.0	0.0	0.015343684932010208	7.627118644067797
1.0	1.0	0.0	0.00849677855507203	8.338983050847459
1.0	1.0	0.0	0.008473472782801292	8.338983050847459
1.0	1.0	0.0	0.008814796500502747	9.491525423728813
1.0	1.0	0.0	0.008472214792942606	9.35593220338983
1.0	1.0	0.0	0.009012474945390885	11.423728813559322
1.0	2.0	0.0	0.016657742843416867	11.305084745762711
1.0	1.0	0.0	0.008460732022481977	10.728813559322035
1.0	3.0	0.0	0.021674452416181707	7.1525423728813555
1.0	3.0	0.0	0.021457117999233756	7.033898305084746
1.0	3.0	0.0	0.0236507332449672	8.033898305084746
1.0	2.0	0.0	0.016145619010293606	9.728813559322035
1.0	3.0	0.0	0.021743647500916955	8.88135593220339
1.0	3.0	0.0	0.026320107456458915	12.135593220338983
1.0	3.0	0.0	0.021471486708955056	7.033898305084746
1.0	2.0	0.0	0.014908335485058452	7.966101694915254
1.0	2.0	0.0	0.015111554991242608	8.491525423728813
1.0	2.0	0.0	0.014968965392637748	8.084745762711865
1.0	3.0	0.0	0.021639812815828545	7.1525423728813555
1.0	3.0	0.0	0.021979903690572844	7.0
1.0	2.0	0.0	0.014899011339539907	7.966101694915254
1.0	2.0	0.0	0.014953853836063846	8.084745762711865
1.0	2.0	0.0	0.015100408279324701	8.491525423728813
1.0	3.0	0.0	0.022765876524271717	7.3559322033898304
1.0	3.0	0.0	0.023169407994693903	7.627118644067797
1.0	3.0	0.0	0.025254057743070588	8.542372881355933
1.0	3.0	0.0	0.02268963149080323	7.3559322033898304
1.0	1.0	0.0	0.009243403574743132	9.525423728813559
1.0	1.0	0.0	0.009243403574743132	9.525423728813559
1.0	3.0	0.0	0.023829847129345525	8.508474576271187
1.0	3.0	0.0	0.02377391132767725	9.05084745762712
1.0	3.0	0.0	0.022901177391376162	7.932203389830509
1.0	1.0	0.0	0.008762559198212073	9.016949152542374
1.0	3.0	0.0	0.025652204099626583	9.966101694915254
1.0	3.0	0.0	0.025080074625195937	8.847457627118644
1.0	3.0	0.0	0.022684736685408567	8.372881355932204
1.0	1.0	0.0	0.009361349082041896	10.94915254237288
1.0	1.0	0.0	0.009361349082041896	10.94915254237288
1.0	3.0	0.0	0.02480724573929196	11.220338983050848
1.0	3.0	0.0	0.021590849311921664	9.508474576271187
1.0	3.0	0.0	0.02448196757904933	10.440677966101696
1.0	1.0	0.0	0.009190856037524052	9.830508474576272
1.0	1.0	0.0	0.009190856037524052	9.830508474576272
1.0	3.0	0.0	0.026320107456458915	12.135593220338983
1.0	2.0	0.0	0.014792574967942214	10.288135593220339
1.0	3.0	0.0	0.022482534411427838	10.35593220338983
1.0	3.0	0.0	0.022646720560547732	9.745762711864407
1.0	2.0	0.0	0.015205429766144703	10.491525423728813
1.0	1.0	0.0	0.009564052063617205	13.11864406779661
1.0	1.0	0.0	0.009564052063617205	13.11864406779661
1.0	3.0	0.0	0.02216106909033117	11.101694915254237
1.0	1.0	0.0	0.009564052063617205	13.11864406779661
1.0	1.0	0.0	0.009564052063617205	13.11864406779661
1.0	2.0	0.0	0.01537599301266216	12.016949152542374
1.0	2.0	0.0	0.01537599301266216	12.016949152542374
1.0	1.0	0.0	0.009162716995899607	12.288135593220339
1.0	2.0	0.0	0.015690073393663077	12.932203389830509
1.0	2.0	0.0	0.015690073393663077	12.932203389830509
1.0	2.0	0.0	0.015788237460424633	13.847457627118644
