Constant_feature	Degree	Clustering_coefficient	Pagerank	Aver_path_len
1.0	2.0	0.0	0.013479120590993137	8.688524590163935
1.0	2.0	0.0	0.013364979596979375	8.01639344262295
1.0	2.0	0.0	0.01391972838491265	7.868852459016393
1.0	2.0	0.0	0.013881353368166299	7.950819672131147
1.0	2.0	0.0	0.013729143898799149	7.639344262295082
1.0	1.0	0.0	0.00851009553421048	10.672131147540984
1.0	2.0	0.0	0.013860240855028572	7.590163934426229
1.0	1.0	0.0	0.00794456181413307	8.704918032786885
1.0	1.0	0.0	0.007985876393595825	9.426229508196721
1.0	2.0	0.0	0.013949179520283597	7.950819672131147
1.0	2.0	0.0	0.014382286162437145	7.475409836065574
1.0	2.0	0.0	0.014777810378659606	9.836065573770492
1.0	1.0	0.0	0.00797393849590328	9.901639344262295
1.0	1.0	0.0	0.008290374651558411	10.754098360655737
1.0	1.0	0.0	0.008222531101155226	8.508196721311476
1.0	4.0	0.0	0.025827071978347375	7.852459016393443
1.0	4.0	0.0	0.02691159383691632	8.737704918032787
1.0	3.0	0.0	0.019994247602049438	7.852459016393443
1.0	2.0	0.0	0.013635888785668246	8.737704918032787
1.0	2.0	0.0	0.013804136159046302	9.180327868852459
1.0	3.0	0.0	0.019803196239947748	8.065573770491802
1.0	2.0	0.0	0.013608968841579017	8.868852459016393
1.0	2.0	0.0	0.014013832879094384	8.327868852459016
1.0	3.0	0.0	0.0201734625817425	8.065573770491802
1.0	4.0	0.0	0.028040126488281417	7.819672131147541
1.0	2.0	0.0	0.014227612001822246	8.311475409836065
1.0	2.0	0.0	0.015327081065446556	9.688524590163935
1.0	4.0	0.0	0.02762865397467134	7.786885245901639
1.0	2.0	0.0	0.014202292393683822	8.311475409836065
1.0	3.0	0.0	0.021243289122101924	8.442622950819672
1.0	3.0	0.0	0.02110539022697103	7.721311475409836
1.0	2.0	0.0	0.014733147914826494	7.819672131147541
1.0	3.0	0.0	0.02042020885959057	7.655737704918033
1.0	1.0	0.0	0.007921506623064465	8.80327868852459
1.0	4.0	0.0	0.026624357838296805	7.557377049180328
1.0	2.0	0.0	0.013994301121411465	8.114754098360656
1.0	1.0	0.0	0.007829319225894448	8.770491803278688
1.0	2.0	0.0	0.0139005108558396	8.065573770491802
1.0	3.0	0.0	0.022708397222002928	7.770491803278689
1.0	2.0	0.0	0.014088962499774569	8.475409836065573
1.0	3.0	0.0	0.020858396215691064	7.540983606557377
1.0	2.0	0.0	0.014413787513998638	8.508196721311476
1.0	2.0	0.0	0.014355842615038713	8.459016393442623
1.0	1.0	0.0	0.00842454451756848	8.754098360655737
1.0	2.0	0.0	0.015290956939835336	7.721311475409836
1.0	3.0	0.0	0.02182355296060065	7.524590163934426
1.0	3.0	0.0	0.020518389854043938	8.19672131147541
1.0	3.0	0.0	0.020533423499761214	7.311475409836065
1.0	3.0	0.0	0.022891325199955816	7.655737704918033
1.0	4.0	0.0	0.028274409114266777	8.918032786885245
1.0	2.0	0.0	0.013928606983040312	7.950819672131147
1.0	3.0	0.0	0.02059940656761748	7.311475409836065
1.0	3.0	0.0	0.022033539127730543	7.524590163934426
1.0	1.0	0.0	0.008160417697621766	8.508196721311476
1.0	3.0	0.0	0.022255457432705343	9.770491803278688
1.0	3.0	0.0	0.022739733860795558	10.655737704918034
1.0	2.0	0.0	0.015029409985643595	7.590163934426229
1.0	2.0	0.0	0.014557346677178139	7.475409836065574
1.0	2.0	0.0	0.015237801862046652	11.573770491803279
1.0	1.0	0.0	0.008479315648073306	8.639344262295081
1.0	2.0	0.0	0.015121628662609198	10.721311475409836
1.0	1.0	0.0	0.008433929979290326	11.639344262295081
