Constant_feature	Degree	Clustering_coefficient	Pagerank	Aver_path_len
1.0	2.0	0.0	0.017395033798180047	5.387755102040816
1.0	2.0	0.0	0.017358109842574916	5.428571428571429
1.0	1.0	0.0	0.009901593426548767	6.122448979591836
1.0	2.0	0.0	0.018271047641245357	6.775510204081633
1.0	2.0	0.0	0.018259882778977707	6.816326530612245
1.0	1.0	0.0	0.009656525949574364	5.959183673469388
1.0	1.0	0.0	0.010425631947716495	9.183673469387756
1.0	1.0	0.0	0.009653442687518008	6.0
1.0	1.0	0.0	0.010423676377182724	9.224489795918368
1.0	1.0	0.0	0.009770941250669149	7.020408163265306
1.0	1.0	0.0	0.009776538759517355	7.061224489795919
1.0	1.0	0.0	0.01009562808118905	8.571428571428571
1.0	3.0	0.0	0.030218045030308775	8.285714285714286
1.0	3.0	0.0	0.03021169233250983	8.326530612244898
1.0	4.0	0.0	0.0351199175697008	5.142857142857143
1.0	3.0	0.0	0.02508993919247742	4.857142857142857
1.0	2.0	0.0	0.017400087386807157	5.183673469387755
1.0	3.0	0.0	0.024996014535042115	4.8979591836734695
1.0	3.0	0.0	0.02453821084333474	4.571428571428571
1.0	3.0	0.0	0.024512979402586215	4.612244897959184
1.0	2.0	0.0	0.01966647624172296	6.081632653061225
1.0	3.0	0.0	0.0262237622788939	5.959183673469388
1.0	3.0	0.0	0.026199016280699074	6.0
1.0	3.0	0.0	0.027665508484335223	7.387755102040816
1.0	2.0	0.0	0.018167812364441187	6.6938775510204085
1.0	3.0	0.0	0.027657828012976428	7.428571428571429
1.0	2.0	0.0	0.01815697191918231	6.73469387755102
1.0	3.0	0.0	0.025520264751679674	4.979591836734694
1.0	3.0	0.0	0.028087206517468172	8.204081632653061
1.0	3.0	0.0	0.025512901745334465	5.020408163265306
1.0	3.0	0.0	0.02807894673797928	8.244897959183673
1.0	3.0	0.0	0.028009642135975447	7.469387755102041
1.0	3.0	0.0	0.028000914709408846	7.510204081632653
1.0	3.0	0.0	0.024897564159070247	5.387755102040816
1.0	1.0	0.0	0.010850302545373251	7.061224489795919
1.0	3.0	0.0	0.02489877955027398	5.428571428571429
1.0	1.0	0.0	0.010403419432180927	8.448979591836734
1.0	1.0	0.0	0.01040026689666118	8.489795918367347
1.0	3.0	0.0	0.025901494580030084	6.040816326530612
1.0	3.0	0.0	0.025923436733591577	6.081632653061225
1.0	1.0	0.0	0.011064876011222457	9.26530612244898
1.0	1.0	0.0	0.011064876011222457	9.26530612244898
1.0	3.0	0.0	0.025511513438807507	6.73469387755102
1.0	3.0	0.0	0.025466194940565793	6.6938775510204085
1.0	1.0	0.0	0.01106347597524713	9.306122448979592
1.0	1.0	0.0	0.01106347597524713	9.306122448979592
1.0	3.0	0.0	0.026987176689328606	7.591836734693878
1.0	2.0	0.0	0.01786838020145065	7.591836734693878
1.0	2.0	0.0	0.018324661684538605	8.489795918367347
1.0	2.0	0.0	0.01828791416143013	8.448979591836734
