Constant_feature	Degree	Clustering_coefficient	Pagerank	Aver_path_len
1.0	2.0	0.0	0.02922743820078829	4.766666666666667
1.0	1.0	0.0	0.016481496231311666	5.733333333333333
1.0	1.0	0.0	0.01678658853222742	6.3
1.0	1.0	0.0	0.016839840861546135	6.933333333333334
1.0	1.0	0.0	0.018023843833230406	7.2
1.0	2.0	0.0	0.02800680250016867	4.166666666666667
1.0	1.0	0.0	0.01616115854325941	5.5
1.0	1.0	0.0	0.01617079724912789	5.566666666666666
1.0	1.0	0.0	0.01585917964376988	5.166666666666667
1.0	1.0	0.0	0.01687153804711718	8.4
1.0	3.0	0.0	0.044184374827339	4.766666666666667
1.0	3.0	0.0	0.045203826864870955	5.333333333333333
1.0	3.0	0.0	0.04188401127720666	4.133333333333334
1.0	3.0	0.0	0.04537890251262141	5.966666666666667
1.0	3.0	0.0	0.04479060234771468	5.333333333333333
1.0	3.0	0.0	0.04083125217188541	3.8333333333333335
1.0	2.0	0.0	0.032883726703056844	6.233333333333333
1.0	3.0	0.0	0.04035233769756206	3.8
1.0	3.0	0.0	0.043119276071276476	4.533333333333333
1.0	3.0	0.0	0.040909449444208094	3.9
1.0	2.0	0.0	0.029106149340774396	4.633333333333334
1.0	3.0	0.0	0.0431514290568266	4.6
1.0	3.0	0.0	0.042112636446401494	4.2
1.0	3.0	0.0	0.041131627115960315	4.566666666666666
1.0	2.0	0.0	0.02816917291583307	4.466666666666667
1.0	3.0	0.0	0.04199034500345727	5.133333333333334
1.0	2.0	0.0	0.02935992418033711	5.9
1.0	2.0	0.0	0.02935992418033711	5.9
1.0	2.0	0.0	0.03008386325445846	6.666666666666667
1.0	2.0	0.0	0.03008386325445846	6.666666666666667
1.0	3.0	0.0	0.04548462169086682	7.433333333333334
