Constant_feature	Degree	Clustering_coefficient	Pagerank	Aver_path_len
1.0	1.0	0.0	0.022899949469974673	4.826086956521739
1.0	1.0	0.0	0.022899949469974673	4.826086956521739
1.0	2.0	0.0	0.03830736999776865	3.5217391304347827
1.0	1.0	0.0	0.02128966464451411	4.391304347826087
1.0	1.0	0.0	0.02163429379446469	5.0
1.0	1.0	0.0	0.02124909808614036	4.565217391304348
1.0	1.0	0.0	0.02134197701397786	4.826086956521739
1.0	1.0	0.0	0.022840551165393467	4.826086956521739
1.0	2.0	0.0	0.03941333396093179	3.260869565217391
1.0	1.0	0.0	0.02395435953900381	5.608695652173913
1.0	3.0	0.0	0.05427414172750008	2.8260869565217392
1.0	3.0	0.0	0.0552440421128864	2.739130434782609
1.0	4.0	0.0	0.07581263530717122	3.0869565217391304
1.0	3.0	0.0	0.05707809449872048	3.4347826086956523
1.0	3.0	0.0	0.05470708084799472	3.260869565217391
1.0	3.0	0.0	0.058223989911306256	4.043478260869565
1.0	2.0	0.0	0.03880960414177588	4.478260869565218
1.0	3.0	0.0	0.057249601382078824	3.869565217391304
1.0	3.0	0.0	0.056940006990359456	3.608695652173913
1.0	3.0	0.0	0.06244570399582401	3.869565217391304
1.0	1.0	0.0	0.021224938578294956	4.043478260869565
1.0	3.0	0.0	0.06224771851238184	3.869565217391304
1.0	3.0	0.0	0.0659575353125577	4.6521739130434785
1.0	1.0	0.0	0.02395435953900381	5.608695652173913
