Constant_feature	Degree	Clustering_coefficient	Pagerank	Aver_path_len
1.0	1.0	0.0	0.015210347764287011	5.096774193548387
1.0	1.0	0.0	0.015282024709088106	5.419354838709677
1.0	3.0	0.0	0.03767181271875766	3.7419354838709675
1.0	3.0	0.0	0.039024698904246265	4.548387096774194
1.0	3.0	0.0	0.04056269260874884	4.451612903225806
1.0	2.0	0.0	0.025984076866654018	4.548387096774194
1.0	3.0	0.0	0.04911842693644995	6.870967741935484
1.0	3.0	0.0	0.04952218000338476	6.774193548387097
1.0	1.0	0.0	0.015742649047405105	6.580645161290323
1.0	3.0	0.0	0.03664803869978692	3.806451612903226
1.0	3.0	0.0	0.03689795824869655	3.7419354838709675
1.0	3.0	0.0	0.03717213096580747	4.064516129032258
1.0	3.0	0.0	0.037675936954596714	4.225806451612903
1.0	3.0	0.0	0.038253213965307634	4.064516129032258
1.0	3.0	0.0	0.03797577168404939	4.0
1.0	3.0	0.0	0.03786468759031271	4.064516129032258
1.0	3.0	0.0	0.040286052708535455	4.129032258064516
1.0	3.0	0.0	0.040525025281182604	4.451612903225806
1.0	2.0	0.0	0.026329675028925074	4.548387096774194
1.0	2.0	0.0	0.028676966405197638	5.258064516129032
1.0	2.0	0.0	0.026450036930234927	4.483870967741935
1.0	2.0	0.0	0.029324358097933097	5.161290322580645
1.0	2.0	0.0	0.027102292396325448	4.838709677419355
1.0	2.0	0.0	0.027086486703874122	4.774193548387097
1.0	2.0	0.0	0.030764480686375714	6.032258064516129
1.0	2.0	0.0	0.0311761850081998	5.935483870967742
1.0	3.0	0.0	0.04205796160354314	5.612903225806452
1.0	2.0	0.0	0.027931856900815982	5.548387096774194
1.0	1.0	0.0	0.01786012241781276	7.838709677419355
1.0	1.0	0.0	0.01786012241781276	7.838709677419355
1.0	1.0	0.0	0.017980864872826074	7.741935483870968
1.0	1.0	0.0	0.017980864872826074	7.741935483870968
