Constant_feature	Degree	Clustering_coefficient	Pagerank	Aver_path_len
1.0	1.0	0.0	0.016281694918049046	4.931034482758621
1.0	1.0	0.0	0.01717123573995552	5.275862068965517
1.0	1.0	0.0	0.016990045125546832	8.10344827586207
1.0	1.0	0.0	0.019484164158952287	7.896551724137931
1.0	2.0	0.0	0.031977589056547365	4.793103448275862
1.0	4.0	0.0	0.05583087675832931	3.8620689655172415
1.0	3.0	0.0	0.041074322649946746	3.9655172413793105
1.0	3.0	0.0	0.04070260418285633	4.172413793103448
1.0	3.0	0.0	0.0407698010274463	4.517241379310345
1.0	4.0	0.0	0.05754989914598612	3.9655172413793105
1.0	2.0	0.0	0.028713945954251738	4.206896551724138
1.0	2.0	0.0	0.028818271889715405	4.448275862068965
1.0	2.0	0.0	0.02848543602225878	4.413793103448276
1.0	2.0	0.0	0.029249797855072063	4.448275862068965
1.0	3.0	0.0	0.041357450124450926	5.0
1.0	2.0	0.0	0.028480051164501766	4.793103448275862
1.0	1.0	0.0	0.015895445594486954	4.827586206896552
1.0	2.0	0.0	0.028746640945181805	5.275862068965517
1.0	3.0	0.0	0.0419906854520027	5.620689655172414
1.0	2.0	0.0	0.02932413641405279	5.758620689655173
1.0	3.0	0.0	0.04612413254736734	4.310344827586207
1.0	2.0	0.0	0.030185965028636044	6.517241379310345
1.0	2.0	0.0	0.02958730377597168	6.379310344827586
1.0	3.0	0.0	0.04552211487102999	7.137931034482759
1.0	4.0	0.0	0.06580087256902421	5.344827586206897
1.0	2.0	0.0	0.03429051747554413	6.103448275862069
1.0	1.0	0.0	0.018139686649925178	6.310344827586207
1.0	1.0	0.0	0.018139686649925178	6.310344827586207
1.0	3.0	0.0	0.05383146209403329	6.931034482758621
1.0	1.0	0.0	0.019484164158952287	7.896551724137931
