Constant_feature	Degree	Clustering_coefficient	Pagerank	Aver_path_len
1.0	2.0	0.0	0.018673441278963317	6.288888888888889
1.0	2.0	0.0	0.018673441278963317	6.288888888888889
1.0	1.0	0.0	0.011012243129612126	8.422222222222222
1.0	1.0	0.0	0.011012243129612126	8.422222222222222
1.0	2.0	0.0	0.02256910164085633	8.422222222222222
1.0	2.0	0.0	0.02256910164085633	8.422222222222222
1.0	1.0	0.0	0.011010944999830527	7.977777777777778
1.0	1.0	0.0	0.011010944999830527	7.977777777777778
1.0	1.0	0.0	0.010659994109700878	6.777777777777778
1.0	1.0	0.0	0.010659994109700878	6.777777777777778
1.0	1.0	0.0	0.011472147321459606	8.466666666666667
1.0	1.0	0.0	0.011472147321459606	8.466666666666667
1.0	1.0	0.0	0.010580347694650322	6.2444444444444445
1.0	1.0	0.0	0.010580347694650322	6.2444444444444445
1.0	4.0	0.0	0.037063756550842646	6.644444444444445
1.0	4.0	0.0	0.037063756550842646	6.644444444444445
1.0	3.0	0.0	0.029462693572526216	7.444444444444445
1.0	3.0	0.0	0.029462693572526216	7.444444444444445
1.0	3.0	0.0	0.030123317846144602	8.244444444444444
1.0	3.0	0.0	0.030123317846144602	8.244444444444444
1.0	3.0	0.0	0.027836818978128938	6.2
1.0	3.0	0.0	0.027836818978128938	6.2
1.0	2.0	0.0	0.02004843082368557	7.8
1.0	2.0	0.0	0.02004843082368557	7.8
1.0	3.0	0.0	0.029455215195541527	7.0
1.0	3.0	0.0	0.029455215195541527	7.0
1.0	1.0	0.0	0.011211398867333302	9.222222222222221
1.0	1.0	0.0	0.011211398867333302	9.222222222222221
1.0	3.0	0.0	0.028285698389027093	5.8
1.0	3.0	0.0	0.028285698389027093	5.8
1.0	3.0	0.0	0.030995713062883963	7.488888888888889
1.0	3.0	0.0	0.030995713062883963	7.488888888888889
1.0	3.0	0.0	0.027226164084282196	5.444444444444445
1.0	3.0	0.0	0.027226164084282196	5.444444444444445
1.0	3.0	0.0	0.027198086987217884	5.888888888888889
1.0	3.0	0.0	0.027198086987217884	5.888888888888889
1.0	3.0	0.0	0.028020790165440238	5.266666666666667
1.0	3.0	0.0	0.028020790165440238	5.266666666666667
1.0	3.0	0.0	0.02719101217224215	5.133333333333334
1.0	3.0	0.0	0.02719101217224215	5.133333333333334
1.0	2.0	0.0	0.018787101739516483	5.7555555555555555
1.0	2.0	0.0	0.018787101739516483	5.7555555555555555
1.0	2.0	0.0	0.018785078486069244	5.5777777777777775
1.0	2.0	0.0	0.018785078486069244	5.5777777777777775
1.0	1.0	0.0	0.0123305029040447	9.4
1.0	1.0	0.0	0.0123305029040447	9.4
