Constant_feature	Degree	Clustering_coefficient	Pagerank	Aver_path_len
1.0	2.0	0.0	0.018546659496583687	7.8
1.0	2.0	0.0	0.018546659496583687	7.8
1.0	2.0	0.0	0.019613391944306877	8.777777777777779
1.0	2.0	0.0	0.019613391944306877	8.777777777777779
1.0	3.0	0.0	0.026362781312990902	6.2
1.0	4.0	0.0	0.036838240368225326	6.911111111111111
1.0	3.0	0.0	0.026362781312990902	6.2
1.0	4.0	0.0	0.036838240368225326	6.911111111111111
1.0	3.0	0.0	0.026406917803783094	7.311111111111111
1.0	3.0	0.0	0.026406917803783094	7.311111111111111
1.0	2.0	0.0	0.018005620098337297	7.0
1.0	2.0	0.0	0.018005620098337297	7.0
1.0	3.0	0.0	0.02599625544521468	5.444444444444445
1.0	3.0	0.0	0.02599625544521468	5.444444444444445
1.0	3.0	0.0	0.026143675614441936	6.555555555555555
1.0	3.0	0.0	0.026143675614441936	6.555555555555555
1.0	3.0	0.0	0.025944940885717357	5.888888888888889
1.0	3.0	0.0	0.025944940885717357	5.888888888888889
1.0	1.0	0.0	0.010462104807081764	7.888888888888889
1.0	1.0	0.0	0.010462104807081764	7.888888888888889
1.0	1.0	0.0	0.010462104807081764	7.888888888888889
1.0	1.0	0.0	0.010462104807081764	7.888888888888889
1.0	2.0	0.0	0.018064577295619375	5.266666666666667
1.0	2.0	0.0	0.018064577295619375	5.266666666666667
1.0	3.0	0.0	0.026973904282757914	5.133333333333334
1.0	3.0	0.0	0.02697390428275792	5.133333333333334
1.0	2.0	0.0	0.01836215796527233	7.177777777777778
1.0	2.0	0.0	0.01836215796527233	7.177777777777778
1.0	2.0	0.0	0.018067129658767667	6.511111111111111
1.0	2.0	0.0	0.018067129658767667	6.511111111111111
1.0	3.0	0.0	0.027029674002458832	7.133333333333334
1.0	3.0	0.0	0.027029674002458832	7.133333333333334
1.0	2.0	0.0	0.0190635354169578	6.022222222222222
1.0	2.0	0.0	0.0190635354169578	6.022222222222222
1.0	2.0	0.0	0.01955004742069993	6.911111111111111
1.0	2.0	0.0	0.019550047420699934	6.911111111111111
1.0	3.0	0.0	0.027936246795988218	7.888888888888889
1.0	3.0	0.0	0.027936246795988218	7.888888888888889
1.0	2.0	0.0	0.019613391944306877	8.777777777777779
1.0	2.0	0.0	0.019613391944306877	8.777777777777779
1.0	2.0	0.0	0.020132299867763638	9.666666666666666
1.0	2.0	0.0	0.020132299867763638	9.666666666666666
1.0	2.0	0.0	0.020132299867763638	9.666666666666666
1.0	2.0	0.0	0.020132299867763638	9.666666666666666
1.0	2.0	0.0	0.02029204289787903	10.555555555555555
1.0	2.0	0.0	0.02029204289787903	10.555555555555555
