Constant_feature	Degree	Clustering_coefficient	Pagerank	Aver_path_len
1.0	1.0	0.0	0.01510104341033876	9.870967741935484
1.0	1.0	0.0	0.01510104341033876	9.870967741935484
1.0	1.0	0.0	0.015536869168281373	2.1666666666666665
1.0	1.0	0.0	0.015536869168281373	2.1666666666666665
1.0	1.0	0.0	0.015536869168281373	2.1666666666666665
1.0	2.0	0.0	0.026780348171787843	6.967741935483871
1.0	1.0	0.0	0.013578379179915912	6.064516129032258
1.0	1.0	0.0	0.013981401164613435	7.096774193548387
1.0	2.0	0.0	0.027340563790421032	8.193548387096774
1.0	1.0	0.0	0.014350947393677553	8.32258064516129
1.0	1.0	0.0	0.0157063973691028	2.3333333333333335
1.0	1.0	0.0	0.0157063973691028	2.3333333333333335
1.0	2.0	0.0	0.02443692621518147	5.225806451612903
1.0	3.0	0.0	0.03636379725530879	7.161290322580645
1.0	1.0	0.0	0.013497641622468245	6.064516129032258
1.0	3.0	0.0	0.03644377974304097	5.096774193548387
1.0	2.0	0.0	0.023818493645448274	5.225806451612903
1.0	3.0	0.0	0.036196637882931613	5.419354838709677
1.0	2.0	0.0	0.024928296254207116	6.0
1.0	3.0	0.0	0.03440156386083084	5.419354838709677
1.0	3.0	0.0	0.03671564865838852	5.096774193548387
1.0	3.0	0.0	0.03463767808106273	6.580645161290323
1.0	2.0	0.0	0.025569136045470058	6.645161290322581
1.0	2.0	0.0	0.023466989241955435	5.806451612903226
1.0	2.0	0.0	0.023466989241955435	5.806451612903226
1.0	2.0	0.0	0.02351480061684793	6.193548387096774
1.0	2.0	0.0	0.02351480061684793	6.193548387096774
1.0	3.0	0.0	0.038056173693055535	6.129032258064516
1.0	2.0	0.0	0.026010549617553246	8.0
1.0	2.0	0.0	0.026010549617553246	8.0
1.0	3.0	0.0	0.03928790389073869	7.354838709677419
1.0	2.0	0.0	0.027859058821530242	8.903225806451612
1.0	2.0	0.0	0.027859058821530242	8.903225806451612
1.0	2.0	0.0	0.0284411086304295	7.870967741935484
1.0	2.0	0.0	0.028864743385267955	9.096774193548388
1.0	1.0	0.0	0.01536304957127697	8.838709677419354
1.0	1.0	0.0	0.015553718960846041	10.064516129032258
1.0	4.0	0.0	0.05765429018746487	1.3333333333333333
1.0	3.0	0.0	0.04380948705666484	1.5
