Constant_feature	Degree	Clustering_coefficient	Pagerank	Aver_path_len
1.0	0.0	0.0	0.0	0.0
1.0	2.0	0.0	0.03728396504874086	8.172413793103448
1.0	2.0	0.0	0.03728396504874086	8.172413793103448
1.0	1.0	0.0	0.01702514668359653	5.413793103448276
1.0	3.0	0.0	0.047992329997803236	5.689655172413793
1.0	2.0	0.0	0.03137520337453108	4.655172413793103
1.0	2.0	0.0	0.028565258049550277	5.0
1.0	1.0	0.0	0.016369845290381282	6.379310344827586
1.0	2.0	0.0	0.032081688209361	5.275862068965517
1.0	2.0	0.0	0.03358213287104322	6.448275862068965
1.0	2.0	0.0	0.03358213287104322	6.448275862068965
1.0	2.0	0.0	0.03188847758417025	4.931034482758621
1.0	3.0	0.0	0.041690628140923586	4.517241379310345
1.0	3.0	0.0	0.04212454767110308	5.0
1.0	2.0	0.0	0.03522170633240478	7.275862068965517
1.0	2.0	0.0	0.03522170633240478	7.275862068965517
1.0	3.0	0.0	0.04288213007547825	4.379310344827586
1.0	3.0	0.0	0.042505596767254544	5.896551724137931
1.0	3.0	0.0	0.04345629988552718	5.413793103448276
1.0	3.0	0.0	0.04241812294293062	5.413793103448276
1.0	3.0	0.0	0.04563975039013303	4.448275862068965
1.0	3.0	0.0	0.044925670968388544	6.172413793103448
1.0	2.0	0.0	0.029440453925533724	5.827586206896552
1.0	2.0	0.0	0.029667630396827474	5.206896551724138
1.0	2.0	0.0	0.029802358554578696	6.724137931034483
1.0	2.0	0.0	0.029931303737338752	5.689655172413793
1.0	2.0	0.0	0.030528375243337957	7.0
1.0	2.0	0.0	0.030481413333448587	7.482758620689655
1.0	1.0	0.0	0.016811385538888245	7.137931034482759
1.0	1.0	0.0	0.02011038736726828	9.137931034482758
1.0	1.0	0.0	0.02011038736726828	9.137931034482758
