Constant_feature	Degree	Clustering_coefficient	Pagerank	Aver_path_len
1.0	2.0	1.0	0.0285870618937006	3.3703703703703702
1.0	1.0	0.0	0.017036981071432793	3.8518518518518516
1.0	2.0	0.0	0.0351772322486289	4.222222222222222
1.0	2.0	0.0	0.0351772322486289	4.222222222222222
1.0	1.0	0.0	0.01801452051763396	5.62962962962963
1.0	2.0	0.0	0.029881596132302818	3.888888888888889
1.0	4.0	0.16666666666666666	0.055777190397123165	3.074074074074074
1.0	4.0	0.16666666666666666	0.05540328245640821	2.740740740740741
1.0	3.0	0.0	0.04589467836954535	3.5185185185185186
1.0	4.0	0.0	0.05984857585301448	2.888888888888889
1.0	4.0	0.0	0.06286342065022488	3.3333333333333335
1.0	2.0	0.0	0.03148483173519247	3.740740740740741
1.0	3.0	0.0	0.0436884086695912	3.4444444444444446
1.0	3.0	0.0	0.04317634230919102	3.185185185185185
1.0	1.0	0.0	0.01734014725573082	4.481481481481482
1.0	3.0	0.0	0.04400949529561128	3.6296296296296298
1.0	2.0	0.0	0.03184971450667999	3.5555555555555554
1.0	2.0	0.0	0.030967024346336813	3.925925925925926
1.0	2.0	0.0	0.03138098745627673	4.111111111111111
1.0	2.0	0.0	0.03119942500170127	4.37037037037037
1.0	3.0	0.0	0.04814535432156396	4.666666666666667
1.0	1.0	0.0	0.019400746384530532	5.185185185185185
1.0	1.0	0.0	0.019400746384530532	5.185185185185185
1.0	2.0	0.0	0.03205377320064587	5.111111111111111
1.0	2.0	0.0	0.032918189020290825	4.222222222222222
1.0	2.0	0.0	0.0326716356265558	4.777777777777778
1.0	2.0	0.0	0.03336333271387652	4.814814814814815
1.0	2.0	0.0	0.03328807393305015	5.0
