Constant_feature	Degree	Clustering_coefficient	Pagerank	Aver_path_len
1.0	2.0	0.0	0.020978293172087173	5.2
1.0	2.0	0.0	0.02162752422566691	5.6
1.0	2.0	0.0	0.022846361944666202	6.9
1.0	1.0	0.0	0.012179396587370824	6.95
1.0	1.0	0.0	0.012384086764407165	7.2
1.0	1.0	0.0	0.012669009238716663	8.5
1.0	3.0	0.0	0.031127815710026718	5.35
1.0	2.0	0.0	0.020940825358758384	5.075
1.0	3.0	0.0	0.030546264651672775	4.85
1.0	3.0	0.0	0.031748357349441356	6.075
1.0	3.0	0.0	0.030810752589623784	5.025
1.0	3.0	0.0	0.031251228466431274	5.325
1.0	2.0	0.0	0.021057991178084122	5.375
1.0	3.0	0.0	0.03246691219219499	5.975
1.0	3.0	0.0	0.03242992979276236	6.7
1.0	2.0	0.0	0.021991906422773915	5.8
1.0	2.0	0.0	0.022191077683679755	6.95
1.0	2.0	0.0	0.022191077683679755	6.95
1.0	2.0	0.0	0.022615469123557497	6.325
1.0	2.0	0.0	0.022499898352627282	7.575
1.0	2.0	0.0	0.022499898352627282	7.575
1.0	2.0	0.0	0.022726351903400912	7.825
1.0	2.0	0.0	0.022726351903400912	7.825
1.0	2.0	0.0	0.022893459074812685	8.7
1.0	3.0	0.0	0.03277659887864057	6.95
1.0	3.0	0.0	0.033148918848346406	6.225
1.0	2.0	0.0	0.02296115028305247	8.45
1.0	2.0	0.0	0.02296115028305247	8.45
1.0	2.0	0.0	0.023103432006667517	9.325
1.0	3.0	0.0	0.03325911680420998	8.25
1.0	2.0	0.0	0.022657277782512114	7.825
1.0	2.0	0.0	0.022657277782512114	7.825
1.0	3.0	0.0	0.03409796999144813	7.525
1.0	2.0	0.0	0.02308049935467042	8.7
1.0	2.0	0.0	0.02308049935467042	8.7
1.0	2.0	0.0	0.022876343127818343	9.125
1.0	2.0	0.0	0.022876343127818343	9.125
1.0	2.0	0.0	0.023210480561492216	9.575
1.0	2.0	0.0	0.023246588058634922	10.0
1.0	2.0	0.0	0.023246588058634922	10.0
1.0	2.0	0.0	0.023359525973347627	10.875
