Constant_feature	Degree	Clustering_coefficient	Pagerank	Aver_path_len
1.0	0.0	0.0	0.0	0.0
1.0	1.0	0.0	0.011515327867661213	5.15
1.0	3.0	0.0	0.029750649894013506	4.875
1.0	3.0	0.0	0.03079130969321349	5.225
1.0	2.0	0.0	0.02067522623868793	5.3
1.0	2.0	0.0	0.02018457285781674	5.7
1.0	4.0	0.0	0.037853687921533985	3.975
1.0	3.0	0.0	0.02895841623981253	4.275
1.0	3.0	0.0	0.02886407398942106	4.1
1.0	2.0	0.0	0.019960673761157788	4.65
1.0	4.0	0.0	0.04033633192739864	4.175
1.0	2.0	0.0	0.020194641007786302	4.625
1.0	3.0	0.0	0.03001368977077936	5.075
1.0	2.0	0.0	0.02050395174638441	4.75
1.0	3.0	0.0	0.028931140403596012	4.05
1.0	2.0	0.0	0.020195307257504767	4.3
1.0	2.0	0.0	0.02090451671173329	5.35
1.0	2.0	0.0	0.02137966192548487	5.7
1.0	2.0	0.0	0.021689987573254854	4.875
1.0	2.0	0.0	0.021482219683304493	5.9
1.0	2.0	0.0	0.021909884869795747	5.925
1.0	3.0	0.0	0.029156150949831237	4.425
1.0	2.0	0.0	0.022255238706297503	6.525
1.0	2.0	0.0	0.022609226680555407	5.575
1.0	2.0	0.0	0.022309581906173277	6.725
1.0	2.0	0.0	0.022657615810527318	7.35
1.0	2.0	0.0	0.02273883553130914	6.625
1.0	2.0	0.0	0.022673834822773294	7.55
1.0	3.0	0.0	0.029108006887604707	4.95
1.0	2.0	0.0	0.023134786889665977	6.25
1.0	2.0	0.0	0.023202307953561506	7.275
1.0	3.0	0.0	0.029467191557963308	5.6
1.0	2.0	0.0	0.023400996390124554	7.425
1.0	2.0	0.0	0.023379759864468268	6.875
1.0	2.0	0.0	0.021089757888406953	5.95
1.0	2.0	0.0	0.02076876437623724	6.475
1.0	3.0	0.0	0.029829825180165186	6.3
1.0	3.0	0.0	0.030042435325610295	6.35
1.0	2.0	0.0	0.021196093699512076	7.175
1.0	2.0	0.0	0.021270174105076443	7.225
1.0	2.0	0.0	0.021795565293112044	8.05
1.0	2.0	0.0	0.021818578840682983	8.1
