Constant_feature	Degree	Clustering_coefficient	Pagerank	Aver_path_len
1.0	1.0	0.0	0.0005612355085583426	4.888888888888889
1.0	2.0	0.0	0.0009746042171923509	3.611111111111111
1.0	2.0	0.0	0.0009901204303317504	3.2777777777777777
1.0	2.0	0.0	0.000998760143279192	5.111111111111111
1.0	2.0	0.0	0.0009943480056441743	3.6666666666666665
1.0	2.0	0.0	0.0009959164642883715	4.666666666666667
1.0	1.0	0.0	0.0006299566716813329	6.722222222222222
1.0	3.0	0.0	0.0014398612233041098	4.333333333333333
1.0	3.0	0.0	0.0014313592287824055	3.888888888888889
1.0	3.0	0.0	0.0014446220890688337	3.2222222222222223
1.0	3.0	0.0	0.0014973521974478905	3.9444444444444446
1.0	3.0	0.0	0.0014839658116676808	3.4444444444444446
1.0	2.0	0.0	0.0010098385636108024	5.277777777777778
1.0	2.0	0.0	0.001027711536113397	3.9444444444444446
1.0	2.0	0.0	0.001027711536113397	3.9444444444444446
1.0	2.0	0.0	0.0010470307945023754	4.444444444444445
1.0	2.0	0.0	0.0010470307945023754	4.444444444444445
1.0	3.0	0.0	0.001571363877416289	4.944444444444445
1.0	2.0	0.0	0.001151565564182921	5.777777777777778
1.0	1.0	0.0	0.0005874363269108104	5.333333333333333
1.0	1.0	0.0	0.0005874363269108104	5.333333333333333
1.0	1.0	0.0	0.000561320814440092	4.722222222222222
1.0	2.0	0.0	0.0009751219076411924	3.4444444444444446
1.0	2.0	0.0	0.0009925233665299602	3.111111111111111
1.0	2.0	0.0	0.0009991809211957682	4.944444444444445
1.0	2.0	0.0	0.0009948469426092777	3.5
1.0	2.0	0.0	0.0009961527302221919	4.5
1.0	3.0	0.0	0.00144014187835525	4.166666666666667
1.0	3.0	0.0	0.0014324396101122244	3.7222222222222223
1.0	3.0	0.0	0.0014474996869491843	3.0555555555555554
1.0	3.0	0.0	0.0014986083677562014	3.7777777777777777
1.0	3.0	0.0	0.0014932467973791295	3.2777777777777777
1.0	2.0	0.0	0.001010151368053399	5.111111111111111
1.0	2.0	0.0	0.0010342001197048058	3.888888888888889
1.0	2.0	0.0	0.0010342001197048058	3.888888888888889
1.0	3.0	0.0	0.0015886040824790236	4.388888888888889
1.0	3.0	0.0	0.0015886040824790236	4.388888888888889
1.0	2.0	0.0	0.001062639208254842	5.0
1.0	4.0	0.0	0.0020506137808857933	3.8333333333333335
1.0	1.0	0.0	0.000572610039475688	4.777777777777778
1.0	1.0	0.0	0.000572610039475688	4.777777777777778
1.0	2.0	0.0	0.0011851567725385942	4.888888888888889
1.0	1.0	0.0	0.0006207295492419474	5.111111111111111
1.0	2.0	0.0	0.0010485486669055259	3.2777777777777777
1.0	2.0	0.0	0.0010311448785538474	3.7777777777777777
1.0	2.0	0.0	0.0010212705222447968	3.5
1.0	3.0	0.0	0.00146542050490517	3.3333333333333335
1.0	3.0	0.0	0.0014533612417725122	3.0555555555555554
1.0	3.0	0.0	0.001476498619540549	3.0
1.0	2.0	0.0	0.0010196284482535825	4.055555555555555
1.0	2.0	0.0	0.0010121781874551732	3.7777777777777777
1.0	2.0	0.0	0.0010914763921047355	3.6666666666666665
1.0	2.0	0.0	0.0010350216688190098	4.777777777777778
1.0	2.0	0.0	0.0010354843197020696	4.5
1.0	3.0	0.0	0.0016989359092153674	4.166666666666667
1.0	2.0	0.0	0.001257004447734517	5.722222222222222
1.0	1.0	0.0	0.0006766606688634257	6.666666666666667
1.0	1.0	0.0	0.0006443577532202772	7.45945945945946
1.0	1.0	0.0	0.0005788834191193996	6.594594594594595
1.0	2.0	0.0	0.0009818280283819722	4.4324324324324325
1.0	2.0	0.0	0.0010329716072527107	5.675675675675675
1.0	1.0	0.0	0.0005603127049352539	5.72972972972973
1.0	1.0	0.0	0.0005880473903089167	7.297297297297297
1.0	1.0	0.0	0.0005911074775926538	8.054054054054054
1.0	1.0	0.0	0.0005437614028663137	5.243243243243243
1.0	1.0	0.0	0.0005461798277847988	5.405405405405405
1.0	1.0	0.0	0.0006030991471978054	6.54054054054054
1.0	1.0	0.0	0.0005483738202741125	6.108108108108108
1.0	1.0	0.0	0.0005488904088119178	6.27027027027027
1.0	3.0	0.0	0.0014149012457667586	4.0
1.0	4.0	0.0	0.0019932395099178943	4.756756756756757
1.0	2.0	0.0	0.0009844063183309616	4.594594594594595
1.0	2.0	0.0	0.000981568931712808	4.756756756756757
1.0	3.0	0.0	0.0013891112430395752	4.0
1.0	3.0	0.0	0.0014053402894688592	4.162162162162162
1.0	3.0	0.0	0.0014863433960202311	4.918918918918919
1.0	3.0	0.0	0.001554135678266288	5.621621621621622
1.0	3.0	0.0	0.0015874127812726077	6.324324324324325
1.0	3.0	0.0	0.001594870238310305	7.081081081081081
1.0	3.0	0.0	0.0015854890548049664	6.378378378378378
1.0	3.0	0.0	0.0014394760300262353	4.27027027027027
1.0	3.0	0.0	0.0016348001331980204	5.5675675675675675
1.0	3.0	0.0	0.001445443077613338	4.4324324324324325
1.0	3.0	0.0	0.0014006079386549247	4.54054054054054
1.0	3.0	0.0	0.0014033014415705944	4.702702702702703
1.0	1.0	0.0	0.0005874706378332248	7.351351351351352
1.0	2.0	0.0	0.0011834617342042155	6.486486486486487
1.0	3.0	0.0	0.0014546578691670387	5.135135135135135
1.0	3.0	0.0	0.0014546747905674721	5.297297297297297
1.0	3.0	0.0	0.0014264540614662867	5.72972972972973
1.0	3.0	0.0	0.0014274210243976225	5.891891891891892
1.0	2.0	0.0	0.0010007039094589185	6.594594594594595
1.0	2.0	0.0	0.0010003048733842888	6.756756756756757
1.0	2.0	0.0	0.0010224073561574958	7.45945945945946
1.0	2.0	0.0	0.0010228927630189194	7.621621621621622
1.0	4.0	0.0	0.0027285061470396403	1.0
1.0	2.0	0.0	0.0011441011285219908	7.392857142857143
1.0	1.0	0.0	0.0006194734075181612	7.928571428571429
1.0	1.0	0.0	0.0006194734075181612	7.928571428571429
1.0	1.0	0.0	0.0007207915328248262	1.75
1.0	1.0	0.0	0.0007207915328248262	1.75
1.0	1.0	0.0	0.0007207915328248262	1.75
1.0	1.0	0.0	0.0007207915328248262	1.75
1.0	3.0	0.0	0.0014048486995644385	4.0
1.0	3.0	0.0	0.0014063567026900191	4.142857142857143
1.0	2.0	0.0	0.0009551893098972489	4.178571428571429
1.0	2.0	0.0	0.0009556387335450042	4.321428571428571
1.0	3.0	0.0	0.0016924360357405766	6.964285714285714
1.0	2.0	0.0	0.0009559234175474502	4.392857142857143
1.0	3.0	0.0	0.001443725328314203	4.464285714285714
1.0	3.0	0.0	0.0014480592075302515	4.75
1.0	3.0	0.0	0.0014035875865281344	3.9285714285714284
1.0	3.0	0.0	0.0014408631358520858	4.321428571428571
1.0	2.0	0.0	0.0010107207483254837	5.142857142857143
1.0	2.0	0.0	0.0010107207483254837	5.142857142857143
1.0	2.0	0.0	0.0010150520685570765	5.571428571428571
1.0	2.0	0.0	0.0010150520685570765	5.571428571428571
1.0	2.0	0.0	0.0010072201607805667	4.928571428571429
1.0	2.0	0.0	0.0010072201607805667	4.928571428571429
1.0	2.0	0.0	0.001034658660891329	5.821428571428571
1.0	2.0	0.0	0.001034658660891329	5.821428571428571
1.0	3.0	0.0	0.001557988250331159	6.5
1.0	2.0	0.0	0.0010413790057045918	6.392857142857143
1.0	2.0	0.0	0.0010413790057045918	6.392857142857143
1.0	2.0	0.0	0.0010300306564995049	5.535714285714286
1.0	2.0	0.0	0.0010300306564995049	5.535714285714286
1.0	3.0	0.0	0.0015456369795089145	6.142857142857143
1.0	2.0	0.0	0.001049281265368447	7.214285714285714
1.0	1.0	0.0	0.0006269940168725296	8.357142857142858
1.0	1.0	0.0	0.0006438667275613564	7.25
1.0	1.0	0.0	0.0006438667275613564	7.25
1.0	1.0	0.0	0.0006438667275613564	7.25
1.0	2.0	0.0	0.0010087676361800492	4.458333333333333
1.0	1.0	0.0	0.0006209912936781208	6.708333333333333
1.0	1.0	0.0	0.0005713937494431126	5.291666666666667
1.0	2.0	0.0	0.0011031298729298525	4.958333333333333
1.0	1.0	0.0	0.0005770593876467703	5.541666666666667
1.0	3.0	0.0	0.0014590140131709127	3.7083333333333335
1.0	2.0	0.0	0.0011069549990509954	5.625
1.0	2.0	0.0	0.001036219691523104	4.458333333333333
1.0	2.0	0.0	0.0011957982647559297	6.5
1.0	1.0	0.0	0.0006502120007116941	7.458333333333333
1.0	3.0	0.0	0.0015226929160586705	4.833333333333333
1.0	3.0	0.0	0.0014562436554483617	3.9166666666666665
1.0	2.0	0.0	0.001005949007316129	4.416666666666667
1.0	3.0	0.0	0.0015315869138138461	4.875
1.0	2.0	0.0	0.0011307842096072787	5.75
1.0	2.0	0.0	0.0010007362474699839	3.8333333333333335
1.0	3.0	0.0	0.0015297800265347298	4.333333333333333
1.0	3.0	0.0	0.0015048153360752645	3.9583333333333335
1.0	3.0	0.0	0.0015482753307971418	4.583333333333333
1.0	2.0	0.0	0.0010587912293761558	4.416666666666667
1.0	2.0	0.0	0.0011394157782502164	5.583333333333333
1.0	4.0	0.0	0.0023681496491723382	6.291666666666667
1.0	1.0	0.0	0.0005416092016581935	4.72
1.0	3.0	0.0	0.0013555242397271594	4.04
1.0	3.0	0.0	0.0017052884807195218	5.68
1.0	2.0	0.0	0.001017893029450707	4.0
1.0	2.0	0.0	0.0009467313404521951	4.8
1.0	2.0	0.0	0.0009509160625292267	5.0
1.0	3.0	0.0	0.0013697318588389148	3.44
1.0	3.0	0.0	0.0013422260257949046	3.76
1.0	3.0	0.0	0.0014174378507724667	3.6
1.0	2.0	0.0	0.0011043809719416037	5.04
1.0	3.0	0.0	0.0013811861666745496	4.36
1.0	2.0	0.0	0.001066852219268789	4.48
1.0	3.0	0.0	0.0014020417672542793	4.04
1.0	3.0	0.0	0.0014308255931360487	3.76
1.0	3.0	0.0	0.0013756221635249292	4.44
1.0	2.0	0.0	0.0009703084998107631	4.28
1.0	2.0	0.0	0.0012187215906920997	6.56
1.0	2.0	0.0	0.0012187215906920997	6.56
1.0	2.0	0.0	0.000961378954843437	4.6
1.0	2.0	0.0	0.0009907032232678143	4.76
1.0	2.0	0.0	0.000982307937710086	5.08
1.0	3.0	0.0	0.001527150327929501	5.48
1.0	2.0	0.0	0.0010121275456002974	5.8
1.0	1.0	0.0	0.000660391811447869	7.52
1.0	1.0	0.0	0.000660391811447869	7.52
1.0	1.0	0.0	0.0005702255821771879	6.44
1.0	0.0	0.0	0.0	0.0
1.0	1.0	0.0	0.0005502499956095272	4.583333333333333
1.0	1.0	0.0	0.0005502499956095272	4.583333333333333
1.0	1.0	0.0	0.0005502499956095272	4.583333333333333
1.0	1.0	0.0	0.0005502499956095272	4.583333333333333
1.0	2.0	0.0	0.0009795640041748046	3.4583333333333335
1.0	2.0	0.0	0.0009795640041748046	3.4583333333333335
1.0	3.0	0.0	0.0014120490838579348	3.0
1.0	3.0	0.0	0.0014120490838579348	3.0
1.0	3.0	0.0	0.0014117515035921148	3.125
1.0	3.0	0.0	0.0014117515035921148	3.125
1.0	3.0	0.0	0.0014602033514582804	3.625
1.0	3.0	0.0	0.0014602033514582804	3.625
1.0	3.0	0.0	0.0014802562525503852	4.0
1.0	3.0	0.0	0.0014802562525503852	4.0
1.0	3.0	0.0	0.0014503327580867426	3.5416666666666665
1.0	3.0	0.0	0.0014503327580867426	3.5416666666666665
1.0	3.0	0.0	0.0014302994367989398	4.083333333333333
1.0	3.0	0.0	0.0014302994367989398	4.083333333333333
1.0	3.0	0.0	0.0014602033514582804	3.625
1.0	3.0	0.0	0.0014602033514582804	3.625
1.0	3.0	0.0	0.0014302994367989398	4.083333333333333
1.0	3.0	0.0	0.0014302994367989398	4.083333333333333
1.0	2.0	0.0	0.001029479683012218	4.791666666666667
1.0	2.0	0.0	0.001029479683012218	4.791666666666667
1.0	2.0	0.0	0.001029479683012218	4.791666666666667
1.0	2.0	0.0	0.001029479683012218	4.791666666666667
1.0	2.0	0.0	0.0010165254354225794	4.333333333333333
1.0	2.0	0.0	0.0010165254354225794	4.333333333333333
1.0	2.0	0.0	0.0010165254354225794	4.333333333333333
1.0	2.0	0.0	0.0010165254354225794	4.333333333333333
1.0	2.0	0.0	0.0010021235874184539	4.875
1.0	2.0	0.0	0.0010021235874184539	4.875
1.0	2.0	0.0	0.0010021235874184537	4.875
1.0	2.0	0.0	0.0010021235874184537	4.875
1.0	2.0	0.0	0.001023968239375549	5.666666666666667
1.0	2.0	0.0	0.001023968239375549	5.666666666666667
1.0	2.0	0.0	0.001023968239375549	5.666666666666667
1.0	2.0	0.0	0.001023968239375549	5.666666666666667
1.0	2.0	0.0	0.0010525849962914745	5.583333333333333
1.0	2.0	0.0	0.0010525849962914745	5.583333333333333
1.0	2.0	0.0	0.0010525849962914745	5.583333333333333
1.0	2.0	0.0	0.0010525849962914745	5.583333333333333
1.0	2.0	0.0	0.0010420730541666797	5.125
1.0	2.0	0.0	0.0010420730541666797	5.125
1.0	2.0	0.0	0.0010420730541666797	5.125
1.0	2.0	0.0	0.0010420730541666797	5.125
1.0	2.0	0.0	0.0010590347191212842	6.375
1.0	2.0	0.0	0.0010590347191212842	6.375
1.0	2.0	0.0	0.0010503575112040535	5.916666666666667
1.0	2.0	0.0	0.0010503575112040535	5.916666666666667
1.0	0.0	0.0	0.0	0.0
1.0	1.0	0.0	0.0006114975795864394	2.5
1.0	1.0	0.0	0.0006114975795864394	2.5
1.0	1.0	0.0	0.000686289005422312	2.6666666666666665
1.0	1.0	0.0	0.000686289005422312	2.6666666666666665
1.0	1.0	0.0	0.000686289005422312	2.6666666666666665
1.0	1.0	0.0	0.000686289005422312	2.6666666666666665
1.0	3.0	0.0	0.0016676142853599618	1.6666666666666667
1.0	3.0	0.0	0.0016676142853599618	1.6666666666666667
1.0	3.0	0.0	0.0019254203013537147	1.8333333333333333
1.0	3.0	0.0	0.0019254203013537147	1.8333333333333333
1.0	3.0	0.0	0.0019254203013537147	1.8333333333333333
1.0	3.0	0.0	0.0019254203013537147	1.8333333333333333
1.0	2.0	0.0	0.001260344565277845	1.6666666666666667
1.0	2.0	0.0	0.001260344565277845	1.6666666666666667
1.0	2.0	0.0	0.0011133028482250501	1.8333333333333333
1.0	2.0	0.0	0.0011133028482250501	1.8333333333333333
1.0	2.0	0.0	0.0011133028482250501	1.8333333333333333
1.0	2.0	0.0	0.0011133028482250501	1.8333333333333333
1.0	1.0	0.0	0.000686289005422312	2.6666666666666665
1.0	1.0	0.0	0.000686289005422312	2.6666666666666665
1.0	1.0	0.0	0.000686289005422312	2.6666666666666665
1.0	1.0	0.0	0.000686289005422312	2.6666666666666665
1.0	2.0	0.0	0.0011173898227170116	2.0
1.0	2.0	0.0	0.0011173898227170116	2.0
1.0	2.0	0.0	0.0011173898227170116	2.0
1.0	2.0	0.0	0.0011173898227170116	2.0
1.0	2.0	0.0	0.0011158439828440002	2.1666666666666665
1.0	2.0	0.0	0.0011158439828440002	2.1666666666666665
1.0	0.0	0.0	0.0	0.0
1.0	1.0	0.0	0.0005850891416653251	3.5
1.0	1.0	0.0	0.0005850891416653251	3.5
1.0	1.0	0.0	0.0005770866232172933	3.3333333333333335
1.0	1.0	0.0	0.0005770866232172933	3.3333333333333335
1.0	1.0	0.0	0.0005850891416653251	3.5
1.0	1.0	0.0	0.0005770866232172933	3.3333333333333335
1.0	1.0	0.0	0.000577812009359086	3.25
1.0	1.0	0.0	0.000577812009359086	3.25
1.0	1.0	0.0	0.000577812009359086	3.25
1.0	2.0	0.0	0.0010281461347428082	2.6666666666666665
1.0	2.0	0.0	0.0010281461347428082	2.6666666666666665
1.0	2.0	0.0	0.0010281461347428082	2.6666666666666665
1.0	3.0	0.0	0.0014870926639562504	2.0833333333333335
1.0	3.0	0.0	0.0014870926639562504	2.0833333333333335
1.0	3.0	0.0	0.001550227399821441	2.3333333333333335
1.0	3.0	0.0	0.001550227399821441	2.3333333333333335
1.0	3.0	0.0	0.001485317565701539	2.1666666666666665
1.0	3.0	0.0	0.001485317565701539	2.1666666666666665
1.0	2.0	0.0	0.0010462320271406869	3.25
1.0	2.0	0.0	0.0010462320271406869	3.25
1.0	3.0	0.0	0.0014870926639562504	2.0833333333333335
1.0	3.0	0.0	0.001550227399821441	2.3333333333333335
1.0	3.0	0.0	0.0015778873735539805	2.5833333333333335
1.0	3.0	0.0	0.0015778873735539805	2.5833333333333335
1.0	2.0	0.0	0.0010462320271406869	3.25
1.0	2.0	0.0	0.001029161802390067	2.75
1.0	2.0	0.0	0.001029161802390067	2.75
1.0	2.0	0.0	0.0010451414414196594	3.3333333333333335
1.0	2.0	0.0	0.0010451414414196594	3.3333333333333335
1.0	3.0	0.0	0.0015512114213972813	2.4166666666666665
1.0	3.0	0.0	0.0015512114213972813	2.4166666666666665
1.0	2.0	0.0	0.0010499423193158395	2.6666666666666665
1.0	2.0	0.0	0.0010499423193158395	2.6666666666666665
1.0	3.0	0.0	0.001485317565701539	2.1666666666666665
1.0	2.0	0.0	0.0010451414414196594	3.3333333333333335
1.0	3.0	0.0	0.0015778873735539805	2.5833333333333335
1.0	2.0	0.0	0.001029161802390067	2.75
1.0	3.0	0.0	0.0015512114213972813	2.4166666666666665
1.0	2.0	0.0	0.0010499423193158395	2.6666666666666665
1.0	0.0	0.0	0.0	0.0
1.0	1.0	0.0	0.0006193394278703408	2.9166666666666665
1.0	1.0	0.0	0.0006590264110754737	3.9166666666666665
1.0	1.0	0.0	0.0006590264110754737	3.9166666666666665
1.0	0.0	0.0	0.0	0.0
1.0	1.0	0.0	0.0006590264110754737	3.9166666666666665
1.0	1.0	0.0	0.0006590264110754737	3.9166666666666665
1.0	1.0	0.0	0.0006494513663597815	3.5
1.0	1.0	0.0	0.0006494513663597815	3.5
1.0	4.0	0.0	0.002261731801310124	2.0
1.0	2.0	0.0	0.0011661323933790358	2.4166666666666665
1.0	2.0	0.0	0.0011661323933790358	2.4166666666666665
1.0	3.0	0.0	0.0018286047178405552	3.0
1.0	3.0	0.0	0.0018286047178405552	3.0
1.0	3.0	0.0	0.0017847940950401534	2.5833333333333335
1.0	2.0	0.0	0.0011386573736884645	3.6875
1.0	1.0	0.0	0.0005826135425270418	4.625
1.0	1.0	0.0	0.0006149390216736121	4.0625
1.0	1.0	0.0	0.0006149390216736121	4.0625
1.0	2.0	0.0	0.0010249360940595455	3.25
1.0	3.0	0.0	0.0016744614043611964	3.125
1.0	3.0	0.0	0.0014730724323830915	2.375
1.0	3.0	0.0	0.0015461473098808578	2.875
1.0	3.0	0.0	0.0015214851535577723	2.4375
1.0	3.0	0.0	0.0014757654186780271	2.6875
1.0	3.0	0.0	0.0015428965596937802	2.8125
1.0	2.0	0.0	0.0010360236382700911	3.1875
1.0	2.0	0.0	0.0010203802402375148	3.125
1.0	3.0	0.0	0.0015693600218975711	3.6875
1.0	2.0	0.0	0.0010450651739329082	3.375
1.0	1.0	0.0	0.0005746850769726454	3.75
1.0	1.0	0.0	0.0006242582628646835	4.625
1.0	0.0	0.0	0.0	0.0
1.0	1.0	0.0	0.0006685984492390817	5.090909090909091
1.0	1.0	0.0	0.0006685984492390817	5.090909090909091
1.0	1.0	0.0	0.0006685984492390817	5.090909090909091
1.0	1.0	0.0	0.0006685984492390817	5.090909090909091
1.0	2.0	0.0	0.0011765676957501557	3.272727272727273
1.0	2.0	0.0	0.0011765676957501557	3.272727272727273
1.0	1.0	0.0	0.0007000722367202561	4.0
1.0	1.0	0.0	0.0007000722367202561	4.0
1.0	2.0	0.0	0.0011664599607797022	3.090909090909091
1.0	2.0	0.0	0.0011664599607797022	3.090909090909091
1.0	2.0	0.0	0.0011978469968481364	3.6363636363636362
1.0	2.0	0.0	0.0011978469968481364	3.6363636363636362
1.0	2.0	0.0	0.0013063404717629094	3.142857142857143
1.0	2.0	0.0	0.0013063404717629094	3.142857142857143
1.0	3.0	0.0	0.0018559351821505763	4.181818181818182
1.0	3.0	0.0	0.0018559351821505763	4.181818181818182
1.0	2.0	0.0	0.0012533689492257266	2.5714285714285716
1.0	2.0	0.0	0.0012533689492257266	2.5714285714285716
1.0	2.0	0.0	0.0012295561649622647	2.2857142857142856
1.0	2.0	0.0	0.0012295561649622647	2.2857142857142856
1.0	2.0	0.0	0.0012295561649622647	2.2857142857142856
1.0	2.0	0.0	0.0012295561649622647	2.2857142857142856
1.0	2.0	0.0	0.0012533689492257266	2.5714285714285716
1.0	2.0	0.0	0.0012533689492257266	2.5714285714285716
1.0	2.0	0.0	0.0013063404717629094	3.142857142857143
1.0	2.0	0.0	0.0013063404717629094	3.142857142857143
1.0	1.0	0.0	0.0007000722367202561	4.0
1.0	1.0	0.0	0.0007000722367202561	4.0
1.0	0.0	0.0	0.0	0.0
1.0	0.0	0.0	0.0	0.0
1.0	2.0	0.0	0.0009942100474045763	2.8461538461538463
1.0	2.0	0.0	0.0009942100474045763	2.8461538461538463
1.0	2.0	0.0	0.0009942100474045765	2.8461538461538463
1.0	2.0	0.0	0.0009942100474045765	2.8461538461538463
1.0	1.0	0.0	0.0005627045571607709	3.6
1.0	1.0	0.0	0.0005627045571607708	3.6
1.0	3.0	0.0	0.0014114664121375343	2.230769230769231
1.0	3.0	0.0	0.0014114664121375343	2.230769230769231
1.0	3.0	0.0	0.0014114664121375343	2.230769230769231
1.0	3.0	0.0	0.0014114664121375343	2.230769230769231
1.0	3.0	0.0	0.0014279981544933539	2.5384615384615383
1.0	3.0	0.0	0.0014279981544933539	2.5384615384615383
1.0	3.0	0.0	0.001427998154493354	2.5384615384615383
1.0	3.0	0.0	0.001427998154493354	2.5384615384615383
1.0	2.0	0.0	0.0010189674153938486	3.4615384615384617
1.0	2.0	0.0	0.0010189674153938486	3.4615384615384617
1.0	2.0	0.0	0.0010189674153938486	3.4615384615384617
1.0	2.0	0.0	0.0010189674153938486	3.4615384615384617
1.0	3.0	0.0	0.0015015713646928902	2.6666666666666665
1.0	3.0	0.0	0.0015015713646928902	2.6666666666666665
1.0	2.0	0.0	0.0009829682864418807	2.8461538461538463
1.0	2.0	0.0	0.0009829682864418807	2.8461538461538463
1.0	2.0	0.0	0.0009829682864418807	2.8461538461538463
1.0	2.0	0.0	0.0009829682864418807	2.8461538461538463
1.0	2.0	0.0	0.000999972567388161	3.1538461538461537
1.0	2.0	0.0	0.000999972567388161	3.1538461538461537
1.0	2.0	0.0	0.000999972567388161	3.1538461538461537
1.0	2.0	0.0	0.000999972567388161	3.1538461538461537
1.0	2.0	0.0	0.0010207583064151687	3.769230769230769
1.0	2.0	0.0	0.0010207583064151687	3.769230769230769
1.0	2.0	0.0	0.0010207583064151687	3.769230769230769
1.0	2.0	0.0	0.0010207583064151687	3.769230769230769
1.0	3.0	0.0	0.0014414386527246555	2.533333333333333
1.0	3.0	0.0	0.0014414386527246553	2.533333333333333
1.0	3.0	0.0	0.0014200437685945165	2.4
1.0	3.0	0.0	0.0014200437685945165	2.4
1.0	2.0	0.0	0.001006050554983381	3.2
1.0	2.0	0.0	0.0009985871940629831	3.066666666666667
1.0	2.0	0.0	0.001006050554983381	3.2
1.0	2.0	0.0	0.0010252960396325856	3.8666666666666667
1.0	2.0	0.0	0.0010229835134905297	3.7333333333333334
1.0	2.0	0.0	0.0009985871940629831	3.066666666666667
1.0	2.0	0.0	0.0010252960396325856	3.8666666666666667
1.0	2.0	0.0	0.0010229835134905297	3.7333333333333334
1.0	1.0	0.0	0.0005480240012348801	4.1
1.0	3.0	0.0	0.0014570430356552855	3.75
1.0	3.0	0.0	0.0014231796326081183	3.3
1.0	2.0	0.0	0.0009747925745402563	3.45
1.0	2.0	0.0	0.0010187912877906284	4.5
1.0	2.0	0.0	0.0010187912877906284	4.5
1.0	2.0	0.0	0.001044619485962739	5.25
1.0	2.0	0.0	0.001044619485962739	5.25
1.0	2.0	0.0	0.0010517510103845186	6.0
1.0	2.0	0.0	0.0009666781158052388	3.4
1.0	3.0	0.0	0.0014536311539053467	3.15
1.0	3.0	0.0	0.0013879293973038088	3.25
1.0	3.0	0.0	0.0014010873609440976	3.1
1.0	3.0	0.0	0.0013983117308189771	3.6
1.0	2.0	0.0	0.0009716979863051174	3.65
1.0	3.0	0.0	0.0014188523560234086	4.15
1.0	2.0	0.0	0.0009745811813824203	4.0
1.0	2.0	0.0	0.0009886658020038623	4.35
1.0	2.0	0.0	0.0009949238013984038	4.9
1.0	2.0	0.0	0.0010141690383971504	5.1
1.0	2.0	0.0	0.001016883842805944	5.65
1.0	1.0	0.0	0.0005979052468320405	3.4285714285714284
1.0	3.0	0.0	0.0018177758618851706	3.857142857142857
1.0	2.0	0.0	0.0011578791871861656	3.2142857142857144
1.0	3.0	0.0	0.0016722167435057368	2.7142857142857144
1.0	3.0	0.0	0.001555764742011976	2.5714285714285716
1.0	3.0	0.0	0.0016172888669068232	2.5
1.0	3.0	0.0	0.0015953203315589835	3.0714285714285716
1.0	2.0	0.0	0.0010636117858430602	3.2142857142857144
1.0	1.0	0.0	0.0006568115661641224	4.785714285714286
1.0	1.0	0.0	0.0006568115661641224	4.785714285714286
1.0	2.0	0.0	0.0010784427644067686	3.7142857142857144
1.0	1.0	0.0	0.0005911427558968135	4.0
1.0	2.0	0.0	0.0010784836389266348	3.857142857142857
1.0	2.0	0.0	0.0010822607111395958	4.357142857142857
1.0	1.0	0.0	0.0006133010665888219	3.642857142857143
1.0	1.0	0.0	0.0005974420207858171	3.6
1.0	3.0	0.0	0.0018170521406299105	4.133333333333334
1.0	3.0	0.0	0.0015535491612315225	2.6666666666666665
1.0	2.0	0.0	0.001158090884745637	3.466666666666667
1.0	3.0	0.0	0.0015942481191261871	3.066666666666667
1.0	3.0	0.0	0.001671155851124161	2.933333333333333
1.0	3.0	0.0	0.001617233269061162	2.6666666666666665
1.0	3.0	0.0	0.0016190958461371708	4.133333333333334
1.0	2.0	0.0	0.0010757563138821039	3.6
1.0	2.0	0.0	0.0010627440377513973	3.2
1.0	2.0	0.0	0.0010757303982399146	3.7333333333333334
1.0	1.0	0.0	0.0005902999736107264	4.0
1.0	1.0	0.0	0.0006569391582083413	5.066666666666666
1.0	1.0	0.0	0.0006569391582083413	5.066666666666666
1.0	1.0	0.0	0.0005976897858381565	5.066666666666666
1.0	1.0	0.0	0.0006133851721040745	3.8666666666666667
1.0	1.0	0.0	0.0005525721989311552	6.942857142857143
1.0	1.0	0.0	0.0005525721989311552	6.942857142857143
1.0	1.0	0.0	0.0005525721989311552	6.942857142857143
1.0	1.0	0.0	0.0005525721989311552	6.942857142857143
1.0	3.0	0.0	0.0015793291020159703	5.114285714285714
1.0	3.0	0.0	0.0014504159277110133	5.457142857142857
1.0	3.0	0.0	0.0014504159277110133	5.457142857142857
1.0	2.0	0.0	0.00104312856427318	5.171428571428572
1.0	2.0	0.0	0.00104312856427318	5.171428571428572
1.0	2.0	0.0	0.001017532777393851	5.285714285714286
1.0	2.0	0.0	0.001017532777393851	5.285714285714286
1.0	3.0	0.0	0.0013841829229275194	6.942857142857143
1.0	3.0	0.0	0.0013841829229275194	6.942857142857143
1.0	3.0	0.0	0.0014108021514524691	6.428571428571429
1.0	3.0	0.0	0.0014108021514524691	6.428571428571429
1.0	3.0	0.0	0.0014108021514524691	6.428571428571429
1.0	3.0	0.0	0.0014108021514524691	6.428571428571429
1.0	3.0	0.0	0.001468970836595056	5.9714285714285715
1.0	3.0	0.0	0.001468970836595056	5.9714285714285715
1.0	3.0	0.0	0.001468970836595056	5.9714285714285715
1.0	3.0	0.0	0.001468970836595056	5.9714285714285715
1.0	1.0	0.0	0.0005856235888576982	6.085714285714285
1.0	3.0	0.0	0.00141487439135461	7.685714285714286
1.0	3.0	0.0	0.00141487439135461	7.685714285714286
1.0	2.0	0.0	0.0009858728947200802	7.285714285714286
1.0	2.0	0.0	0.0009858728947200802	7.285714285714286
1.0	2.0	0.0	0.0009858728947200802	7.285714285714286
1.0	2.0	0.0	0.0009858728947200802	7.285714285714286
1.0	2.0	0.0	0.0009870828615035983	8.542857142857143
1.0	2.0	0.0	0.0009870828615035983	8.542857142857143
1.0	2.0	0.0	0.0009870828615035983	8.542857142857143
1.0	2.0	0.0	0.0009870828615035983	8.542857142857143
1.0	2.0	0.0	0.000999403693259239	8.028571428571428
1.0	2.0	0.0	0.000999403693259239	8.028571428571428
1.0	2.0	0.0	0.000999403693259239	8.028571428571428
1.0	2.0	0.0	0.000999403693259239	8.028571428571428
1.0	4.0	0.0	0.00228643440665233	2.0
1.0	1.0	0.0	0.000625249562805977	2.888888888888889
1.0	1.0	0.0	0.000625249562805977	2.888888888888889
1.0	1.0	0.0	0.000625249562805977	2.888888888888889
1.0	4.0	0.0	0.001984676266306452	2.4285714285714284
1.0	2.0	0.0	0.0010395730987891926	3.357142857142857
1.0	1.0	0.0	0.0006448261548406935	4.785714285714286
1.0	2.0	0.0	0.0010294737281843725	3.142857142857143
1.0	2.0	0.0	0.0010294737281843725	3.142857142857143
1.0	2.0	0.0	0.0010465062960938237	3.857142857142857
1.0	2.0	0.0	0.001046506296093824	3.857142857142857
1.0	2.0	0.0	0.0010091294019538817	2.5
1.0	2.0	0.0	0.001091179947900285	3.0714285714285716
1.0	3.0	0.0	0.0015030988293015953	2.7142857142857144
1.0	2.0	0.0	0.0011841017103843376	3.857142857142857
1.0	2.0	0.0	0.0010395730987891926	3.357142857142857
1.0	2.0	0.0	0.0010605349264191154	4.0
1.0	2.0	0.0	0.0010605349264191154	4.0
1.0	2.0	0.0	0.001065828425356584	4.642857142857143
1.0	3.0	0.0	0.00160100669764682	1.7777777777777777
1.0	2.0	0.0	0.0010873446080488496	2.2222222222222223
1.0	2.0	0.0	0.0010873446080488496	2.2222222222222223
1.0	2.0	0.0	0.0010932351101803745	2.6666666666666665
1.0	2.0	0.0	0.0010932351101803745	2.6666666666666665
1.0	2.0	0.0	0.0010989953275023626	3.111111111111111
1.0	1.0	0.0	0.0005718732048380823	4.333333333333333
1.0	3.0	0.0	0.0014864857279068807	3.0952380952380953
1.0	3.0	0.0	0.0014531690138282248	3.0
1.0	3.0	0.0	0.0014531690138282248	3.0
1.0	4.0	0.0	0.002042933729509951	3.380952380952381
1.0	2.0	0.0	0.0010078191690069773	3.4761904761904763
1.0	2.0	0.0	0.0010078191690069773	3.4761904761904763
1.0	3.0	0.0	0.0014715258900375966	3.4761904761904763
1.0	3.0	0.0	0.0014715258900375966	3.4761904761904763
1.0	1.0	0.0	0.0005581848557007408	4.0476190476190474
1.0	2.0	0.0	0.001130889251067465	4.238095238095238
1.0	2.0	0.0	0.0010259169501533932	4.238095238095238
1.0	2.0	0.0	0.0010259169501533932	4.238095238095238
1.0	2.0	0.0	0.0010259169501533932	4.238095238095238
1.0	2.0	0.0	0.0010259169501533932	4.238095238095238
1.0	2.0	0.0	0.001049435177611026	5.0
1.0	2.0	0.0	0.001049435177611026	5.0
1.0	2.0	0.0	0.001049435177611026	5.0
1.0	2.0	0.0	0.001049435177611026	5.0
1.0	2.0	0.0	0.0010566970489926154	5.761904761904762
1.0	2.0	0.0	0.0010566970489926154	5.761904761904762
1.0	1.0	0.0	0.0006211605008797342	5.190476190476191
1.0	1.0	0.0	0.0004984316942441903	6.056603773584905
1.0	2.0	0.0	0.00092606653755142	5.471698113207547
1.0	2.0	0.0	0.0009447061813371925	7.490566037735849
1.0	1.0	0.0	0.0005192451456783233	5.773584905660377
1.0	2.0	0.0	0.00108732328384205	7.018867924528302
1.0	2.0	0.0	0.001153211558117833	7.660377358490566
1.0	1.0	0.0	0.0005851461844997487	7.69811320754717
1.0	3.0	0.0	0.0012952820508514002	4.754716981132075
1.0	3.0	0.0	0.001324987709977668	6.90566037735849
1.0	3.0	0.0	0.0013123429057726658	5.0
1.0	2.0	0.0	0.0009186927542979143	7.113207547169812
1.0	4.0	0.0	0.0016821409913188054	5.433962264150943
1.0	4.0	0.0	0.0017164314458582015	5.0754716981132075
1.0	3.0	0.0	0.0012737034383431994	6.056603773584905
1.0	4.0	0.0	0.0017133575402361997	5.716981132075472
1.0	3.0	0.0	0.0012951657405296838	4.735849056603773
1.0	4.0	0.0	0.0017042288113635427	4.339622641509434
1.0	2.0	0.0	0.0008862813734793548	5.3584905660377355
1.0	2.0	0.0	0.0008842306580629614	4.660377358490566
1.0	4.0	0.0	0.0017101407505847755	4.754716981132075
1.0	3.0	0.0	0.0012971941938882763	4.547169811320755
1.0	3.0	0.0	0.0012732686100356333	5.2075471698113205
1.0	2.0	0.0	0.0008842725188414248	4.679245283018868
1.0	2.0	0.0	0.0009029306059493266	6.320754716981132
1.0	3.0	0.0	0.0013429358252276937	6.566037735849057
1.0	3.0	0.0	0.0013567045633690906	4.7924528301886795
1.0	3.0	0.0	0.001317539897660021	5.60377358490566
1.0	4.0	0.0	0.0017002476946255628	5.6415094339622645
1.0	2.0	0.0	0.0009273241053400046	6.6415094339622645
1.0	2.0	0.0	0.0009160470055192574	7.056603773584905
1.0	3.0	0.0	0.001329804153794375	5.245283018867925
1.0	2.0	0.0	0.0009216895264760845	5.679245283018868
1.0	2.0	0.0	0.0009298121705515019	7.754716981132075
1.0	2.0	0.0	0.0009335352858562685	7.415094339622642
1.0	2.0	0.0	0.0009155733447115391	5.415094339622642
1.0	2.0	0.0	0.0009059012326721381	6.0
1.0	2.0	0.0	0.0009135930277568131	5.679245283018868
1.0	2.0	0.0	0.0009546454538328219	7.528301886792453
1.0	3.0	0.0	0.0013267658069339753	6.30188679245283
1.0	2.0	0.0	0.0009437224052879709	6.037735849056604
1.0	3.0	0.0	0.0013951802724679022	5.849056603773585
1.0	3.0	0.0	0.0013344473234966308	6.415094339622642
1.0	2.0	0.0	0.0009509230350889974	6.509433962264151
1.0	3.0	0.0	0.0014456315660356257	6.0754716981132075
1.0	3.0	0.0	0.0013614885673352691	7.150943396226415
1.0	2.0	0.0	0.000985326713050821	7.339622641509434
1.0	2.0	0.0	0.0009893579013961484	6.981132075471698
1.0	2.0	0.0	0.0009583274360339282	7.320754716981132
1.0	3.0	0.0	0.0015763847059293641	6.716981132075472
1.0	2.0	0.0	0.0009677045433355359	8.056603773584905
1.0	2.0	0.0	0.0009905019566033017	8.226415094339623
1.0	2.0	0.0	0.0009934665316552451	8.962264150943396
1.0	1.0	0.0	0.0006015088391205218	8.0
1.0	1.0	0.0	0.0006311870302344056	8.641509433962264
1.0	1.0	0.0	0.0005979221411662751	5.529411764705882
1.0	1.0	0.0	0.0005806892304296519	3.9411764705882355
1.0	3.0	0.0	0.0015622210537660761	2.8823529411764706
1.0	3.0	0.0	0.0015289493078224122	3.0
1.0	2.0	0.0	0.0010536372230215024	3.588235294117647
1.0	2.0	0.0	0.0010533474286170657	3.5294117647058822
1.0	2.0	0.0	0.0010726728251224584	4.117647058823529
1.0	2.0	0.0	0.0010718871425247126	4.0588235294117645
1.0	2.0	0.0	0.0010806090993436468	4.647058823529412
1.0	3.0	0.0	0.0016191222397869834	4.588235294117647
1.0	1.0	0.0	0.0005808544132209253	3.823529411764706
1.0	3.0	0.0	0.0015613319615816834	3.0
1.0	3.0	0.0	0.0015265973067292563	3.3529411764705883
1.0	2.0	0.0	0.0010508589524101278	4.0588235294117645
1.0	2.0	0.0	0.0010508589524101278	4.0588235294117645
1.0	2.0	0.0	0.0010684025764004445	4.764705882352941
1.0	2.0	0.0	0.0010684025764004445	4.764705882352941
1.0	2.0	0.0	0.0010736557712664081	5.470588235294118
1.0	2.0	0.0	0.0009521082391512661	3.590909090909091
1.0	1.0	0.0	0.0005307132759955449	4.136363636363637
1.0	3.0	0.0	0.0013528617613908784	3.0454545454545454
1.0	3.0	0.0	0.0013296770509405654	3.0454545454545454
1.0	2.0	0.0	0.0009360038292987334	3.8636363636363638
1.0	3.0	0.0	0.0013444760425196534	3.3181818181818183
1.0	2.0	0.0	0.0009388153013798764	3.727272727272727
1.0	2.0	0.0	0.0009405881264979389	3.590909090909091
1.0	4.0	0.0	0.0018600465519491348	3.1818181818181817
1.0	3.0	0.0	0.0013694923856318762	3.727272727272727
1.0	2.0	0.0	0.0009591493572500467	3.590909090909091
1.0	3.0	0.0	0.0013607776185549734	3.4545454545454546
1.0	3.0	0.0	0.0014419116619419597	3.6818181818181817
1.0	3.0	0.0	0.0013851723069348552	4.136363636363637
1.0	2.0	0.0	0.0009742518270627541	4.5
1.0	2.0	0.0	0.001012568330515698	4.454545454545454
1.0	2.0	0.0	0.001012568330515698	4.454545454545454
1.0	2.0	0.0	0.0009796583737083358	4.909090909090909
1.0	2.0	0.0	0.0010025144461187055	5.2727272727272725
1.0	2.0	0.0	0.0010042548731108106	5.681818181818182
1.0	2.0	0.0	0.0010392143005029456	5.2272727272727275
1.0	2.0	0.0	0.0010392143005029456	5.2272727272727275
1.0	2.0	0.0	0.0010476541888839509	6.0
1.0	1.0	0.0	0.0006606430843081651	9.071428571428571
1.0	1.0	0.0	0.0006606430843081651	9.071428571428571
1.0	2.0	0.0	0.0011800795853816638	6.928571428571429
1.0	1.0	0.0	0.0005971645731264437	5.821428571428571
1.0	1.0	0.0	0.0006171547699680089	7.071428571428571
1.0	2.0	0.0	0.0010813503286739733	5.107142857142857
1.0	3.0	0.0	0.0015929355330383946	6.392857142857143
1.0	1.0	0.0	0.0005921936734187556	5.714285714285714
1.0	2.0	0.0	0.0011341474335016077	6.178571428571429
1.0	3.0	0.0	0.00179323399869192	7.0
1.0	3.0	0.0	0.001614350119432676	5.428571428571429
1.0	3.0	0.0	0.0016004669276246887	4.75
1.0	2.0	0.0	0.0010441297940094751	4.785714285714286
1.0	1.0	0.0	0.0006499616779540782	7.964285714285714
1.0	1.0	0.0	0.0006499616779540782	7.964285714285714
1.0	3.0	0.0	0.0016162142875273187	4.857142857142857
1.0	3.0	0.0	0.0016826470605902477	6.107142857142857
1.0	3.0	0.0	0.0015078427065374712	4.892857142857143
1.0	3.0	0.0	0.0015156020473338166	5.857142857142857
1.0	2.0	0.0	0.0010272390354572896	5.214285714285714
1.0	2.0	0.0	0.0010272390354572896	5.214285714285714
1.0	2.0	0.0	0.0010302118797442267	5.535714285714286
1.0	2.0	0.0	0.0010302118797442267	5.535714285714286
1.0	2.0	0.0	0.0011378727474756203	7.214285714285714
1.0	2.0	0.0	0.0011378727474756203	7.214285714285714
1.0	2.0	0.0	0.001220247797394404	8.107142857142858
1.0	2.0	0.0	0.001220247797394404	8.107142857142858
1.0	2.0	0.0	0.0012506756698614204	7.821428571428571
1.0	1.0	0.0	0.0006751582609804338	8.785714285714286
1.0	2.0	0.0	0.001051258921747783	3.8823529411764706
1.0	1.0	0.0	0.0005951879181394867	6.470588235294118
1.0	1.0	0.0	0.0005857185409367503	4.470588235294118
1.0	2.0	0.0	0.001054078733540588	4.9411764705882355
1.0	2.0	0.0	0.001054078733540588	4.9411764705882355
1.0	2.0	0.0	0.0010756689780801803	6.352941176470588
1.0	2.0	0.0	0.0010718891538874214	5.647058823529412
1.0	2.0	0.0	0.0010718891538874214	5.647058823529412
1.0	3.0	0.0	0.001535937943181194	4.235294117647059
1.0	2.0	0.0	0.0010658249290857206	3.6470588235294117
1.0	2.0	0.0	0.0010646164954006459	3.5294117647058822
1.0	3.0	0.0	0.0015809425794982327	3.5294117647058822
1.0	3.0	0.0	0.0015336489061842055	3.764705882352941
1.0	2.0	0.0	0.0010551316919581804	4.352941176470588
1.0	2.0	0.0	0.0010551316919581804	4.352941176470588
1.0	2.0	0.0	0.0010691531007632144	4.9411764705882355
1.0	2.0	0.0	0.0010691531007632144	4.9411764705882355
1.0	3.0	0.0	0.001612709629467197	5.529411764705882
1.0	1.0	0.0	0.0005881028120921768	9.763157894736842
1.0	1.0	0.0	0.0005917364953282862	9.68421052631579
1.0	1.0	0.0	0.0005942271956228679	10.5
1.0	4.0	0.0	0.002227765735762339	7.973684210526316
1.0	1.0	0.0	0.0006126177754236505	8.947368421052632
1.0	2.0	0.0	0.0010368301896604222	6.578947368421052
1.0	1.0	0.0	0.000573558582666143	6.5
1.0	1.0	0.0	0.0006126177754236505	8.947368421052632
1.0	1.0	0.0	0.0006126177754236505	8.947368421052632
1.0	3.0	0.0	0.0014700874397768344	5.131578947368421
1.0	3.0	0.0	0.0014566775940384436	5.7105263157894735
1.0	2.0	0.0	0.0009886340626353877	5.157894736842105
1.0	3.0	0.0	0.0014544230507249716	5.2368421052631575
1.0	2.0	0.0	0.0009924116606985292	6.105263157894737
1.0	2.0	0.0	0.0010017373594753845	5.7894736842105265
1.0	2.0	0.0	0.000984369573767973	5.473684210526316
1.0	3.0	0.0	0.0014820311839261625	6.552631578947368
1.0	2.0	0.0	0.001006003790137287	6.105263157894737
1.0	2.0	0.0	0.0010065816881101824	6.578947368421052
1.0	3.0	0.0	0.0014975330912194796	6.5
1.0	3.0	0.0	0.00153657877507988	5.526315789473684
1.0	3.0	0.0	0.0015267340700213401	7.157894736842105
1.0	2.0	0.0	0.001019084685781599	6.342105263157895
1.0	2.0	0.0	0.0010285167701078208	7.368421052631579
1.0	2.0	0.0	0.0010403981892624589	6.026315789473684
1.0	2.0	0.0	0.0010469566691335113	7.973684210526316
1.0	2.0	0.0	0.0010370943196617455	7.368421052631579
1.0	2.0	0.0	0.0010370943196617455	7.368421052631579
1.0	2.0	0.0	0.0010517438251859443	8.18421052631579
1.0	3.0	0.0	0.0015834475091831756	8.789473684210526
1.0	2.0	0.0	0.0010585523355981265	8.236842105263158
1.0	2.0	0.0	0.0010585523355981265	8.236842105263158
1.0	2.0	0.0	0.0010641903698484197	9.105263157894736
1.0	3.0	0.0	0.0015231765570674293	7.184210526315789
1.0	2.0	0.0	0.0010484612556083475	7.947368421052632
1.0	2.0	0.0	0.0010485943384081734	8.0
1.0	3.0	0.0	0.0015990110033445078	8.710526315789474
1.0	2.0	0.0	0.001066309606590933	8.763157894736842
1.0	3.0	0.0	0.001605982003986666	9.526315789473685
1.0	2.0	0.0	0.0009555757413430362	4.955555555555556
1.0	2.0	0.0	0.0011047932817653617	6.4222222222222225
1.0	2.0	0.0	0.0010998528555118585	6.644444444444445
1.0	2.0	0.0	0.0011161389513110551	7.133333333333334
1.0	2.0	0.0	0.001110935591948325	7.311111111111111
1.0	1.0	0.0	0.0005623827790275073	7.355555555555555
1.0	3.0	0.0	0.001488189684817333	5.8
1.0	3.0	0.0	0.0014897715605053253	6.155555555555556
1.0	3.0	0.0	0.0014053252632114945	4.955555555555556
1.0	3.0	0.0	0.001408595365699914	5.311111111111111
1.0	3.0	0.0	0.001378183656871446	4.822222222222222
1.0	3.0	0.0	0.001387004666391324	5.177777777777778
1.0	2.0	0.0	0.0010033745151470717	6.511111111111111
1.0	3.0	0.0	0.0014148415373465124	5.533333333333333
1.0	2.0	0.0	0.0009881705564354967	6.377777777777778
1.0	2.0	0.0	0.0009627543114313596	5.222222222222222
1.0	2.0	0.0	0.0010033743480479867	6.866666666666666
1.0	3.0	0.0	0.0014121056506289245	5.888888888888889
1.0	2.0	0.0	0.0009876243289134432	6.733333333333333
1.0	2.0	0.0	0.0009633958732712345	5.5777777777777775
1.0	3.0	0.0	0.0013999190732793213	4.777777777777778
1.0	2.0	0.0	0.000951658556705831	5.133333333333334
1.0	3.0	0.0	0.0014292547030898173	5.355555555555555
1.0	1.0	0.0	0.0005586804684141772	6.777777777777778
1.0	2.0	0.0	0.0009875213825852021	6.2444444444444445
1.0	3.0	0.0	0.001411854721581288	5.0
1.0	3.0	0.0	0.0014286559978782074	5.711111111111111
1.0	2.0	0.0	0.000977141643172563	5.844444444444444
1.0	1.0	0.0	0.0005590680945773146	7.133333333333334
1.0	3.0	0.0	0.0014800921140197933	5.488888888888889
1.0	3.0	0.0	0.0014700139042154723	5.711111111111111
1.0	3.0	0.0	0.0015030951896818712	6.2
1.0	2.0	0.0	0.0009687900797785903	5.488888888888889
1.0	2.0	0.0	0.0009675440668182335	5.8
1.0	3.0	0.0	0.0014249867402598862	5.533333333333333
1.0	3.0	0.0	0.00142314038351529	5.5777777777777775
1.0	2.0	0.0	0.0009959922083666735	6.2
1.0	2.0	0.0	0.0009939196015234068	6.511111111111111
1.0	3.0	0.0	0.001501060780538733	6.377777777777778
1.0	3.0	0.0	0.0014919494956372485	6.377777777777778
1.0	2.0	0.0	0.001010430894805516	6.333333333333333
1.0	2.0	0.0	0.0010073504687224443	6.6
1.0	1.0	0.0	0.0006093160246597678	7.4
1.0	1.0	0.0	0.0006070086262609512	7.622222222222222
1.0	1.0	0.0	0.0006145643681525851	8.11111111111111
1.0	1.0	0.0	0.0006119848528520992	8.28888888888889
1.0	1.0	0.0	0.0005922958974085653	7.130434782608695
1.0	2.0	0.0	0.0010633237176725964	7.304347826086956
1.0	2.0	0.0	0.0010392588907443328	4.086956521739131
1.0	1.0	0.0	0.0005801808771885486	5.304347826086956
1.0	3.0	0.0	0.001494242692391021	4.956521739130435
1.0	2.0	0.0	0.001035799240702779	5.739130434782608
1.0	2.0	0.0	0.001035799240702779	5.739130434782608
1.0	2.0	0.0	0.0009978807320563427	4.434782608695652
1.0	2.0	0.0	0.0010573980650287532	6.521739130434782
1.0	2.0	0.0	0.0010573980650287532	6.521739130434782
1.0	3.0	0.0	0.001459235448173903	4.0
1.0	3.0	0.0	0.0014675749318960164	3.8260869565217392
1.0	2.0	0.0	0.0010161386540192595	4.782608695652174
1.0	2.0	0.0	0.0010201490416013523	3.9130434782608696
1.0	2.0	0.0	0.0010194225800263974	4.608695652173913
1.0	2.0	0.0	0.0010364736896115293	5.565217391304348
1.0	2.0	0.0	0.0010371488719797678	5.391304347826087
1.0	3.0	0.0	0.0015591836658339514	4.3478260869565215
1.0	3.0	0.0	0.001525624069023239	4.782608695652174
1.0	2.0	0.0	0.0010497144398031281	5.478260869565218
1.0	2.0	0.0	0.0010499279868294456	5.565217391304348
1.0	3.0	0.0	0.001601296042370156	6.173913043478261
1.0	2.0	0.0	0.0010679881996576506	6.260869565217392
1.0	2.0	0.0	0.001072571896276669	6.956521739130435
1.0	2.0	0.0	0.0009544602184356311	6.34375
1.0	1.0	0.0	0.0006083700926662032	8.09375
1.0	1.0	0.0	0.0006083700926662032	8.09375
1.0	1.0	0.0	0.0006083700926662032	8.09375
1.0	1.0	0.0	0.0006820405007243508	11.84375
1.0	3.0	0.0	0.0014860140857748424	5.5625
1.0	3.0	0.0	0.0015146627964344116	6.96875
1.0	3.0	0.0	0.0013927215925373046	4.8125
1.0	2.0	0.0	0.001152878877889178	9.125
1.0	2.0	0.0	0.0010189601679194765	6.03125
1.0	2.0	0.0	0.0010189601679194765	6.03125
1.0	2.0	0.0	0.0010258372138605286	6.5
1.0	2.0	0.0	0.0010258372138605286	6.5
1.0	2.0	0.0	0.0010124301359491228	5.28125
1.0	2.0	0.0	0.0010117020377919009	5.0625
1.0	2.0	0.0	0.0010670323054031668	7.625
1.0	2.0	0.0	0.0009841548902025487	4.90625
1.0	2.0	0.0	0.0011105395832489797	8.34375
1.0	3.0	0.0	0.001391149102738792	5.15625
1.0	3.0	0.0	0.0013943341905007787	5.40625
1.0	3.0	0.0	0.0014049640801170496	5.75
1.0	3.0	0.0	0.0014072289162425603	6.0
1.0	2.0	0.0	0.0009818766462504473	5.75
1.0	2.0	0.0	0.0012005054264727201	9.96875
1.0	2.0	0.0	0.0009868724518884847	6.25
1.0	3.0	0.0	0.0015022415112766342	6.34375
1.0	2.0	0.0	0.0009858092374456897	6.34375
1.0	2.0	0.0	0.0009892689440113944	6.84375
1.0	2.0	0.0	0.0010082076551527265	6.9375
1.0	2.0	0.0	0.0010112213593697367	7.09375
1.0	2.0	0.0	0.0012669928562335404	10.875
1.0	2.0	0.0	0.0010137413101195185	7.6875
1.0	4.0	0.0	0.002209281283266913	7.125
1.0	0.0	0.0	0.0	0.0
1.0	1.0	0.0	0.0006937657612281089	5.0
1.0	1.0	0.0	0.0006937657612281089	5.0
1.0	1.0	0.0	0.0006937657612281089	5.0
1.0	1.0	0.0	0.0006937657612281089	5.0
1.0	4.0	0.0	0.0027285061470396403	1.0
1.0	1.0	0.0	0.0007207915328248262	1.75
1.0	1.0	0.0	0.0007207915328248262	1.75
1.0	1.0	0.0	0.0007207915328248262	1.75
1.0	1.0	0.0	0.0007207915328248262	1.75
1.0	2.0	0.0	0.0012025924569691905	3.0
1.0	2.0	0.0	0.0012025924569691905	3.0
1.0	2.0	0.0	0.0012025924569691905	3.0
1.0	2.0	0.0	0.0012025924569691905	3.0
1.0	2.0	0.0	0.0011879478603080444	2.7777777777777777
1.0	2.0	0.0	0.0011879478603080444	2.7777777777777777
1.0	2.0	0.0	0.0011879478603080444	2.7777777777777777
1.0	2.0	0.0	0.0011879478603080444	2.7777777777777777
1.0	2.0	0.0	0.001234888354463953	3.4444444444444446
1.0	2.0	0.0	0.001234888354463953	3.4444444444444446
1.0	2.0	0.0	0.001234888354463953	3.4444444444444446
1.0	2.0	0.0	0.001234888354463953	3.4444444444444446
1.0	2.0	0.0	0.0012924778453696506	4.111111111111111
1.0	2.0	0.0	0.0012924778453696506	4.111111111111111
1.0	2.0	0.0	0.0012924778453696506	4.111111111111111
1.0	2.0	0.0	0.0012924778453696506	4.111111111111111
1.0	2.0	0.0	0.0009854344708308143	3.0526315789473686
1.0	1.0	0.0	0.0005703927185483602	4.578947368421052
1.0	2.0	0.0	0.0010899226489917537	3.6315789473684212
1.0	2.0	0.0	0.0009600267032930303	4.0
1.0	4.0	0.0	0.0018447118025072015	2.4210526315789473
1.0	3.0	0.0	0.0014507647713572717	2.789473684210526
1.0	2.0	0.0	0.0009623958302273942	3.1052631578947367
1.0	3.0	0.0	0.0013676212978583355	2.526315789473684
1.0	3.0	0.0	0.0013536315450709767	2.8421052631578947
1.0	3.0	0.0	0.0013829691474921701	3.210526315789474
1.0	2.0	0.0	0.0009854344708308143	3.0526315789473686
1.0	3.0	0.0	0.0013872358458769888	3.4210526315789473
1.0	2.0	0.0	0.000965105050640106	3.263157894736842
1.0	2.0	0.0	0.000959148842949361	3.8947368421052633
1.0	3.0	0.0	0.001527209818341957	3.6315789473684212
1.0	3.0	0.0	0.001527209818341957	3.6315789473684212
1.0	2.0	0.0	0.000970982315289469	4.157894736842105
1.0	2.0	0.0	0.0009834317120679913	3.8421052631578947
1.0	1.0	0.0	0.0006026675842914674	4.578947368421052
1.0	1.0	0.0	0.0005703927185483602	4.578947368421052
1.0	3.0	0.0	0.0017431886235051994	5.333333333333333
1.0	3.0	0.0	0.0017431886235051994	5.333333333333333
1.0	4.0	0.0	0.0022330642722231757	5.555555555555555
1.0	4.0	0.0	0.0022330642722231757	5.555555555555555
1.0	3.0	0.0	0.001536339053773184	4.814814814814815
1.0	3.0	0.0	0.001536339053773184	4.814814814814815
1.0	3.0	0.0	0.0014498876600251866	3.5555555555555554
1.0	3.0	0.0	0.0014498876600251866	3.5555555555555554
1.0	3.0	0.0	0.0014943795718509443	3.7777777777777777
1.0	3.0	0.0	0.0014943795718509443	3.7777777777777777
1.0	2.0	0.0	0.0010216947411998156	4.296296296296297
1.0	2.0	0.0	0.0010216947411998156	4.296296296296297
1.0	2.0	0.0	0.0010276864982657523	4.592592592592593
1.0	2.0	0.0	0.0010276864982657523	4.592592592592593
1.0	1.0	0.0	0.0006143949523222594	6.518518518518518
1.0	1.0	0.0	0.0006143949523222594	6.518518518518518
1.0	1.0	0.0	0.0006143949523222594	6.518518518518518
1.0	1.0	0.0	0.0006143949523222594	6.518518518518518
1.0	1.0	0.0	0.0006143949523222594	6.518518518518518
1.0	1.0	0.0	0.0006143949523222594	6.518518518518518
1.0	2.0	0.0	0.0010094693843860536	4.074074074074074
1.0	2.0	0.0	0.0010094693843860536	4.074074074074074
1.0	2.0	0.0	0.0010835074215455117	4.518518518518518
1.0	2.0	0.0	0.0010835074215455117	4.518518518518518
1.0	1.0	0.0	0.0006351401478037224	6.296296296296297
1.0	1.0	0.0	0.0006351401478037224	6.296296296296297
1.0	1.0	0.0	0.0006351401478037224	6.296296296296297
1.0	1.0	0.0	0.0006351401478037224	6.296296296296297
