Constant_feature	Degree	Clustering_coefficient	Pagerank	Aver_path_len
1.0	1.0	0.0	0.026858275801060923	5.222222222222222
1.0	2.0	0.0	0.05332380222520733	4.055555555555555
1.0	1.0	0.0	0.027612649450358392	4.277777777777778
1.0	2.0	0.0	0.04564118555875394	3.0
1.0	3.0	0.0	0.06602564407738867	2.888888888888889
1.0	3.0	0.0	0.0654914649874648	2.888888888888889
1.0	2.0	0.0	0.046062154102183867	3.6666666666666665
1.0	2.0	0.0	0.045901372955880336	3.6666666666666665
1.0	2.0	0.0	0.0466467366010238	4.055555555555555
1.0	3.0	0.0	0.0679595519016965	2.8333333333333335
1.0	3.0	0.0	0.0658807664802664	3.0555555555555554
1.0	3.0	0.0	0.06663654955700124	3.0
1.0	3.0	0.0	0.07449672514184619	3.3333333333333335
1.0	2.0	0.0	0.04662287461877169	3.6666666666666665
1.0	2.0	0.0	0.04682091460114649	3.611111111111111
1.0	3.0	0.0	0.07198223116537877	4.277777777777778
1.0	2.0	0.0	0.04792812676976633	4.222222222222222
1.0	2.0	0.0	0.05713466333521819	4.888888888888889
1.0	1.0	0.0	0.03097431066958578	5.833333333333333
