Constant_feature	Degree	Clustering_coefficient	Pagerank	Aver_path_len
1.0	1.0	0.0	0.0173128590238246	5.607142857142857
1.0	1.0	0.0	0.0173128590238246	5.607142857142857
1.0	1.0	0.0	0.0173128590238246	5.607142857142857
1.0	1.0	0.0	0.0173128590238246	5.607142857142857
1.0	4.0	0.0	0.05294911560881218	2.7142857142857144
1.0	3.0	0.0	0.04125172481779394	3.142857142857143
1.0	3.0	0.0	0.04125172481779394	3.142857142857143
1.0	3.0	0.0	0.04125172481779394	3.142857142857143
1.0	3.0	0.0	0.04125172481779394	3.142857142857143
1.0	3.0	0.0	0.04176465073203791	3.607142857142857
1.0	3.0	0.0	0.04176465073203791	3.607142857142857
1.0	3.0	0.0	0.04176465073203791	3.607142857142857
1.0	3.0	0.0	0.04176465073203791	3.607142857142857
1.0	2.0	0.0	0.029688068960510402	3.892857142857143
1.0	2.0	0.0	0.029688068960510402	3.892857142857143
1.0	2.0	0.0	0.029688068960510402	3.892857142857143
1.0	2.0	0.0	0.029688068960510402	3.892857142857143
1.0	2.0	0.0	0.029804217535904287	4.357142857142857
1.0	2.0	0.0	0.029804217535904287	4.357142857142857
1.0	2.0	0.0	0.029804217535904287	4.357142857142857
1.0	2.0	0.0	0.029804217535904287	4.357142857142857
1.0	3.0	0.0	0.046216724988154545	4.642857142857143
1.0	3.0	0.0	0.046216724988154545	4.642857142857143
1.0	3.0	0.0	0.046216724988154545	4.642857142857143
1.0	3.0	0.0	0.046216724988154545	4.642857142857143
1.0	2.0	0.0	0.03072447503957125	5.107142857142857
1.0	2.0	0.0	0.03072447503957125	5.107142857142857
1.0	2.0	0.0	0.03072447503957125	5.107142857142857
1.0	2.0	0.0	0.03072447503957125	5.107142857142857
