Constant_feature	Degree	Clustering_coefficient	Pagerank	Aver_path_len
1.0	2.0	0.0	0.03074673349199517	5.115384615384615
1.0	2.0	0.0	0.03186352453253861	4.423076923076923
1.0	1.0	0.0	0.018083408072061925	5.1923076923076925
1.0	3.0	0.0	0.044283709026903664	4.423076923076923
1.0	2.0	0.0	0.03048120035559586	4.1923076923076925
1.0	3.0	0.0	0.0451173689528985	4.038461538461538
1.0	3.0	0.0	0.04512010966861438	4.961538461538462
1.0	3.0	0.0	0.04471613022291159	3.769230769230769
1.0	3.0	0.0	0.045382717028361226	3.6538461538461537
1.0	3.0	0.0	0.04454123141967056	4.5
1.0	2.0	0.0	0.030403950397429658	4.115384615384615
1.0	3.0	0.0	0.04582893288556869	4.538461538461538
1.0	3.0	0.0	0.04560177932121893	5.615384615384615
1.0	2.0	0.0	0.030852744470355756	3.8461538461538463
1.0	3.0	0.0	0.04593178193951585	4.615384615384615
1.0	3.0	0.0	0.04660355603383589	5.1923076923076925
1.0	3.0	0.0	0.047930740473355264	4.230769230769231
1.0	2.0	0.0	0.03211231933851892	5.769230769230769
1.0	2.0	0.0	0.031902241044809924	5.269230769230769
1.0	2.0	0.0	0.03203951018080874	5.769230769230769
1.0	2.0	0.0	0.03246853340786071	5.346153846153846
1.0	2.0	0.0	0.032280533070076736	6.423076923076923
1.0	2.0	0.0	0.032736539430493324	6.0
1.0	2.0	0.0	0.03305054978099903	6.576923076923077
1.0	2.0	0.0	0.03310251589839559	7.230769230769231
1.0	2.0	0.0	0.033366306937607115	6.153846153846154
1.0	2.0	0.0	0.033451332617598126	6.8076923076923075
