Constant_feature	Degree	Clustering_coefficient	Pagerank	Aver_path_len
1.0	1.0	0.0	0.01797857955289051	6.793103448275862
1.0	1.0	0.0	0.016774691048655074	5.241379310344827
1.0	1.0	0.0	0.019002601876761692	8.793103448275861
1.0	3.0	0.0	0.042272897505020175	4.206896551724138
1.0	1.0	0.0	0.016509728967666247	6.448275862068965
1.0	3.0	0.0	0.04586021175417304	5.758620689655173
1.0	2.0	0.0	0.030738648418405456	6.344827586206897
1.0	2.0	0.0	0.03264965903563365	7.0
1.0	3.0	0.0	0.043436699497738304	4.931034482758621
1.0	3.0	0.0	0.04129233303254275	4.689655172413793
1.0	2.0	0.0	0.029046279892953823	4.724137931034483
1.0	3.0	0.0	0.0414236648893075	4.379310344827586
1.0	3.0	0.0	0.04166612586148733	5.172413793103448
1.0	2.0	0.0	0.03254549955369119	5.827586206896552
1.0	2.0	0.0	0.028937148670524358	5.0
1.0	3.0	0.0	0.04235772347627549	5.793103448275862
1.0	3.0	0.0	0.043919535381909784	5.482758620689655
1.0	3.0	0.0	0.044804138147984646	4.275862068965517
1.0	2.0	0.0	0.029420735017803325	6.0
1.0	2.0	0.0	0.02966001101706257	6.620689655172414
1.0	2.0	0.0	0.03019200594951225	6.827586206896552
1.0	2.0	0.0	0.03026800734120179	7.448275862068965
1.0	2.0	0.0	0.03042678604075893	4.482758620689655
1.0	2.0	0.0	0.030337913040660483	4.758620689655173
1.0	3.0	0.0	0.04437526795946161	5.103448275862069
1.0	2.0	0.0	0.03029299266422802	5.689655172413793
1.0	3.0	0.0	0.04548850289634672	6.241379310344827
1.0	1.0	0.0	0.017091591259533495	6.724137931034483
1.0	3.0	0.0	0.052227418373048146	7.827586206896552
1.0	1.0	0.0	0.019002601876761692	8.793103448275861
