Constant_feature	Degree	Clustering_coefficient	Pagerank	Aver_path_len
1.0	1.0	0.0	0.024749260495016044	5.8
1.0	2.0	0.0	0.04158180438806966	4.9
1.0	2.0	0.0	0.04159854778760245	5.2
1.0	1.0	0.0	0.023476850135657375	4.4
1.0	2.0	0.0	0.04049394282450183	3.25
1.0	3.0	0.0	0.06020125950123971	3.2
1.0	2.0	0.0	0.04153767178946359	3.5
1.0	3.0	0.0	0.058903123060203524	3.2
1.0	3.0	0.0	0.05933340689599023	3.5
1.0	3.0	0.0	0.06238205502445876	3.45
1.0	3.0	0.0	0.06175482181869119	3.55
1.0	2.0	0.0	0.040266146448091775	3.65
1.0	2.0	0.0	0.04041142439069634	3.95
1.0	3.0	0.0	0.059442971549951915	4.1
1.0	3.0	0.0	0.0594996801056991	4.4
1.0	2.0	0.0	0.043275140188065137	4.2
1.0	2.0	0.0	0.04323785301467957	4.3
1.0	2.0	0.0	0.04219305593553298	5.45
1.0	3.0	0.0	0.06662672707983608	4.85
1.0	2.0	0.0	0.04433492851181052	4.95
1.0	2.0	0.0	0.044699329054741756	5.6
