Constant_feature	Degree	Clustering_coefficient	Pagerank	Aver_path_len
1.0	4.0	0.0	0.06973832231509744	3.6153846153846154
1.0	2.0	0.0	0.034559909035001696	3.730769230769231
1.0	1.0	0.0	0.019349876777055703	5.461538461538462
1.0	1.0	0.0	0.019349876777055703	5.461538461538462
1.0	1.0	0.0	0.01957527540226056	6.038461538461538
1.0	1.0	0.0	0.01957527540226056	6.038461538461538
1.0	1.0	0.0	0.019640377923986544	6.615384615384615
1.0	2.0	0.0	0.03460632831969356	3.730769230769231
1.0	1.0	0.0	0.019395224527686532	4.576923076923077
1.0	1.0	0.0	0.019395224527686532	4.576923076923077
1.0	2.0	0.0	0.03945646678730095	5.538461538461538
1.0	3.0	0.0	0.05054760878794137	3.923076923076923
1.0	3.0	0.0	0.05215525163015877	4.5
1.0	3.0	0.0	0.05215525163015877	4.5
1.0	3.0	0.0	0.052903896044513024	5.076923076923077
1.0	3.0	0.0	0.052903896044513024	5.076923076923077
1.0	3.0	0.0	0.05312359026989099	5.653846153846154
1.0	3.0	0.0	0.050702371354926154	3.923076923076923
1.0	3.0	0.0	0.05479997846113982	4.653846153846154
1.0	3.0	0.0	0.04995667895715789	4.5
1.0	1.0	0.0	0.020143303894434927	5.615384615384615
1.0	2.0	0.0	0.03449010912051957	5.3076923076923075
1.0	2.0	0.0	0.03449010912051957	5.3076923076923075
1.0	1.0	0.0	0.02145950765845904	6.5
1.0	2.0	0.0	0.035111502485644375	6.115384615384615
1.0	2.0	0.0	0.035111502485644375	6.115384615384615
1.0	2.0	0.0	0.035303284259292196	6.923076923076923
