Constant_feature	Degree	Clustering_coefficient	Pagerank	Aver_path_len
1.0	2.0	0.0	0.05553507228755361	4.9375
1.0	2.0	0.0	0.055868293698849686	3.9375
1.0	2.0	0.0	0.06567751497798155	5.75
1.0	1.0	0.0	0.03378393648652935	5.875
1.0	2.0	0.0	0.05633703880465747	5.625
1.0	2.0	0.0	0.05553507228755362	4.9375
1.0	2.0	0.0	0.056585066922136946	6.3125
1.0	3.0	0.0	0.08100565883654373	4.25
1.0	2.0	0.0	0.05633703880465746	5.625
1.0	2.0	0.0	0.05707776393795644	3.75
1.0	2.0	0.0	0.05789743906424998	3.6875
1.0	2.0	0.0	0.05851335293311487	3.75
1.0	3.0	0.0	0.08858717045798976	3.9375
1.0	1.0	0.0	0.032459046657157535	4.875
1.0	2.0	0.0	0.06036063020251042	4.375
1.0	3.0	0.0	0.09300327813873908	4.9375
1.0	1.0	0.0	0.035436625501818336	6.6875
