Constant_feature	Degree	Clustering_coefficient	Pagerank	Aver_path_len
1.0	0.0	0.0	0.0	0.0
1.0	1.0	0.0	0.01834680648231476	5.392857142857143
1.0	2.0	0.0	0.03306930997637897	5.5
1.0	1.0	0.0	0.01889200007744466	6.428571428571429
1.0	1.0	0.0	0.01843369873490927	6.0
1.0	2.0	0.0	0.03273915439670766	4.535714285714286
1.0	2.0	0.0	0.03340312665792293	4.714285714285714
1.0	2.0	0.0	0.03696719325857684	6.357142857142857
1.0	1.0	0.0	0.020083203989979856	7.321428571428571
1.0	4.0	0.0	0.06652847072852401	4.464285714285714
1.0	3.0	0.0	0.04797554133790224	4.714285714285714
1.0	3.0	0.0	0.04966330223090105	4.428571428571429
1.0	2.0	0.0	0.031889524135178864	5.25
1.0	1.0	0.0	0.018417703785082624	5.428571428571429
1.0	1.0	0.0	0.018417703785082624	5.428571428571429
1.0	3.0	0.0	0.046830278842282524	5.857142857142857
1.0	3.0	0.0	0.05147804202937641	5.464285714285714
1.0	3.0	0.0	0.049949438657377165	5.035714285714286
1.0	2.0	0.0	0.032256839989952754	6.678571428571429
1.0	2.0	0.0	0.032256839989952754	6.678571428571429
1.0	2.0	0.0	0.032799568438977425	7.5
1.0	2.0	0.0	0.032799568438977425	7.5
1.0	2.0	0.0	0.032967603400402556	8.321428571428571
1.0	2.0	0.0	0.03252220423389265	6.035714285714286
1.0	3.0	0.0	0.04731324961992683	6.642857142857143
1.0	2.0	0.0	0.03247567153449996	7.464285714285714
1.0	2.0	0.0	0.03247567153449996	7.464285714285714
1.0	2.0	0.0	0.03296595534325315	8.285714285714286
1.0	2.0	0.0	0.03296595534325315	8.285714285714286
1.0	2.0	0.0	0.03311637302646882	9.107142857142858
