Constant_feature	Degree	Clustering_coefficient	Pagerank	Aver_path_len
1.0	1.0	0.0	0.022070331952932478	5.565217391304348
1.0	1.0	0.0	0.023209421315932198	8.08695652173913
1.0	1.0	0.0	0.023209421315932198	8.08695652173913
1.0	3.0	0.0	0.060009505304209426	4.260869565217392
1.0	2.0	0.0	0.03973509870444019	4.3478260869565215
1.0	2.0	0.0	0.03903513239526316	4.521739130434782
1.0	3.0	0.0	0.06347384896279512	7.130434782608695
1.0	3.0	0.0	0.060031837725575896	4.3478260869565215
1.0	3.0	0.0	0.059677816962073554	4.608695652173913
1.0	2.0	0.0	0.03919832698770226	5.043478260869565
1.0	1.0	0.0	0.022176033239855734	5.304347826086956
1.0	3.0	0.0	0.057091517400858646	5.565217391304348
1.0	1.0	0.0	0.02216955475232939	5.217391304347826
1.0	2.0	0.0	0.03920800260461364	6.3478260869565215
1.0	2.0	0.0	0.03920800260461364	6.3478260869565215
1.0	2.0	0.0	0.03980607955640693	7.130434782608695
1.0	2.0	0.0	0.03980607955640693	7.130434782608695
1.0	2.0	0.0	0.03999334847302106	7.913043478260869
1.0	3.0	0.0	0.05662382166737559	4.782608695652174
1.0	2.0	0.0	0.038769503924570556	5.304347826086956
1.0	2.0	0.0	0.038769503924570556	5.304347826086956
1.0	3.0	0.0	0.05843998510391998	6.3478260869565215
1.0	2.0	0.0	0.039143912782300325	5.826086956521739
1.0	2.0	0.0	0.039143912782300325	5.826086956521739
