Constant_feature	Degree	Clustering_coefficient	Pagerank	Aver_path_len
1.0	0.0	0.0	0.0	0.0
1.0	1.0	0.0	0.04004441621472467	5.857142857142857
1.0	3.0	0.0	0.08755631717378988	2.642857142857143
1.0	2.0	0.0	0.05945305235820876	3.2857142857142856
1.0	2.0	0.0	0.06005037721358375	3.2857142857142856
1.0	2.0	0.0	0.07416999813022519	4.928571428571429
1.0	2.0	0.0	0.06152349528567778	4.071428571428571
1.0	1.0	0.0	0.03390478475805	4.357142857142857
1.0	2.0	0.0	0.06281332236557408	3.0
1.0	2.0	0.0	0.06639663297717886	3.5
1.0	3.0	0.0	0.08588369136952459	2.642857142857143
1.0	2.0	0.0	0.06992382162755545	4.142857142857143
1.0	3.0	0.0	0.08642383756982293	2.9285714285714284
1.0	2.0	0.0	0.05968796974522693	3.142857142857143
1.0	3.0	0.0	0.09079343140714169	3.4285714285714284
1.0	2.0	0.0	0.06137485180371562	3.7857142857142856
