Constant_feature	Degree	Clustering_coefficient	Pagerank	Aver_path_len
1.0	2.0	0.0	0.01511369053880788	7.593220338983051
1.0	2.0	0.0	0.014817971026485466	8.169491525423728
1.0	1.0	0.0	0.008315966612900625	7.796610169491525
1.0	1.0	0.0	0.008675561478195488	7.4576271186440675
1.0	2.0	0.0	0.015221169214806218	9.525423728813559
1.0	2.0	0.0	0.015583806787802903	6.88135593220339
1.0	2.0	0.0	0.017077342821746614	7.864406779661017
1.0	1.0	0.0	0.008610983027807925	11.220338983050848
1.0	2.0	0.0	0.016405999442507684	11.864406779661017
1.0	1.0	0.0	0.00898516316931637	11.322033898305085
1.0	1.0	0.0	0.008789585073885322	8.305084745762711
1.0	1.0	0.0	0.008980812491502956	11.288135593220339
1.0	2.0	0.0	0.01734475024726597	8.711864406779661
1.0	1.0	0.0	0.009524880455177832	13.76271186440678
1.0	1.0	0.0	0.009524880455177832	13.76271186440678
1.0	4.0	0.0	0.02955043521180238	6.813559322033898
1.0	3.0	0.0	0.023047807618696865	6.610169491525424
1.0	3.0	0.0	0.02180206122302071	7.593220338983051
1.0	2.0	0.0	0.014857084785721132	7.254237288135593
1.0	3.0	0.0	0.022610364651874645	8.372881355932204
1.0	3.0	0.0	0.022657264707876053	7.932203389830509
1.0	3.0	0.0	0.023362260388346157	6.47457627118644
1.0	3.0	0.0	0.023246291402145663	6.406779661016949
1.0	1.0	0.0	0.008580663322204649	7.593220338983051
1.0	1.0	0.0	0.008449241652634495	9.35593220338983
1.0	3.0	0.0	0.022647682388904664	6.406779661016949
1.0	3.0	0.0	0.022032487351823084	8.779661016949152
1.0	2.0	0.0	0.01646210704131624	8.847457627118644
1.0	2.0	0.0	0.015221169214806218	9.525423728813559
1.0	1.0	0.0	0.008640480480346328	7.389830508474576
1.0	3.0	0.0	0.023146369608076096	10.23728813559322
1.0	3.0	0.0	0.02331387585590258	6.915254237288136
1.0	3.0	0.0	0.022938369788344962	10.983050847457626
1.0	3.0	0.0	0.023146369608076096	10.23728813559322
1.0	2.0	0.0	0.017771371263282314	9.796610169491526
1.0	1.0	0.0	0.008610983027807925	11.220338983050848
1.0	2.0	0.0	0.015930268524344014	7.4576271186440675
1.0	1.0	0.0	0.009664383115408988	10.779661016949152
1.0	3.0	0.0	0.02374381401436807	7.322033898305085
1.0	3.0	0.0	0.024382519438412974	10.813559322033898
1.0	3.0	0.0	0.0243971622627875	10.338983050847459
1.0	3.0	0.0	0.02442383565769155	9.898305084745763
1.0	2.0	0.0	0.016153133338776535	7.966101694915254
1.0	3.0	0.0	0.024382580089328348	10.305084745762711
1.0	1.0	0.0	0.00935129885223461	8.847457627118644
1.0	2.0	0.0	0.016321964190568163	9.457627118644067
1.0	3.0	0.0	0.024388509685536797	9.76271186440678
1.0	3.0	0.0	0.026195223176297334	12.779661016949152
1.0	3.0	0.0	0.023843757412093887	7.762711864406779
1.0	2.0	0.0	0.016263450564629744	8.474576271186441
1.0	3.0	0.0	0.024423324185352594	8.94915254237288
1.0	1.0	0.0	0.008982075874364377	11.796610169491526
1.0	1.0	0.0	0.008994446384627885	10.88135593220339
1.0	2.0	0.0	0.016274184965647497	9.254237288135593
1.0	1.0	0.0	0.008983804699248477	10.745762711864407
1.0	2.0	0.0	0.01611047639614434	8.271186440677965
1.0	3.0	0.0	0.024299748687428964	8.745762711864407
1.0	1.0	0.0	0.008994184472606945	9.932203389830509
1.0	1.0	0.0	0.008957046933065689	9.728813559322035
1.0	1.0	0.0	0.009471503642638407	9.694915254237289
