Constant_feature	Degree	Clustering_coefficient	Pagerank	Aver_path_len
1.0	1.0	0.0	0.01551127696713964	8.882352941176471
1.0	1.0	0.0	0.01391784030221109	6.382352941176471
1.0	2.0	0.0	0.024689001793556035	7.352941176470588
1.0	1.0	0.0	0.01422497258701208	7.117647058823529
1.0	3.0	0.0	0.03594997316371548	5.735294117647059
1.0	2.0	0.0	0.024188364630436054	5.5588235294117645
1.0	1.0	0.0	0.014619913271619054	8.823529411764707
1.0	2.0	0.0	0.025110960842750024	5.764705882352941
1.0	3.0	0.0	0.037676143796817815	7.0
1.0	2.0	0.0	0.024944846839465275	6.4411764705882355
1.0	3.0	0.0	0.03646325087848509	6.911764705882353
1.0	3.0	0.0	0.03602487829643049	6.264705882352941
1.0	2.0	0.0	0.028119273343581802	7.911764705882353
1.0	3.0	0.0	0.03686974435574736	5.411764705882353
1.0	2.0	0.0	0.025550195277403376	7.705882352941177
1.0	2.0	0.0	0.0254267893691874	7.0588235294117645
1.0	3.0	0.0	0.03566972694658912	5.205882352941177
1.0	3.0	0.0	0.03921237856377249	7.852941176470588
1.0	2.0	0.0	0.026116697338462974	8.5
1.0	2.0	0.0	0.02414958741915997	5.205882352941177
1.0	3.0	0.0	0.03530562002282229	5.147058823529412
1.0	3.0	0.0	0.03543277685757903	5.5
1.0	2.0	0.0	0.024334521469454834	5.294117647058823
1.0	2.0	0.0	0.02466706849637129	5.647058823529412
1.0	3.0	0.0	0.03628820715634507	5.4411764705882355
1.0	2.0	0.0	0.024842872911430773	5.794117647058823
1.0	3.0	0.0	0.0378940905197173	6.147058823529412
1.0	3.0	0.0	0.036444759475784745	6.647058823529412
1.0	3.0	0.0	0.03632710023190858	8.0
1.0	3.0	0.0	0.03632710023190858	8.0
1.0	2.0	0.0	0.024689001793556035	7.352941176470588
1.0	2.0	0.0	0.025470915634939015	8.852941176470589
1.0	2.0	0.0	0.025470915634939015	8.852941176470589
1.0	2.0	0.0	0.026034616789850334	9.705882352941176
1.0	2.0	0.0	0.026034616789850334	9.705882352941176
