Constant_feature	Degree	Clustering_coefficient	Pagerank	Aver_path_len
1.0	2.0	0.0	0.04527979316627887	3.388888888888889
1.0	2.0	0.0	0.0548200456403459	4.388888888888889
1.0	1.0	0.0	0.027881247613936535	4.5
1.0	2.0	0.0	0.04922076543010358	5.611111111111111
1.0	3.0	0.0	0.06638821788257163	3.611111111111111
1.0	3.0	0.0	0.06638270146975922	3.388888888888889
1.0	3.0	0.0	0.06789594070295185	2.9444444444444446
1.0	2.0	0.0	0.046296506005649676	4.166666666666667
1.0	3.0	0.0	0.06700217373615026	2.888888888888889
1.0	2.0	0.0	0.04693126236210653	4.888888888888889
1.0	2.0	0.0	0.0462984481881764	4.388888888888889
1.0	3.0	0.0	0.07539705164905922	3.5555555555555554
1.0	2.0	0.0	0.04665120259983006	3.1666666666666665
1.0	2.0	0.0	0.04730704751385059	3.5555555555555554
1.0	3.0	0.0	0.07016743422260252	4.055555555555555
1.0	1.0	0.0	0.029933415521413563	5.333333333333333
1.0	2.0	0.0	0.04846299043255492	4.833333333333333
1.0	2.0	0.0	0.04846299043255493	4.833333333333333
1.0	2.0	0.0	0.04922076543010358	5.611111111111111
