Constant_feature	Degree	Clustering_coefficient	Pagerank	Aver_path_len
1.0	2.0	0.0	0.03147541600375854	5.074074074074074
1.0	1.0	0.0	0.017562314017271447	5.37037037037037
1.0	2.0	0.0	0.030902174721324442	5.444444444444445
1.0	2.0	0.0	0.030917718697509575	5.888888888888889
1.0	2.0	0.0	0.03611459876457555	5.2592592592592595
1.0	2.0	0.0	0.03611459876457555	5.2592592592592595
1.0	1.0	0.0	0.01844347489281833	5.925925925925926
1.0	3.0	0.0	0.04364964917153866	3.6296296296296298
1.0	3.0	0.0	0.04394210386959358	4.074074074074074
1.0	3.0	0.0	0.04301738497819103	3.111111111111111
1.0	2.0	0.0	0.029693970056326506	4.37037037037037
1.0	3.0	0.0	0.042734915432284554	3.4074074074074074
1.0	2.0	0.0	0.03091787343689045	4.888888888888889
1.0	3.0	0.0	0.043134230461851775	3.8518518518518516
1.0	3.0	0.0	0.046636718352703936	4.407407407407407
1.0	3.0	0.0	0.045098455427650584	3.3333333333333335
1.0	2.0	0.0	0.02959723517688631	4.0
1.0	2.0	0.0	0.029732119546230246	4.444444444444445
1.0	3.0	0.0	0.04401652167959122	4.592592592592593
1.0	3.0	0.0	0.044069146994960534	5.037037037037037
1.0	2.0	0.0	0.03180392242785637	3.925925925925926
1.0	2.0	0.0	0.03180392242785637	3.925925925925926
1.0	3.0	0.0	0.049005331543011024	4.37037037037037
1.0	3.0	0.0	0.049005331543011024	4.37037037037037
1.0	2.0	0.0	0.03139036242919595	6.111111111111111
1.0	3.0	0.0	0.04957610563389329	4.962962962962963
1.0	1.0	0.0	0.019822201774321386	6.222222222222222
1.0	1.0	0.0	0.019822201774321386	6.222222222222222
