Constant_feature	Degree	Clustering_coefficient	Pagerank	Aver_path_len
1.0	2.0	0.0	0.046408484157264	4.578947368421052
1.0	2.0	0.0	0.046408484157264	4.578947368421052
1.0	1.0	0.0	0.027629952833242877	4.526315789473684
1.0	1.0	0.0	0.027629952833242877	4.526315789473684
1.0	1.0	0.0	0.027629952833242877	4.526315789473684
1.0	1.0	0.0	0.027629952833242877	4.526315789473684
1.0	3.0	0.0	0.07543602415948611	3.5789473684210527
1.0	3.0	0.0	0.07543602415948611	3.5789473684210527
1.0	3.0	0.0	0.06899839157226645	2.8421052631578947
1.0	3.0	0.0	0.06899839157226645	2.8421052631578947
1.0	2.0	0.0	0.045930874110882244	3.263157894736842
1.0	2.0	0.0	0.04593087411088225	3.263157894736842
1.0	3.0	0.0	0.06743566938361746	3.789473684210526
1.0	3.0	0.0	0.06743566938361746	3.789473684210526
1.0	2.0	0.0	0.046408484157264	4.578947368421052
1.0	2.0	0.0	0.046408484157264	4.578947368421052
1.0	2.0	0.0	0.04706108339636691	5.368421052631579
1.0	2.0	0.0	0.04706108339636691	5.368421052631579
1.0	2.0	0.0	0.0470610833963669	5.368421052631579
1.0	2.0	0.0	0.0470610833963669	5.368421052631579
