Constant_feature	Degree	Clustering_coefficient	Pagerank	Aver_path_len
1.0	0.0	0.0	0.0	0.0
1.0	1.0	0.0	0.022168072533030308	4.095238095238095
1.0	3.0	0.0	0.05863759395186344	4.0
1.0	3.0	0.0	0.06005291916340212	4.095238095238095
1.0	2.0	0.0	0.04239891047686055	5.619047619047619
1.0	3.0	0.0	0.05801188293554023	3.238095238095238
1.0	2.0	0.0	0.039688937390612626	3.6666666666666665
1.0	2.0	0.0	0.03942042806861001	3.6666666666666665
1.0	3.0	0.0	0.05671853737836084	3.5714285714285716
1.0	3.0	0.0	0.05614007000426381	3.142857142857143
1.0	3.0	0.0	0.058743619576206926	3.142857142857143
1.0	2.0	0.0	0.03996555275412242	3.619047619047619
1.0	3.0	0.0	0.05652397743602089	3.5238095238095237
1.0	3.0	0.0	0.05717776879793306	3.9523809523809526
1.0	1.0	0.0	0.022136601763563104	4.9523809523809526
1.0	2.0	0.0	0.03995938100385385	4.285714285714286
1.0	2.0	0.0	0.04018910199571191	4.714285714285714
1.0	3.0	0.0	0.06264678286594202	4.809523809523809
1.0	2.0	0.0	0.0416211333296634	4.904761904761905
1.0	2.0	0.0	0.04101769992562877	5.0476190476190474
1.0	2.0	0.0	0.041087227193449344	5.476190476190476
1.0	2.0	0.0	0.042354452742808184	5.666666666666667
1.0	1.0	0.0	0.023339348712551923	5.761904761904762
