Constant_feature	Degree	Clustering_coefficient	Pagerank	Aver_path_len
1.0	2.0	0.0	0.03421146882713286	4.607142857142857
1.0	2.0	0.0	0.034695149160150235	5.142857142857143
1.0	2.0	0.0	0.034723405326145415	5.5
1.0	2.0	0.0	0.03512295104883027	5.678571428571429
1.0	1.0	0.0	0.017776627007101843	5.535714285714286
1.0	1.0	0.0	0.01976827014751818	6.392857142857143
1.0	3.0	0.0	0.05009038782117663	4.535714285714286
1.0	3.0	0.0	0.04564930162319705	3.7857142857142856
1.0	2.0	0.0	0.030916902038158004	4.071428571428571
1.0	2.0	0.0	0.030610379041983434	4.071428571428571
1.0	3.0	0.0	0.04419998225665757	3.4285714285714284
1.0	3.0	0.0	0.044162480478743674	3.6785714285714284
1.0	3.0	0.0	0.0435925960696743	3.3214285714285716
1.0	3.0	0.0	0.043637065085874255	3.25
1.0	3.0	0.0	0.046012624898118686	3.7142857142857144
1.0	2.0	0.0	0.03080600580818213	4.214285714285714
1.0	2.0	0.0	0.031036903224071745	4.0
1.0	2.0	0.0	0.030780474104935174	3.857142857142857
1.0	3.0	0.0	0.04697415380007561	4.25
1.0	3.0	0.0	0.04702775094601032	4.607142857142857
1.0	1.0	0.0	0.018475988169332505	5.5
1.0	3.0	0.0	0.04775938584250717	4.571428571428571
1.0	2.0	0.0	0.0362681153538362	5.428571428571429
1.0	2.0	0.0	0.031645762428474576	4.428571428571429
1.0	3.0	0.0	0.04782360418563774	4.785714285714286
1.0	1.0	0.0	0.018843146381068904	5.571428571428571
1.0	1.0	0.0	0.019061420974368134	6.107142857142857
1.0	1.0	0.0	0.01907345771132717	6.464285714285714
1.0	1.0	0.0	0.019254240239710018	6.642857142857143
