Constant_feature	Degree	Clustering_coefficient	Pagerank	Aver_path_len
1.0	2.0	0.0	0.0385680044353047	5.92
1.0	1.0	0.0	0.02101814665890091	6.8
1.0	1.0	0.0	0.02101814665890091	6.8
1.0	2.0	0.0	0.03495894020869611	3.92
1.0	3.0	0.0	0.06234115383567378	6.64
1.0	2.0	0.0	0.03286849118747216	4.24
1.0	3.0	0.0	0.05724116893929835	5.84
1.0	3.0	0.0	0.0484723185160064	3.44
1.0	2.0	0.0	0.03682275755949667	4.48
1.0	2.0	0.0	0.03832443523617942	5.12
1.0	3.0	0.0	0.04818336479040272	3.76
1.0	3.0	0.0	0.048136002530480664	3.68
1.0	2.0	0.0	0.03979347115538204	5.84
1.0	3.0	0.0	0.0483356605989484	3.92
1.0	3.0	0.0	0.04840304234940166	4.0
1.0	2.0	0.0	0.033941098160917914	4.4
1.0	2.0	0.0	0.03388073746656348	4.24
1.0	2.0	0.0	0.03390885570534528	4.48
1.0	2.0	0.0	0.034026990141047875	4.64
1.0	3.0	0.0	0.05213551604077303	5.04
1.0	3.0	0.0	0.05187092598008336	5.04
1.0	2.0	0.0	0.034654492162956706	4.8
1.0	2.0	0.0	0.03479824798936014	5.28
1.0	1.0	0.0	0.022547965342253402	7.6
1.0	1.0	0.0	0.022547965342253402	7.6
1.0	1.0	0.0	0.02120210100790047	6.88
