Constant_feature	Degree	Clustering_coefficient	Pagerank	Aver_path_len
1.0	2.0	0.0	0.0335592789277291	5.1923076923076925
1.0	1.0	0.0	0.01867708424673449	5.730769230769231
1.0	2.0	0.0	0.03771894027424996	6.346153846153846
1.0	2.0	0.0	0.037887023548590554	6.653846153846154
1.0	2.0	0.0	0.037859944024511	7.0
1.0	1.0	0.0	0.019382375768447216	7.461538461538462
1.0	3.0	0.0	0.04755396797959595	4.0
1.0	3.0	0.0	0.04765489525590585	4.0
1.0	2.0	0.0	0.033071759751601655	4.8076923076923075
1.0	2.0	0.0	0.03260473785304713	4.1923076923076925
1.0	2.0	0.0	0.03269118069835909	4.269230769230769
1.0	3.0	0.0	0.049910821189469684	4.769230769230769
1.0	3.0	0.0	0.04878092418171025	4.461538461538462
1.0	3.0	0.0	0.04897253098809625	4.615384615384615
1.0	2.0	0.0	0.03374402225712905	4.961538461538462
1.0	2.0	0.0	0.03382519256672821	5.115384615384615
1.0	2.0	0.0	0.033900769394570596	5.1923076923076925
1.0	2.0	0.0	0.034002110651999505	5.346153846153846
1.0	3.0	0.0	0.051350898605320355	5.461538461538462
1.0	2.0	0.0	0.034414331719876394	5.615384615384615
1.0	3.0	0.0	0.05168808235400345	5.769230769230769
1.0	2.0	0.0	0.0346838811487007	5.923076923076923
1.0	3.0	0.0	0.051633651338575635	6.115384615384615
1.0	3.0	0.0	0.052260184237477095	6.5
1.0	1.0	0.0	0.02067680188304435	7.3076923076923075
1.0	1.0	0.0	0.020753498574099347	7.615384615384615
1.0	1.0	0.0	0.020741110580426905	7.961538461538462
