Constant_feature	Degree	Clustering_coefficient	Pagerank	Aver_path_len
1.0	3.0	0.0	0.06257066754428477	3.0
1.0	2.0	0.0	0.04205228090674793	3.263157894736842
1.0	2.0	0.0	0.041883960966196856	3.4210526315789473
1.0	3.0	0.0	0.06322923914384697	2.6842105263157894
1.0	3.0	0.0	0.06068343979631139	2.6842105263157894
1.0	2.0	0.0	0.0472255958298482	3.4210526315789473
1.0	3.0	0.0	0.061408333413295914	3.0526315789473686
1.0	3.0	0.0	0.060977269973726524	2.9473684210526314
1.0	2.0	0.0	0.05168430933626414	4.2631578947368425
1.0	3.0	0.0	0.06253323719373126	3.263157894736842
1.0	3.0	0.0	0.06197017854520165	3.4210526315789473
1.0	2.0	0.0	0.04409690637348118	3.736842105263158
1.0	2.0	0.0	0.04358153589819687	3.789473684210526
1.0	2.0	0.0	0.044081955926505524	4.0
1.0	1.0	0.0	0.028257330510321893	5.2105263157894735
1.0	2.0	0.0	0.04377783683008357	4.157894736842105
1.0	2.0	0.0	0.045165525008169956	4.473684210526316
1.0	2.0	0.0	0.0447986004433803	4.526315789473684
1.0	2.0	0.0	0.04516262407751066	4.7368421052631575
1.0	2.0	0.0	0.044859172282894114	4.894736842105263
