Constant_feature	Degree	Clustering_coefficient	Pagerank	Aver_path_len
1.0	1.0	0.0	0.0200910373612615	4.565217391304348
1.0	2.0	0.0	0.03812033746837186	3.739130434782609
1.0	2.0	0.0	0.035532794753744656	3.652173913043478
1.0	3.0	0.0	0.06684078854054425	5.826086956521739
1.0	3.0	0.0	0.05010672451847206	3.1739130434782608
1.0	3.0	0.0	0.050896625631075706	3.130434782608696
1.0	3.0	0.0	0.05109806724120505	3.608695652173913
1.0	3.0	0.0	0.051136392505560915	3.608695652173913
1.0	3.0	0.0	0.051879038763965435	3.8260869565217392
1.0	3.0	0.0	0.0525808681612083	3.217391304347826
1.0	3.0	0.0	0.05308175585329297	3.608695652173913
1.0	3.0	0.0	0.051975682121060386	3.6956521739130435
1.0	2.0	0.0	0.040401280902685674	4.3478260869565215
1.0	2.0	0.0	0.036302198299781374	4.391304347826087
1.0	2.0	0.0	0.04239784159392827	5.043478260869565
1.0	2.0	0.0	0.036574375986374044	4.608695652173913
1.0	2.0	0.0	0.03632449091514934	4.391304347826087
1.0	2.0	0.0	0.03661593386656761	4.478260869565218
1.0	2.0	0.0	0.037346557054564064	5.173913043478261
1.0	2.0	0.0	0.03743114940678622	5.391304347826087
1.0	2.0	0.0	0.037369273557315355	5.173913043478261
1.0	2.0	0.0	0.037460805048756145	5.260869565217392
1.0	1.0	0.0	0.0242179902241643	6.782608695652174
1.0	1.0	0.0	0.0242179902241643	6.782608695652174
