Constant_feature	Degree	Clustering_coefficient	Pagerank	Aver_path_len
1.0	2.0	1.0	0.04149226399671618	3.5555555555555554
1.0	2.0	1.0	0.04141802413559753	3.6666666666666665
1.0	3.0	0.3333333333333333	0.060438940132785675	3.0555555555555554
1.0	3.0	0.3333333333333333	0.06032481539094877	3.111111111111111
1.0	3.0	0.3333333333333333	0.060281468000471565	3.1666666666666665
1.0	3.0	0.3333333333333333	0.06023480446426428	3.2222222222222223
1.0	3.0	0.0	0.059902120136360565	2.388888888888889
1.0	3.0	0.0	0.05974133185831638	2.4444444444444446
1.0	3.0	0.0	0.0613540149485	2.6666666666666665
1.0	3.0	0.0	0.0610305485897836	2.7777777777777777
1.0	3.0	0.0	0.06086337492054562	2.8333333333333335
1.0	3.0	0.0	0.06083215478819336	2.8333333333333335
1.0	3.0	0.0	0.06663233324838588	3.2777777777777777
1.0	2.0	0.0	0.043807623372457846	3.388888888888889
1.0	2.0	0.0	0.043509715074526334	3.5555555555555554
1.0	2.0	0.0	0.04350034973797968	3.5555555555555554
1.0	2.0	0.0	0.044965273339405414	3.6666666666666665
1.0	2.0	0.0	0.0444185123646702	3.9444444444444446
1.0	1.0	0.0	0.02525233150009049	4.222222222222222
