Constant_feature	Degree	Clustering_coefficient	Pagerank	Aver_path_len
1.0	1.0	0.0	0.016169623457531077	6.161290322580645
1.0	1.0	0.0	0.016446954476048103	6.161290322580645
1.0	2.0	0.0	0.032156609770894594	7.838709677419355
1.0	1.0	0.0	0.016455293302836405	8.67741935483871
1.0	1.0	0.0	0.017296340252267596	8.483870967741936
1.0	1.0	0.0	0.017296340252267596	8.483870967741936
1.0	1.0	0.0	0.018185660385709065	7.903225806451613
1.0	2.0	0.0	0.029149486821519088	5.580645161290323
1.0	2.0	0.0	0.030415592368622582	5.32258064516129
1.0	2.0	0.0	0.031873039909068326	6.096774193548387
1.0	3.0	0.0	0.047235226283687606	7.516129032258065
1.0	1.0	0.0	0.018185660385709065	7.903225806451613
1.0	2.0	0.0	0.0294343796181878	4.741935483870968
1.0	2.0	0.0	0.029692851607228347	4.935483870967742
1.0	3.0	0.0	0.04316148524665526	4.612903225806452
1.0	2.0	0.0	0.029117728895741428	4.870967741935484
1.0	3.0	0.0	0.04348248609974769	5.193548387096774
1.0	3.0	0.0	0.04440455374462646	5.193548387096774
1.0	3.0	0.0	0.04233823990095211	5.645161290322581
1.0	3.0	0.0	0.042339370354683464	6.032258064516129
1.0	2.0	0.0	0.029022193284173506	6.290322580645161
1.0	2.0	0.0	0.029130208674203076	6.419354838709677
1.0	3.0	0.0	0.04398585226671777	6.935483870967742
1.0	3.0	0.0	0.04326373958753236	6.67741935483871
1.0	2.0	0.0	0.029563901031720356	7.064516129032258
1.0	3.0	0.0	0.04443410488458059	7.709677419354839
1.0	2.0	0.0	0.029155854277629775	6.870967741935484
1.0	2.0	0.0	0.029475789156789382	7.516129032258065
1.0	2.0	0.0	0.02961681554561855	7.709677419354839
1.0	2.0	0.0	0.029718188921952566	8.35483870967742
1.0	3.0	0.0	0.05020087898575399	6.935483870967742
1.0	1.0	0.0	0.01759555024934429	8.806451612903226
