Constant_feature	Degree	Clustering_coefficient	Pagerank	Aver_path_len
1.0	1.0	0.0	0.027180558538507364	5.7
1.0	3.0	0.0	0.059992477495671465	2.95
1.0	2.0	0.0	0.04981837131173412	4.75
1.0	1.0	0.0	0.02583234919044826	5.25
1.0	3.0	0.0	0.06022027703763862	2.9
1.0	3.0	0.0	0.06215719234603097	3.25
1.0	3.0	0.0	0.0607497286677351	3.55
1.0	2.0	0.0	0.041634770948277736	3.9
1.0	2.0	0.0	0.04098536862320806	3.6
1.0	3.0	0.0	0.06270759089290634	3.45
1.0	2.0	0.0	0.041799892836379415	4.1
1.0	2.0	0.0	0.041605088590011746	3.3
1.0	3.0	0.0	0.06864912637013078	3.9
1.0	3.0	0.0	0.0628153532458276	3.75
1.0	1.0	0.0	0.025356254252357366	4.85
1.0	2.0	0.0	0.04682408565293974	4.3
1.0	2.0	0.0	0.0437027168727573	4.5
1.0	2.0	0.0	0.0437027168727573	4.5
1.0	2.0	0.0	0.044656310884477926	5.25
1.0	2.0	0.0	0.044656310884477926	5.25
1.0	2.0	0.0	0.044953458485724414	6.0
