Constant_feature	Degree	Clustering_coefficient	Pagerank	Aver_path_len
1.0	2.0	0.0	0.025269520599727226	4.4375
1.0	1.0	0.0	0.015032939489502625	5.0625
1.0	1.0	0.0	0.01484308698773007	5.0625
1.0	1.0	0.0	0.014834116543942285	5.0
1.0	3.0	0.0	0.039810831393466695	4.625
1.0	3.0	0.0	0.04036430629368823	4.625
1.0	3.0	0.0	0.03653640476862698	3.28125
1.0	3.0	0.0	0.03681169100090247	3.5
1.0	3.0	0.0	0.03779803694064019	3.5
1.0	3.0	0.0	0.037080904510125856	3.875
1.0	3.0	0.0	0.036689934241803654	3.84375
1.0	3.0	0.0	0.03743849002655626	4.21875
1.0	3.0	0.0	0.03748620899457935	4.375
1.0	3.0	0.0	0.03937482301355061	4.09375
1.0	3.0	0.0	0.038303961287545686	4.96875
1.0	3.0	0.0	0.040007468811528654	4.09375
1.0	3.0	0.0	0.03934472157499799	4.03125
1.0	3.0	0.0	0.03875162925977356	4.5625
1.0	2.0	0.0	0.026349034342674015	4.71875
1.0	3.0	0.0	0.03901760513395767	5.15625
1.0	2.0	0.0	0.02647485655244683	5.0625
1.0	2.0	0.0	0.026570543585892448	5.21875
1.0	2.0	0.0	0.02685674015398192	5.8125
1.0	1.0	0.0	0.014973221126515484	5.59375
1.0	2.0	0.0	0.027100379107271123	5.5625
1.0	2.0	0.0	0.027138452680485564	5.90625
1.0	1.0	0.0	0.015139192755615233	5.59375
1.0	2.0	0.0	0.02713647476247589	5.40625
1.0	2.0	0.0	0.027230528152558962	6.0
1.0	2.0	0.0	0.027322294716041307	6.0625
1.0	2.0	0.0	0.02741022015434138	6.65625
1.0	2.0	0.0	0.027736662571682592	6.25
1.0	2.0	0.0	0.027764718465370958	6.84375
