Constant_feature	Degree	Clustering_coefficient	Pagerank	Aver_path_len
1.0	4.0	0.0	0.08318994114255174	2.9523809523809526
1.0	2.0	0.0	0.04526505947638455	3.8095238095238093
1.0	2.0	0.0	0.04522630881904255	3.9047619047619047
1.0	1.0	0.0	0.023263603761357447	3.9047619047619047
1.0	1.0	0.0	0.023263603761357447	3.9047619047619047
1.0	3.0	0.0	0.05996201152584327	2.761904761904762
1.0	1.0	0.0	0.02648242491191274	5.619047619047619
1.0	1.0	0.0	0.026469236730447026	5.714285714285714
1.0	3.0	0.0	0.06216655421460065	3.0476190476190474
1.0	3.0	0.0	0.06261015365466414	3.0476190476190474
1.0	3.0	0.0	0.06325483474421587	3.3333333333333335
1.0	3.0	0.0	0.06252494518341328	3.142857142857143
1.0	3.0	0.0	0.060158712614980875	3.238095238095238
1.0	1.0	0.0	0.023195833253579653	4.0
1.0	1.0	0.0	0.023522316450021823	4.285714285714286
1.0	2.0	0.0	0.041806556332463635	4.0
1.0	2.0	0.0	0.041806556332463635	4.0
1.0	2.0	0.0	0.042694791527565154	4.761904761904762
1.0	2.0	0.0	0.042694791527565154	4.761904761904762
1.0	2.0	0.0	0.04297160000675129	5.523809523809524
1.0	2.0	0.0	0.048749735807638264	4.666666666666667
1.0	2.0	0.0	0.048720428221179564	4.761904761904762
