Constant_feature	Degree	Clustering_coefficient	Pagerank	Aver_path_len
1.0	1.0	0.0	0.03920322017856599	4.428571428571429
1.0	1.0	0.0	0.037511191998717136	3.857142857142857
1.0	1.0	0.0	0.038487970350737706	4.357142857142857
1.0	1.0	0.0	0.0370200401777225	3.642857142857143
1.0	1.0	0.0	0.03863662178749537	4.285714285714286
1.0	2.0	0.0	0.06792532187596845	2.7142857142857144
1.0	3.0	0.0	0.10281350645528753	2.9285714285714284
1.0	2.0	0.0	0.0675859780468029	2.642857142857143
1.0	4.0	0.0	0.14143017282641285	3.4285714285714284
1.0	4.0	0.0	0.13490576344389582	2.7142857142857144
1.0	1.0	0.0	0.038487970350737706	4.357142857142857
1.0	1.0	0.0	0.038487970350737706	4.357142857142857
1.0	2.0	0.0	0.0723025202285888	3.5
1.0	3.0	0.0	0.10656513014083444	3.357142857142857
1.0	1.0	0.0	0.03863662178749537	4.285714285714286
