Constant_feature	Degree	Clustering_coefficient	Pagerank	Aver_path_len
1.0	2.0	0.0	0.06395473546092226	3.0
1.0	2.0	0.0	0.06475957808092399	3.5384615384615383
1.0	1.0	0.0	0.036359216922891624	3.3846153846153846
1.0	1.0	0.0	0.04041641538680619	4.153846153846154
1.0	3.0	0.0	0.09669183701493585	2.6153846153846154
1.0	2.0	0.0	0.0689311848525073	2.6153846153846154
1.0	3.0	0.0	0.09265774921692248	2.5384615384615383
1.0	3.0	0.0	0.0922347241351813	2.3076923076923075
1.0	3.0	0.0	0.09504776821415208	2.1538461538461537
1.0	3.0	0.0	0.09738906732213523	2.4615384615384617
1.0	1.0	0.0	0.036150626423707595	3.5384615384615383
1.0	2.0	0.0	0.06408180649491835	3.230769230769231
1.0	3.0	0.0	0.11090887508718922	3.230769230769231
1.0	1.0	0.0	0.04041641538680619	4.153846153846154
