Constant_feature	Degree	Clustering_coefficient	Pagerank	Aver_path_len
1.0	1.0	0.0	0.021213689204933717	8.0
1.0	4.0	0.0	0.07391647162541136	3.75
1.0	2.0	0.0	0.03574891605080838	4.958333333333333
1.0	1.0	0.0	0.020631594796437686	4.708333333333333
1.0	1.0	0.0	0.020631594796437686	4.708333333333333
1.0	1.0	0.0	0.020033043107178808	5.208333333333333
1.0	1.0	0.0	0.020990881161944756	5.041666666666667
1.0	2.0	0.0	0.037622475958382445	3.875
1.0	2.0	0.0	0.03736499084982914	4.458333333333333
1.0	3.0	0.0	0.05283680321772537	3.875
1.0	3.0	0.0	0.05187519527584948	4.708333333333333
1.0	3.0	0.0	0.053442099406662606	4.25
1.0	3.0	0.0	0.051921101618640726	5.333333333333333
1.0	2.0	0.0	0.03593723145952762	4.5
1.0	2.0	0.0	0.03614439774638339	5.5
1.0	2.0	0.0	0.03616175674002067	6.125
1.0	2.0	0.0	0.03685040743529234	6.291666666666667
1.0	2.0	0.0	0.03685462599991058	6.916666666666667
1.0	3.0	0.0	0.0566350917589494	4.083333333333333
1.0	3.0	0.0	0.05457929048010346	4.916666666666667
1.0	2.0	0.0	0.037517792842441014	5.625
1.0	2.0	0.0	0.037517792842441014	5.625
1.0	2.0	0.0	0.03809638009191233	6.333333333333333
1.0	2.0	0.0	0.03809638009191233	6.333333333333333
1.0	3.0	0.0	0.057379995440863446	7.041666666666667
