Constant_feature	Degree	Clustering_coefficient	Pagerank	Aver_path_len
1.0	1.0	0.0	0.020639360417713443	5.043478260869565
1.0	1.0	0.0	0.02175133005973872	6.869565217391305
1.0	1.0	0.0	0.020607512780688626	4.869565217391305
1.0	1.0	0.0	0.020442571074398286	4.608695652173913
1.0	3.0	0.0	0.05205489824948741	3.217391304347826
1.0	3.0	0.0	0.05240378148124179	3.3043478260869565
1.0	2.0	0.0	0.036519716571345756	4.3478260869565215
1.0	3.0	0.0	0.05242076823897725	3.391304347826087
1.0	3.0	0.0	0.05490957865349963	4.086956521739131
1.0	3.0	0.0	0.05480242265819175	3.9130434782608696
1.0	3.0	0.0	0.05388471911667425	3.8260869565217392
1.0	3.0	0.0	0.054251885199051025	3.652173913043478
1.0	2.0	0.0	0.03776728288286774	4.521739130434782
1.0	2.0	0.0	0.03776728288286774	4.521739130434782
1.0	2.0	0.0	0.03632107590612628	3.9130434782608696
1.0	3.0	0.0	0.05322256285821692	4.086956521739131
1.0	3.0	0.0	0.05335935498206831	4.695652173913044
1.0	2.0	0.0	0.03874712806578093	5.217391304347826
1.0	2.0	0.0	0.03874712806578093	5.217391304347826
1.0	3.0	0.0	0.058613500396714355	5.913043478260869
1.0	2.0	0.0	0.037269416151330934	4.869565217391305
1.0	2.0	0.0	0.037318640957107685	5.478260869565218
1.0	2.0	0.0	0.038082109580357126	5.6521739130434785
1.0	2.0	0.0	0.03809597276977281	6.260869565217392
