Constant_feature	Degree	Clustering_coefficient	Pagerank	Aver_path_len
1.0	0.0	0.0	0.0	0.0
1.0	2.0	0.0	0.03235520136703178	4.6923076923076925
1.0	2.0	0.0	0.03089523223516585	4.384615384615385
1.0	3.0	0.0	0.05077785182858725	5.8076923076923075
1.0	3.0	0.0	0.04494437545722935	3.6538461538461537
1.0	3.0	0.0	0.045343814717546324	4.038461538461538
1.0	3.0	0.0	0.04733786315922338	4.0
1.0	3.0	0.0	0.044786028332651204	3.6538461538461537
1.0	3.0	0.0	0.04751528423233316	4.384615384615385
1.0	3.0	0.0	0.046789312908908726	4.346153846153846
1.0	3.0	0.0	0.04681787253841445	4.730769230769231
1.0	3.0	0.0	0.0452932392894915	4.153846153846154
1.0	2.0	0.0	0.032973067369658396	5.076923076923077
1.0	2.0	0.0	0.03113495934457542	3.923076923076923
1.0	1.0	0.0	0.01790530945273662	4.961538461538462
1.0	2.0	0.0	0.032941885508856884	5.461538461538462
1.0	1.0	0.0	0.01795798394784083	5.346153846153846
1.0	2.0	0.0	0.03166988874084965	4.423076923076923
1.0	2.0	0.0	0.03376006021799749	6.1923076923076925
1.0	3.0	0.0	0.04665306128557973	4.1923076923076925
1.0	2.0	0.0	0.031950444081828254	4.6923076923076925
1.0	1.0	0.0	0.018936619498541137	6.769230769230769
1.0	3.0	0.0	0.048855386898688576	5.269230769230769
1.0	2.0	0.0	0.0339887263461522	6.076923076923077
1.0	2.0	0.0	0.0339887263461522	6.076923076923077
1.0	2.0	0.0	0.03473297392479552	6.884615384615385
1.0	2.0	0.0	0.03473297392479552	6.884615384615385
1.0	2.0	0.0	0.03496185704436838	7.6923076923076925
