Constant_feature	Degree	Clustering_coefficient	Pagerank	Aver_path_len
1.0	1.0	0.0	0.01123857354555877	9.97872340425532
1.0	1.0	0.0	0.01123857354555877	9.97872340425532
1.0	1.0	0.0	0.010575382369994848	7.914893617021277
1.0	1.0	0.0	0.010575382369994848	7.914893617021277
1.0	1.0	0.0	0.010292664298137204	9.51063829787234
1.0	1.0	0.0	0.010292664298137204	9.51063829787234
1.0	1.0	0.0	0.011790733967152234	13.106382978723405
1.0	1.0	0.0	0.011790733967152234	13.106382978723405
1.0	3.0	0.0	0.026531810975410818	7.1063829787234045
1.0	3.0	0.0	0.026531810975410818	7.1063829787234045
1.0	2.0	0.0	0.020113342067236285	11.23404255319149
1.0	2.0	0.0	0.020113342067236285	11.23404255319149
1.0	3.0	0.0	0.02715627868665052	8.063829787234043
1.0	3.0	0.0	0.02715627868665052	8.063829787234043
1.0	2.0	0.0	0.01818966997432353	7.723404255319149
1.0	2.0	0.0	0.01818966997432353	7.723404255319149
1.0	3.0	0.0	0.025773334851782553	7.829787234042553
1.0	3.0	0.0	0.025773334851782553	7.829787234042553
1.0	3.0	0.0	0.025904304513284307	7.425531914893617
1.0	3.0	0.0	0.025904304513284307	7.425531914893617
1.0	3.0	0.0	0.02590913869254126	8.340425531914894
1.0	3.0	0.0	0.02590913869254126	8.340425531914894
1.0	2.0	0.0	0.020344552269992003	9.0
1.0	2.0	0.0	0.020344552269992003	9.0
1.0	3.0	0.0	0.028307068316516637	6.9361702127659575
1.0	3.0	0.0	0.028307068316516637	6.9361702127659575
1.0	2.0	0.0	0.019435867141412568	6.851063829787234
1.0	2.0	0.0	0.019435867141412568	6.851063829787234
1.0	2.0	0.0	0.018063696809983324	8.02127659574468
1.0	2.0	0.0	0.018063696809983324	8.02127659574468
1.0	3.0	0.0	0.02629737227582602	8.936170212765957
1.0	3.0	0.0	0.02629737227582602	8.936170212765957
1.0	2.0	0.0	0.019690000262734122	6.808510638297872
1.0	2.0	0.0	0.019690000262734122	6.808510638297872
1.0	3.0	0.0	0.027365947208417035	8.53191489361702
1.0	3.0	0.0	0.027365947208417035	8.53191489361702
1.0	2.0	0.0	0.018229333766307164	9.063829787234043
1.0	2.0	0.0	0.018229333766307164	9.063829787234043
1.0	2.0	0.0	0.018295674357617576	9.659574468085106
1.0	2.0	0.0	0.018295674357617576	9.659574468085106
1.0	2.0	0.0	0.01860970482090321	9.787234042553191
1.0	2.0	0.0	0.01860970482090321	9.787234042553191
1.0	3.0	0.0	0.027739711736659463	10.382978723404255
1.0	3.0	0.0	0.027739711736659463	10.382978723404255
1.0	3.0	0.0	0.03235510312440615	12.127659574468085
1.0	3.0	0.0	0.03235510312440615	12.127659574468085
1.0	1.0	0.0	0.011790733967152234	13.106382978723405
1.0	1.0	0.0	0.011790733967152234	13.106382978723405
