Constant_feature	Degree	Clustering_coefficient	Pagerank	Aver_path_len
1.0	0.0	0.0	0.0	0.0
1.0	1.0	0.0	0.006874170167949226	9.465753424657533
1.0	1.0	0.0	0.006850371063197997	8.575342465753424
1.0	2.0	0.0	0.012574885654038559	6.917808219178082
1.0	1.0	0.0	0.007146069962068966	8.917808219178083
1.0	2.0	0.0	0.012995595641735875	8.780821917808218
1.0	1.0	0.0	0.006942316382324662	7.986301369863014
1.0	1.0	0.0	0.00716266542370284	10.191780821917808
1.0	1.0	0.0	0.007003810621369826	8.027397260273972
1.0	1.0	0.0	0.0071820445666587055	9.986301369863014
1.0	1.0	0.0	0.007028042601279649	8.808219178082192
1.0	1.0	0.0	0.00721579540462097	9.493150684931507
1.0	1.0	0.0	0.007005779314909371	11.027397260273972
1.0	2.0	0.0	0.01388630786684628	12.205479452054794
1.0	3.0	0.0	0.0176471359147344	8.191780821917808
1.0	3.0	0.0	0.018417526276436617	7.315068493150685
1.0	2.0	0.0	0.012740823255353396	9.095890410958905
1.0	2.0	0.0	0.012682430531254129	7.3561643835616435
1.0	2.0	0.0	0.012507156029413394	7.2465753424657535
1.0	3.0	0.0	0.01895935187864024	9.219178082191782
1.0	2.0	0.0	0.0125992205738806	11.863013698630137
1.0	3.0	0.0	0.017627081189313217	7.876712328767123
1.0	2.0	0.0	0.012182818489851335	8.821917808219178
1.0	2.0	0.0	0.012318582803091081	9.465753424657533
1.0	2.0	0.0	0.012189246761730992	9.136986301369863
1.0	3.0	0.0	0.018411268445479904	8.479452054794521
1.0	3.0	0.0	0.01832996227051914	7.589041095890411
1.0	3.0	0.0	0.01859123528219271	8.73972602739726
1.0	2.0	0.0	0.013301011160707314	9.643835616438356
1.0	3.0	0.0	0.017927815589930785	7.054794520547945
1.0	3.0	0.0	0.02123497481799508	10.575342465753424
1.0	3.0	0.0	0.018927623767855156	7.602739726027397
1.0	3.0	0.0	0.02025026688147749	8.506849315068493
1.0	3.0	0.0	0.019317024431384416	7.931506849315069
1.0	2.0	0.0	0.012133521836286831	7.821917808219178
1.0	1.0	0.0	0.006876655742745106	8.301369863013699
1.0	3.0	0.0	0.018265085679560946	6.698630136986301
1.0	3.0	0.0	0.0186358427614471	7.0
1.0	3.0	0.0	0.018774038797650664	6.808219178082192
1.0	2.0	0.0	0.014524991881360784	9.465753424657533
1.0	3.0	0.0	0.01936810015204914	9.205479452054794
1.0	1.0	0.0	0.007722853329056757	11.561643835616438
1.0	1.0	0.0	0.007722853329056757	11.561643835616438
1.0	3.0	0.0	0.019465306889279162	9.095890410958905
1.0	2.0	0.0	0.013010514015338585	8.232876712328768
1.0	3.0	0.0	0.018840251645604413	7.041095890410959
1.0	1.0	0.0	0.007426164885506904	9.493150684931507
1.0	3.0	0.0	0.019268518357711692	8.917808219178083
1.0	3.0	0.0	0.018013499024174005	8.616438356164384
1.0	3.0	0.0	0.018725661962643372	8.452054794520548
1.0	3.0	0.0	0.019432878305459086	9.0
1.0	3.0	0.0	0.02079006476033823	9.849315068493151
1.0	2.0	0.0	0.01335769583694547	9.356164383561644
1.0	1.0	0.0	0.006983920623065248	7.794520547945205
1.0	3.0	0.0	0.01892412541931943	7.821917808219178
1.0	1.0	0.0	0.007887837959190243	10.452054794520548
1.0	3.0	0.0	0.019550011191624035	8.506849315068493
1.0	1.0	0.0	0.007190070950157512	10.082191780821917
1.0	3.0	0.0	0.021291111457445756	10.287671232876713
1.0	2.0	0.0	0.012446423161148948	9.493150684931507
1.0	2.0	0.0	0.012446423161148948	9.493150684931507
1.0	1.0	0.0	0.007589145896572212	10.835616438356164
1.0	1.0	0.0	0.007589145896572212	10.835616438356164
1.0	3.0	0.0	0.0188469010624282	10.04109589041096
1.0	1.0	0.0	0.00773942139839872	11.273972602739725
1.0	1.0	0.0	0.00773942139839872	11.273972602739725
1.0	3.0	0.0	0.018345331551027633	10.917808219178083
1.0	1.0	0.0	0.007038673760327936	10.205479452054794
1.0	2.0	0.0	0.012647109228326625	10.36986301369863
1.0	2.0	0.0	0.012647109228326625	10.36986301369863
1.0	3.0	0.0	0.018982354933176196	11.246575342465754
1.0	2.0	0.0	0.0125992205738806	11.863013698630137
1.0	2.0	0.0	0.012765606112387685	12.808219178082192
1.0	2.0	0.0	0.012765606112387685	12.808219178082192
1.0	1.0	0.0	0.007600118710529577	13.191780821917808
