Constant_feature	Degree	Clustering_coefficient	Pagerank	Aver_path_len
1.0	1.0	0.0	0.019247709854978923	4.92
1.0	1.0	0.0	0.01941508143292281	5.32
1.0	1.0	0.0	0.019939928270474163	6.52
1.0	1.0	0.0	0.021336233157605577	7.92
1.0	1.0	0.0	0.021336233157605577	7.92
1.0	3.0	0.0	0.05035613941092097	4.04
1.0	2.0	0.0	0.0345326062187413	4.4
1.0	3.0	0.0	0.058302628363991596	6.96
1.0	3.0	0.0	0.05020860917720448	3.92
1.0	3.0	0.0	0.051930918353195396	4.32
1.0	3.0	0.0	0.05133846883357129	3.96
1.0	2.0	0.0	0.03418020321247731	4.16
1.0	3.0	0.0	0.050907189490568105	4.48
1.0	3.0	0.0	0.05189740971967557	4.36
1.0	3.0	0.0	0.05156657398907055	4.84
1.0	1.0	0.0	0.019425611995134748	5.28
1.0	2.0	0.0	0.035198274488010196	5.04
1.0	2.0	0.0	0.035198274488010196	5.04
1.0	3.0	0.0	0.0536474895100927	5.56
1.0	2.0	0.0	0.03568484285008508	5.64
1.0	2.0	0.0	0.03573576576999284	5.6
1.0	2.0	0.0	0.03573576576999284	5.6
1.0	3.0	0.0	0.05349717080366849	6.16
1.0	2.0	0.0	0.036408970964988165	6.36
1.0	2.0	0.0	0.036372914672495274	6.44
1.0	2.0	0.0	0.03659898604452578	7.16
