Constant_feature	Degree	Clustering_coefficient	Pagerank	Aver_path_len
1.0	1.0	0.0	0.013705139594418282	8.275862068965518
1.0	4.0	0.0	0.05813040062835817	1.4285714285714286
1.0	1.0	0.0	0.01571091908879288	2.2857142857142856
1.0	1.0	0.0	0.01571091908879288	2.2857142857142856
1.0	1.0	0.0	0.01571091908879288	2.2857142857142856
1.0	1.0	0.0	0.01571091908879288	2.2857142857142856
1.0	1.0	0.0	0.01571091908879288	2.2857142857142856
1.0	1.0	0.0	0.01571091908879288	2.2857142857142856
1.0	3.0	0.0	0.0316194740010962	4.172413793103448
1.0	3.0	0.0	0.0332203120600148	4.482758620689655
1.0	3.0	0.0	0.03973011917622674	7.344827586206897
1.0	3.0	0.0	0.03146327813258823	3.9310344827586206
1.0	3.0	0.0	0.0319429695040741	4.413793103448276
1.0	3.0	0.0	0.031731798101054934	3.896551724137931
1.0	3.0	0.0	0.031973128127141814	4.413793103448276
1.0	3.0	0.0	0.03254961643164674	4.482758620689655
1.0	2.0	0.0	0.021835385952276982	4.275862068965517
1.0	2.0	0.0	0.022742152917155888	5.241379310344827
1.0	1.0	0.0	0.012597617860068596	5.448275862068965
1.0	2.0	0.0	0.02237849566886361	4.241379310344827
1.0	2.0	0.0	0.022752098691869695	5.241379310344827
1.0	3.0	0.0	0.03375412655357769	5.0344827586206895
1.0	2.0	0.0	0.02339420961777916	6.068965517241379
1.0	2.0	0.0	0.023397802689104054	6.068965517241379
1.0	3.0	0.0	0.03408691024765373	4.655172413793103
1.0	2.0	0.0	0.02373012409682223	5.793103448275862
1.0	2.0	0.0	0.02373012409682223	5.793103448275862
1.0	2.0	0.0	0.023764267517363664	5.275862068965517
1.0	2.0	0.0	0.023764267517363664	5.275862068965517
1.0	2.0	0.0	0.024383934053089373	6.551724137931035
1.0	2.0	0.0	0.024383934053089373	6.551724137931035
1.0	3.0	0.0	0.03636327966659449	6.517241379310345
1.0	2.0	0.0	0.024232139804546412	5.896551724137931
1.0	2.0	0.0	0.024232139804546412	5.896551724137931
1.0	3.0	0.0	0.036910901365900015	7.310344827586207
1.0	1.0	0.0	0.014551968453888425	8.310344827586206
1.0	1.0	0.0	0.014551968453888425	8.310344827586206
1.0	4.0	0.0	0.05813040062835817	1.4285714285714286
