Constant_feature	Degree	Clustering_coefficient	Pagerank	Aver_path_len
1.0	1.0	0.0	0.02098139864141963	7.375
1.0	1.0	0.0	0.021146581347401668	7.708333333333333
1.0	1.0	0.0	0.020043341866169982	4.666666666666667
1.0	1.0	0.0	0.0202985072303079	4.916666666666667
1.0	1.0	0.0	0.020240042308968028	5.041666666666667
1.0	1.0	0.0	0.020391832166358915	4.75
1.0	3.0	0.0	0.05206202564806418	3.8333333333333335
1.0	2.0	0.0	0.036592686346485756	4.166666666666667
1.0	3.0	0.0	0.0527336812628368	3.5833333333333335
1.0	3.0	0.0	0.05347696089698644	3.7083333333333335
1.0	3.0	0.0	0.054328983434881274	3.9583333333333335
1.0	3.0	0.0	0.05413229972654982	4.083333333333333
1.0	3.0	0.0	0.054639555055674416	3.7916666666666665
1.0	3.0	0.0	0.05259276609207161	4.291666666666667
1.0	2.0	0.0	0.03664061019231861	5.0
1.0	2.0	0.0	0.03664061019231861	5.0
1.0	3.0	0.0	0.054003134309732664	4.625
1.0	2.0	0.0	0.03746872130751794	5.708333333333333
1.0	2.0	0.0	0.03746872130751794	5.708333333333333
1.0	3.0	0.0	0.056608314032755375	6.416666666666667
1.0	2.0	0.0	0.037262397820132805	5.333333333333333
1.0	2.0	0.0	0.037262397820132805	5.333333333333333
1.0	2.0	0.0	0.037914761152695334	6.041666666666667
1.0	2.0	0.0	0.037914761152695334	6.041666666666667
1.0	3.0	0.0	0.057154908688005907	6.75
