Constant_feature	Degree	Clustering_coefficient	Pagerank	Aver_path_len
1.0	4.0	0.0	0.05891730078780945	5.7272727272727275
1.0	2.0	0.0	0.025919136115624932	5.242424242424242
1.0	1.0	0.0	0.014461357623525534	5.636363636363637
1.0	2.0	0.0	0.025460919961766387	6.121212121212121
1.0	2.0	0.0	0.02544769923911997	5.878787878787879
1.0	1.0	0.0	0.016198439894092982	6.696969696969697
1.0	1.0	0.0	0.016198439894092982	6.696969696969697
1.0	2.0	0.0	0.02963905780666179	5.848484848484849
1.0	2.0	0.0	0.02963905780666179	5.848484848484849
1.0	2.0	0.0	0.029779237233858533	6.454545454545454
1.0	2.0	0.0	0.027208250591841565	4.9393939393939394
1.0	3.0	0.0	0.036189657450928246	4.090909090909091
1.0	3.0	0.0	0.03593547186222916	3.8484848484848486
1.0	3.0	0.0	0.03669781355739757	4.212121212121212
1.0	3.0	0.0	0.03539280513601325	3.5454545454545454
1.0	3.0	0.0	0.035524643022540006	3.909090909090909
1.0	3.0	0.0	0.03518200053787819	3.6666666666666665
1.0	2.0	0.0	0.025461348126350588	4.9393939393939394
1.0	3.0	0.0	0.03840098425639499	4.666666666666667
1.0	3.0	0.0	0.037051484971677484	3.8484848484848486
1.0	2.0	0.0	0.024485421656640572	4.575757575757576
1.0	2.0	0.0	0.02437010440333624	4.333333333333333
1.0	3.0	0.0	0.036291430853408135	5.242424242424242
1.0	3.0	0.0	0.03624605041532203	5.0
1.0	2.0	0.0	0.026103947454843502	4.454545454545454
1.0	2.0	0.0	0.026103947454843502	4.454545454545454
1.0	3.0	0.0	0.040155193237191564	4.9393939393939394
1.0	3.0	0.0	0.040155193237191564	4.9393939393939394
1.0	1.0	0.0	0.016198439894092982	6.696969696969697
1.0	2.0	0.0	0.02585006291917493	6.454545454545454
1.0	3.0	0.0	0.04043615695315094	5.545454545454546
1.0	1.0	0.0	0.01627835245567639	6.818181818181818
1.0	1.0	0.0	0.01627835245567639	6.818181818181818
1.0	1.0	0.0	0.01634224073298573	7.424242424242424
