Constant_feature	Degree	Clustering_coefficient	Pagerank	Aver_path_len
1.0	2.0	0.0	0.0007667578147011003	3.2777777777777777
1.0	1.0	0.0	0.0004280819242643601	3.7777777777777777
1.0	1.0	0.0	0.00042759264739097337	3.8333333333333335
1.0	1.0	0.0	0.00043946407963740364	4.444444444444445
1.0	3.0	0.0	0.0011628249991314178	3.388888888888889
1.0	2.0	0.0	0.0007666642588881035	3.2222222222222223
1.0	3.0	0.0	0.001104486240115911	2.7777777777777777
1.0	3.0	0.0	0.0011037913916140145	2.8333333333333335
1.0	3.0	0.0	0.0011370727056872545	2.8333333333333335
1.0	3.0	0.0	0.0011146579276658467	2.888888888888889
1.0	3.0	0.0	0.0012860010451046205	4.111111111111111
1.0	3.0	0.0	0.0011368802757471788	2.888888888888889
1.0	3.0	0.0	0.0011119511402375034	2.9444444444444446
1.0	3.0	0.0	0.001174775933647604	3.5
1.0	2.0	0.0	0.0007789267505183979	3.6666666666666665
1.0	1.0	0.0	0.00047266737501869575	5.055555555555555
1.0	1.0	0.0	0.00047266737501869575	5.055555555555555
1.0	2.0	0.0	0.0007978183686640515	4.222222222222222
1.0	2.0	0.0	0.0007956688310752259	4.277777777777778
1.0	0.0	0.0	0.0	0.0
1.0	1.0	0.0	0.0004254085229539592	5.424242424242424
1.0	1.0	0.0	0.0004276554355137419	5.787878787878788
1.0	1.0	0.0	0.0004197809546350649	5.424242424242424
1.0	2.0	0.0	0.0008671746805676651	6.818181818181818
1.0	1.0	0.0	0.0005282463688862232	9.969696969696969
1.0	3.0	0.0	0.00106228732647004	4.03030303030303
1.0	3.0	0.0	0.001134503525441396	4.818181818181818
1.0	2.0	0.0	0.0007919968317404292	5.0606060606060606
1.0	3.0	0.0	0.001374393451879953	7.181818181818182
1.0	2.0	0.0	0.0008926514503306134	7.242424242424242
1.0	3.0	0.0	0.0010468259379328674	4.03030303030303
1.0	3.0	0.0	0.0010655461428540742	4.03030303030303
1.0	3.0	0.0	0.0010804875564770203	4.393939393939394
1.0	3.0	0.0	0.0010710215994884707	4.454545454545454
1.0	3.0	0.0	0.0011259903825157121	4.454545454545454
1.0	3.0	0.0	0.0010858466172420575	4.454545454545454
1.0	3.0	0.0	0.0011005363977428587	4.454545454545454
1.0	3.0	0.0	0.001133422422948946	4.818181818181818
1.0	3.0	0.0	0.0011077600457017026	4.454545454545454
1.0	2.0	0.0	0.0008157667931231022	5.545454545454546
1.0	2.0	0.0	0.000749293943428885	4.818181818181818
1.0	2.0	0.0	0.000755640880914435	4.818181818181818
1.0	2.0	0.0	0.0008684725011406822	6.333333333333333
1.0	2.0	0.0	0.0007601329829332859	5.181818181818182
1.0	2.0	0.0	0.0007630182723681431	5.181818181818182
1.0	2.0	0.0	0.0008302235973865278	5.7272727272727275
1.0	3.0	0.0	0.001172987987508657	5.909090909090909
1.0	2.0	0.0	0.0007793345477078383	5.909090909090909
1.0	2.0	0.0	0.0008635081280022348	6.454545454545454
1.0	1.0	0.0	0.0005003026653031539	8.151515151515152
1.0	1.0	0.0	0.0005003026653031539	8.151515151515152
1.0	2.0	0.0	0.000930679504801195	8.090909090909092
1.0	1.0	0.0	0.00047759052073268783	7.787878787878788
1.0	2.0	0.0	0.0009795007717265996	9.0
1.0	0.0	0.0	0.0	0.0
1.0	1.0	0.0	0.00042560427996165916	5.1875
1.0	1.0	0.0	0.0004279216524150135	5.5625
1.0	1.0	0.0	0.0004202216123799781	5.25
1.0	2.0	0.0	0.0008671801160382885	6.59375
1.0	3.0	0.0	0.0010631463997302813	3.8125
1.0	3.0	0.0	0.001135092787355348	4.5625
1.0	2.0	0.0	0.0007998565827613732	5.0
1.0	3.0	0.0	0.0013743701412885867	6.90625
1.0	3.0	0.0	0.001391155533735897	7.34375
1.0	3.0	0.0	0.0010476617953939823	3.84375
1.0	3.0	0.0	0.001068074248635023	3.875
1.0	3.0	0.0	0.0010818882853010476	4.1875
1.0	3.0	0.0	0.0010712369705984611	4.21875
1.0	3.0	0.0	0.0011261587546277253	4.21875
1.0	3.0	0.0	0.0010866826944581445	4.25
1.0	3.0	0.0	0.0011049241358604945	4.34375
1.0	3.0	0.0	0.0011337567758895341	4.59375
1.0	3.0	0.0	0.0011085773284768624	4.28125
1.0	2.0	0.0	0.0008158036894405263	5.28125
1.0	2.0	0.0	0.0007502763721566471	4.65625
1.0	2.0	0.0	0.0007579620570843772	4.6875
1.0	2.0	0.0	0.0008686658480646297	6.0625
1.0	2.0	0.0	0.0007604852101324117	4.9375
1.0	2.0	0.0	0.000763122620052866	4.96875
1.0	2.0	0.0	0.000842859614182417	5.71875
1.0	3.0	0.0	0.0011734210580861433	5.6875
1.0	2.0	0.0	0.0007793712497879786	5.65625
1.0	2.0	0.0	0.0008860688351915069	6.5
1.0	1.0	0.0	0.0005003687242221209	7.875
1.0	1.0	0.0	0.0005003687242221209	7.875
1.0	1.0	0.0	0.0005055014170887445	8.3125
1.0	1.0	0.0	0.0005055014170887445	8.3125
1.0	1.0	0.0	0.0004777017933561079	7.5625
1.0	0.0	0.0	0.0	0.0
1.0	1.0	0.0	0.0004254327067123863	5.290322580645161
1.0	1.0	0.0	0.0004276750571936301	5.548387096774194
1.0	1.0	0.0	0.00041981961765317816	5.419354838709677
1.0	1.0	0.0	0.0005282561693495534	9.741935483870968
1.0	3.0	0.0	0.0010623887830010837	3.935483870967742
1.0	3.0	0.0	0.001134564840911055	4.645161290322581
1.0	2.0	0.0	0.000792032381931931	4.903225806451613
1.0	3.0	0.0	0.0013743791097862745	6.967741935483871
1.0	2.0	0.0	0.0008926441018530341	7.032258064516129
1.0	3.0	0.0	0.0010467899093265886	3.870967741935484
1.0	3.0	0.0	0.0010656313182626962	3.935483870967742
1.0	3.0	0.0	0.0010805529127077224	4.193548387096774
1.0	3.0	0.0	0.0010710099085357414	4.451612903225806
1.0	3.0	0.0	0.0011259562390221922	4.32258064516129
1.0	3.0	0.0	0.0011005037070992785	4.32258064516129
1.0	3.0	0.0	0.001086037331399284	4.516129032258065
1.0	3.0	0.0	0.0011333897371620068	4.580645161290323
1.0	3.0	0.0	0.0011077313439732497	4.451612903225806
1.0	2.0	0.0	0.0008157506146401156	5.354838709677419
1.0	2.0	0.0	0.00074927086978304	4.580645161290323
1.0	2.0	0.0	0.0007556816537593251	4.645161290322581
1.0	2.0	0.0	0.0008685047748120726	6.129032258064516
1.0	2.0	0.0	0.0007602916292079221	5.290322580645161
1.0	2.0	0.0	0.0007630786411731939	5.354838709677419
1.0	2.0	0.0	0.0008302098203806973	5.548387096774194
1.0	2.0	0.0	0.0007794009130655912	6.129032258064516
1.0	2.0	0.0	0.0007823353616047515	6.193548387096774
1.0	2.0	0.0	0.0008635343157045419	6.258064516129032
1.0	1.0	0.0	0.0005003174289432005	7.935483870967742
1.0	1.0	0.0	0.0005003174289432005	7.935483870967742
1.0	2.0	0.0	0.0009307007181176231	7.870967741935484
1.0	2.0	0.0	0.0009794966904105478	8.774193548387096
1.0	1.0	0.0	0.00044474272209607996	7.0
1.0	2.0	0.0	0.0009033354013412893	8.194444444444445
1.0	1.0	0.0	0.00047111728832601514	8.305555555555555
1.0	2.0	0.0	0.000924721006369025	9.527777777777779
1.0	1.0	0.0	0.000485157311278746	9.63888888888889
1.0	3.0	0.0	0.0011080221826294955	6.166666666666667
1.0	3.0	0.0	0.001116084958445568	7.25
1.0	2.0	0.0	0.0008160344687386586	9.333333333333334
1.0	2.0	0.0	0.0008160344687386586	9.333333333333334
1.0	2.0	0.0	0.0008078690255387243	6.277777777777778
1.0	1.0	0.0	0.0004462985097221523	9.5
1.0	1.0	0.0	0.00045646622788033964	11.055555555555555
1.0	2.0	0.0	0.0007624908691022047	6.527777777777778
1.0	2.0	0.0	0.0007624908691022047	6.527777777777778
1.0	2.0	0.0	0.0007664216213807448	6.888888888888889
1.0	2.0	0.0	0.0007664216213807448	6.888888888888889
1.0	3.0	0.0	0.0011103580190575232	5.972222222222222
1.0	3.0	0.0	0.0011416705372024444	7.777777777777778
1.0	3.0	0.0	0.0011944108817155763	8.527777777777779
1.0	2.0	0.0	0.0007694038947910204	5.944444444444445
1.0	2.0	0.0	0.0007694038947910204	5.944444444444445
1.0	3.0	0.0	0.0011944108817155763	8.527777777777779
1.0	3.0	0.0	0.0011430564099988829	5.888888888888889
1.0	2.0	0.0	0.0007755378355690227	5.916666666666667
1.0	2.0	0.0	0.0007755378355690227	5.916666666666667
1.0	1.0	0.0	0.0004462985097221523	9.5
1.0	3.0	0.0	0.0012125992191272673	6.583333333333333
1.0	3.0	0.0	0.0011940384083853153	6.027777777777778
1.0	2.0	0.0	0.0008371435220140849	7.222222222222222
1.0	3.0	0.0	0.0012280912119907899	10.083333333333334
1.0	2.0	0.0	0.0008626675438803734	7.916666666666667
1.0	3.0	0.0	0.0012788809818489672	7.333333333333333
1.0	3.0	0.0	0.0013246795564614633	8.666666666666666
1.0	2.0	0.0	0.0009587416552450292	9.11111111111111
1.0	2.0	0.0	0.0009743177826289783	10.444444444444445
1.0	1.0	0.0	0.0005189483818791075	10.083333333333334
1.0	1.0	0.0	0.0005262939639541123	11.416666666666666
1.0	1.0	0.0	0.0004660170883433026	6.875
1.0	1.0	0.0	0.00042181607153984115	5.09375
1.0	2.0	0.0	0.0008602604208437332	6.21875
1.0	2.0	0.0	0.000871847397509618	6.8125
1.0	2.0	0.0	0.0008714015322807242	6.875
1.0	3.0	0.0	0.0010782176198615187	4.15625
1.0	2.0	0.0	0.0007429161719673094	4.59375
1.0	1.0	0.0	0.00042851591882138733	6.5625
1.0	3.0	0.0	0.001122445474509742	5.0
1.0	3.0	0.0	0.0010680833685097675	4.78125
1.0	2.0	0.0	0.0007469471691089315	4.71875
1.0	3.0	0.0	0.001067284887571293	4.40625
1.0	3.0	0.0	0.001080360753407554	5.3125
1.0	2.0	0.0	0.0008430074785798715	5.90625
1.0	2.0	0.0	0.000748801345709462	5.0625
1.0	3.0	0.0	0.0010995534505648234	5.96875
1.0	3.0	0.0	0.0011168345929151728	4.125
1.0	3.0	0.0	0.0011387266498564344	5.59375
1.0	3.0	0.0	0.0010903622890882645	4.21875
1.0	2.0	0.0	0.0007640481568931443	6.15625
1.0	2.0	0.0	0.0007701538044197119	6.8125
1.0	2.0	0.0	0.0007426800057593367	4.65625
1.0	3.0	0.0	0.001096981822671192	4.84375
1.0	3.0	0.0	0.0010962480848712665	4.90625
1.0	2.0	0.0	0.0007841038856022047	7.0
1.0	2.0	0.0	0.0007865427353127643	7.65625
1.0	3.0	0.0	0.0011569143562628207	5.3125
1.0	2.0	0.0	0.000769288993511557	5.5
1.0	3.0	0.0	0.0011798118154150528	5.90625
1.0	3.0	0.0	0.0011790299657863813	5.96875
1.0	1.0	0.0	0.0004738579705489832	7.1875
1.0	1.0	0.0	0.00047904946801226344	7.78125
1.0	1.0	0.0	0.00047887797900961286	7.84375
1.0	1.0	0.0	0.00046586307265650696	6.9411764705882355
1.0	1.0	0.0	0.00042158467870966553	5.205882352941177
1.0	2.0	0.0	0.0008602233089578827	6.5
1.0	2.0	0.0	0.0008718269775562408	7.117647058823529
1.0	2.0	0.0	0.0008713805459027345	7.176470588235294
1.0	3.0	0.0	0.0010768288450126236	4.205882352941177
1.0	3.0	0.0	0.0012644520963624637	6.235294117647059
1.0	2.0	0.0	0.0007428238541294127	4.794117647058823
1.0	3.0	0.0	0.0011216198189771547	5.0588235294117645
1.0	3.0	0.0	0.001065887663446125	4.794117647058823
1.0	2.0	0.0	0.0007462208609908148	4.794117647058823
1.0	3.0	0.0	0.0010652620144970195	4.382352941176471
1.0	3.0	0.0	0.0010786581831099921	5.235294117647059
1.0	2.0	0.0	0.0008422771755028661	5.970588235294118
1.0	2.0	0.0	0.0007450360375288415	4.9411764705882355
1.0	3.0	0.0	0.001094621348365004	5.794117647058823
1.0	3.0	0.0	0.0011305354373676683	5.382352941176471
1.0	3.0	0.0	0.0011163312157887492	4.235294117647059
1.0	2.0	0.0	0.0007623399115308323	6.088235294117647
1.0	3.0	0.0	0.0010899891694239033	4.382352941176471
1.0	2.0	0.0	0.0007687846732397237	6.647058823529412
1.0	2.0	0.0	0.0007834463805816357	6.9411764705882355
1.0	2.0	0.0	0.0007846473645279658	7.5
1.0	2.0	0.0	0.0007425870298668252	4.852941176470588
1.0	3.0	0.0	0.0010968621599504885	5.088235294117647
1.0	3.0	0.0	0.0010961251026391555	5.147058823529412
1.0	1.0	0.0	0.00046638355344141846	7.205882352941177
1.0	1.0	0.0	0.00046638355344141846	7.205882352941177
1.0	3.0	0.0	0.0011568639365652558	5.588235294117647
1.0	2.0	0.0	0.0007692484274423704	5.764705882352941
1.0	3.0	0.0	0.001179767400179668	6.205882352941177
1.0	3.0	0.0	0.0011789813137296997	6.264705882352941
1.0	1.0	0.0	0.0004738469590467827	7.470588235294118
1.0	1.0	0.0	0.00047903838498428175	8.088235294117647
1.0	1.0	0.0	0.0004788656468885218	8.147058823529411
1.0	0.0	0.0	0.0	0.0
1.0	2.0	0.0	0.0008616625220696693	5.416666666666667
1.0	1.0	0.0	0.00044878466309918356	4.875
1.0	2.0	0.0	0.000743839924024808	3.7083333333333335
1.0	2.0	0.0	0.0008410770061163836	4.458333333333333
1.0	3.0	0.0	0.0014072591663708417	6.583333333333333
1.0	1.0	0.0	0.00042623296649553613	4.958333333333333
1.0	3.0	0.0	0.0010984753846349144	3.7916666666666665
1.0	3.0	0.0	0.0010861208348075142	3.4166666666666665
1.0	3.0	0.0	0.001105340504468972	4.291666666666667
1.0	3.0	0.0	0.0011295208936622165	4.0
1.0	3.0	0.0	0.0011245589987498366	3.5416666666666665
1.0	3.0	0.0	0.001099726997669994	3.9166666666666665
1.0	2.0	0.0	0.0008688489355015643	5.083333333333333
1.0	2.0	0.0	0.0009027058741570395	5.791666666666667
1.0	2.0	0.0	0.0007665020968083156	4.583333333333333
1.0	3.0	0.0	0.0012034257029048458	3.9166666666666665
1.0	2.0	0.0	0.0007741722952473202	4.333333333333333
1.0	3.0	0.0	0.0011617496318924985	4.541666666666667
1.0	2.0	0.0	0.0007733293008439224	5.083333333333333
1.0	2.0	0.0	0.0007815862894264638	4.708333333333333
1.0	2.0	0.0	0.0007902913030916265	5.333333333333333
1.0	2.0	0.0	0.0007915000209188974	5.708333333333333
1.0	1.0	0.0	0.0005104135311398393	7.541666666666667
1.0	1.0	0.0	0.0005104135311398393	7.541666666666667
1.0	1.0	0.0	0.0004750288407163227	6.375
1.0	2.0	0.0	0.0008907790956539541	7.689655172413793
1.0	3.0	0.0	0.001038133633600299	4.551724137931035
1.0	2.0	0.0	0.0007659915331638526	4.172413793103448
1.0	2.0	0.0	0.0007246340435387602	4.9655172413793105
1.0	1.0	0.0	0.00046171878931615867	5.9655172413793105
1.0	3.0	0.0	0.001057343186032199	4.344827586206897
1.0	3.0	0.0	0.0010696312402921008	4.137931034482759
1.0	3.0	0.0	0.0010549599741997658	4.310344827586207
1.0	3.0	0.0	0.0010827967937405616	3.896551724137931
1.0	3.0	0.0	0.0010581701845194216	5.137931034482759
1.0	3.0	0.0	0.0011033151373607529	4.103448275862069
1.0	3.0	0.0	0.0010710339300935255	5.344827586206897
1.0	2.0	0.0	0.0007866791730580248	4.517241379310345
1.0	2.0	0.0	0.0007526249542555462	5.172413793103448
1.0	2.0	0.0	0.0007564267977965516	4.9655172413793105
1.0	2.0	0.0	0.0007905179295381491	4.931034482758621
1.0	2.0	0.0	0.0007528739289326527	5.9655172413793105
1.0	2.0	0.0	0.0007573288126953752	6.172413793103448
1.0	2.0	0.0	0.0007742299310089691	6.0
1.0	2.0	0.0	0.0007758431476397145	5.793103448275862
1.0	3.0	0.0	0.0011641361881690741	5.413793103448276
1.0	2.0	0.0	0.0007747805568347462	6.793103448275862
1.0	2.0	0.0	0.0007761820399340793	7.0
1.0	2.0	0.0	0.0008329729793457079	5.0
1.0	2.0	0.0	0.0008014569114611109	6.103448275862069
1.0	2.0	0.0	0.0008042062848429459	6.241379310344827
1.0	3.0	0.0	0.001216243971160841	6.793103448275862
1.0	2.0	0.0	0.0008169460061122713	6.931034482758621
1.0	2.0	0.0	0.0008198566623657051	7.620689655172414
1.0	1.0	0.0	0.00048726684248722206	8.655172413793103
1.0	1.0	0.0	0.00042767145621039023	3.8823529411764706
1.0	1.0	0.0	0.00042767145621039023	3.8823529411764706
1.0	3.0	0.0	0.001107636654817354	2.9411764705882355
1.0	3.0	0.0	0.001107636654817354	2.9411764705882355
1.0	3.0	0.0	0.0011275572741412314	3.2941176470588234
1.0	3.0	0.0	0.0011275572741412314	3.2941176470588234
1.0	2.0	0.0	0.0007897850330574651	4.0
1.0	2.0	0.0	0.0007897850330574651	4.0
1.0	2.0	0.0	0.0007897850330574651	4.0
1.0	2.0	0.0	0.0007897850330574651	4.0
1.0	2.0	0.0	0.0008072799441975194	4.705882352941177
1.0	2.0	0.0	0.0008072799441975194	4.705882352941177
1.0	2.0	0.0	0.0008072799441975194	4.705882352941177
1.0	2.0	0.0	0.0008072799441975194	4.705882352941177
1.0	3.0	0.0	0.0011339370833357853	2.9411764705882355
1.0	3.0	0.0	0.0011339370833357853	2.9411764705882355
1.0	2.0	0.0	0.0008147917747302827	5.411764705882353
1.0	2.0	0.0	0.0008147917747302827	5.411764705882353
1.0	2.0	0.0	0.0008830727557155178	5.714285714285714
1.0	2.0	0.0	0.0008326769585076478	4.571428571428571
1.0	2.0	0.0	0.000860271575404126	4.642857142857143
1.0	2.0	0.0	0.0008725215089747159	5.178571428571429
1.0	2.0	0.0	0.000873147035743757	5.535714285714286
1.0	1.0	0.0	0.0004468717569950324	5.571428571428571
1.0	1.0	0.0	0.000489616631183372	6.357142857142857
1.0	3.0	0.0	0.0011427722154184483	3.8214285714285716
1.0	2.0	0.0	0.0007757689376737477	4.107142857142857
1.0	2.0	0.0	0.0007685693688766404	4.107142857142857
1.0	3.0	0.0	0.0011099274049913186	3.7142857142857144
1.0	3.0	0.0	0.0011096599221588634	3.4642857142857144
1.0	3.0	0.0	0.0010956946998314494	3.357142857142857
1.0	3.0	0.0	0.0010963055401772127	3.2857142857142856
1.0	3.0	0.0	0.0011569120836007595	3.75
1.0	2.0	0.0	0.0007743936047271748	4.25
1.0	2.0	0.0	0.0007796427766673052	4.035714285714286
1.0	2.0	0.0	0.00077373849953066	3.892857142857143
1.0	3.0	0.0	0.0011811646545915222	4.285714285714286
1.0	3.0	0.0	0.0011825564349264648	4.642857142857143
1.0	3.0	0.0	0.0012004704163490264	4.607142857142857
1.0	2.0	0.0	0.0007954909032179887	4.464285714285714
1.0	3.0	0.0	0.001202371065026368	4.821428571428571
1.0	3.0	0.0	0.0013414792386897407	5.392857142857143
1.0	1.0	0.0	0.0004738496454151987	5.607142857142857
1.0	1.0	0.0	0.000489616631183372	6.357142857142857
1.0	1.0	0.0	0.00047935277139542275	6.142857142857143
1.0	1.0	0.0	0.00047967540256525223	6.5
1.0	1.0	0.0	0.00048418753097359947	6.678571428571429
1.0	2.0	0.0	0.0008809002794129525	6.333333333333333
1.0	2.0	0.0	0.0007721500851785426	4.454545454545454
1.0	2.0	0.0	0.0008587267207364552	5.424242424242424
1.0	2.0	0.0	0.0008713747055408986	6.03030303030303
1.0	2.0	0.0	0.0008718930542988257	6.333333333333333
1.0	1.0	0.0	0.00044507255516707266	6.0606060606060606
1.0	1.0	0.0	0.0004411249718379819	5.96969696969697
1.0	2.0	0.0	0.0008255820865409732	8.212121212121213
1.0	3.0	0.0	0.0011033303732924963	3.9696969696969697
1.0	2.0	0.0	0.0007593917556524116	4.363636363636363
1.0	2.0	0.0	0.0007591946685616849	4.515151515151516
1.0	3.0	0.0	0.0011024555527952608	4.333333333333333
1.0	3.0	0.0	0.0010916212156049365	3.8181818181818183
1.0	3.0	0.0	0.0010898962846754082	4.03030303030303
1.0	3.0	0.0	0.0010874388817946653	3.8181818181818183
1.0	3.0	0.0	0.0011537604368825217	4.515151515151516
1.0	2.0	0.0	0.0007714672284945074	4.9393939393939394
1.0	2.0	0.0	0.0007725558826044638	4.454545454545454
1.0	2.0	0.0	0.0007696598259556326	4.484848484848484
1.0	3.0	0.0	0.0011790087200989148	5.121212121212121
1.0	3.0	0.0	0.0011798889498297192	5.424242424242424
1.0	3.0	0.0	0.001194170623484016	5.090909090909091
1.0	2.0	0.0	0.0007923802618871639	5.121212121212121
1.0	3.0	0.0	0.0011982799547804617	5.424242424242424
1.0	3.0	0.0	0.001180981527764139	5.0
1.0	3.0	0.0	0.0011668957093941609	5.666666666666667
1.0	1.0	0.0	0.0004731335898759405	6.393939393939394
1.0	1.0	0.0	0.0004788708890969722	7.0
1.0	1.0	0.0	0.0004790636611078913	7.303030303030303
1.0	2.0	0.0	0.0008060939204468808	6.515151515151516
1.0	2.0	0.0	0.0008060939204468808	6.515151515151516
1.0	1.0	0.0	0.0004832716192655401	7.303030303030303
1.0	2.0	0.0	0.0008212807505985028	7.363636363636363
1.0	2.0	0.0	0.0008212807505985028	7.363636363636363
1.0	2.0	0.0	0.0008845851422956928	5.48
1.0	1.0	0.0	0.00043850575197303663	4.92
1.0	2.0	0.0	0.0008614634709234037	4.28
1.0	2.0	0.0	0.0008733341602000877	4.76
1.0	2.0	0.0	0.0008741754359593106	5.16
1.0	1.0	0.0	0.000448297279821446	5.44
1.0	2.0	0.0	0.000787580844359196	4.16
1.0	3.0	0.0	0.0011726754849590646	3.96
1.0	2.0	0.0	0.0007757721821882454	4.04
1.0	3.0	0.0	0.0011152902988887804	3.48
1.0	3.0	0.0	0.0011000425974820134	3.08
1.0	3.0	0.0	0.0011226713859090072	3.44
1.0	3.0	0.0	0.0011030306083170695	3.12
1.0	3.0	0.0	0.0011592142580547555	3.4
1.0	2.0	0.0	0.000776681475983728	3.96
1.0	2.0	0.0	0.0007851246811947409	3.96
1.0	2.0	0.0	0.0007767393059593652	3.68
1.0	3.0	0.0	0.0011828717924991256	3.88
1.0	3.0	0.0	0.0011844319320795651	4.28
1.0	3.0	0.0	0.001204895631975389	4.48
1.0	2.0	0.0	0.0007977690828546078	4.2
1.0	3.0	0.0	0.001205577158479694	4.6
1.0	1.0	0.0	0.0004743724578858425	5.24
1.0	1.0	0.0	0.0004797456329953886	5.72
1.0	1.0	0.0	0.00048009556655872506	6.12
1.0	1.0	0.0	0.0004849262847994209	6.44
1.0	1.0	0.0	0.0004409907493131622	10.026315789473685
1.0	1.0	0.0	0.0004397533913536255	9.052631578947368
1.0	2.0	0.0	0.0008074744641709893	7.157894736842105
1.0	1.0	0.0	0.0004465911790096378	10.5
1.0	1.0	0.0	0.00045859766225898576	9.092105263157896
1.0	1.0	0.0	0.0004656497336243279	12.947368421052632
1.0	2.0	0.0	0.0008337669382115574	9.039473684210526
1.0	1.0	0.0	0.00045045293956609577	8.644736842105264
1.0	1.0	0.0	0.0004925147223731347	13.881578947368421
1.0	1.0	0.0	0.0004495679814797151	8.118421052631579
1.0	1.0	0.0	0.000445841975028811	8.31578947368421
1.0	1.0	0.0	0.00046000700588868707	10.776315789473685
1.0	1.0	0.0	0.0004611991226375358	10.394736842105264
1.0	1.0	0.0	0.0004630108416264874	9.723684210526315
1.0	3.0	0.0	0.0011323413603165056	8.723684210526315
1.0	3.0	0.0	0.0011730871708424502	11.078947368421053
1.0	3.0	0.0	0.0011826179501138198	7.7631578947368425
1.0	3.0	0.0	0.0012120188379357885	8.81578947368421
1.0	2.0	0.0	0.0008183145558355452	9.710526315789474
1.0	2.0	0.0	0.0008018948691871932	7.197368421052632
1.0	2.0	0.0	0.0008140493637375641	7.473684210526316
1.0	3.0	0.0	0.0011315483687273226	8.381578947368421
1.0	2.0	0.0	0.000781951002809369	9.328947368421053
1.0	2.0	0.0	0.0007905659210253682	9.986842105263158
1.0	2.0	0.0	0.0007824859314669178	9.671052631578947
1.0	3.0	0.0	0.0011571320785325617	10.263157894736842
1.0	2.0	0.0	0.0007961824066565875	11.210526315789474
1.0	2.0	0.0	0.0008056562498975741	12.092105263157896
1.0	3.0	0.0	0.0011822834624435378	9.039473684210526
1.0	3.0	0.0	0.00117673047234326	8.06578947368421
1.0	3.0	0.0	0.0011923720009687196	9.328947368421053
1.0	2.0	0.0	0.0008014130707759822	12.026315789473685
1.0	3.0	0.0	0.0011984049568304683	9.513157894736842
1.0	3.0	0.0	0.001198622453622838	8.171052631578947
1.0	2.0	0.0	0.0008543696286022094	10.236842105263158
1.0	3.0	0.0	0.0011520847340751941	7.473684210526316
1.0	3.0	0.0	0.0012146748236293327	7.75
1.0	2.0	0.0	0.0008568011593974248	9.078947368421053
1.0	3.0	0.0	0.001361760311739484	11.171052631578947
1.0	3.0	0.0	0.0012996676445249438	8.657894736842104
1.0	3.0	0.0	0.0011724215615957123	6.7631578947368425
1.0	3.0	0.0	0.0012640429694270902	11.960526315789474
1.0	3.0	0.0	0.0013645479368882376	10.013157894736842
1.0	3.0	0.0	0.001239919042128861	8.105263157894736
1.0	3.0	0.0	0.0012138842726976086	7.657894736842105
1.0	3.0	0.0	0.0012045686547818082	6.9605263157894735
1.0	2.0	0.0	0.0007806915527454055	8.302631578947368
1.0	1.0	0.0	0.0004415714630074918	8.75
1.0	3.0	0.0	0.0011964567192488263	7.328947368421052
1.0	3.0	0.0	0.0012087542215383934	7.131578947368421
1.0	1.0	0.0	0.00044990768560162684	9.802631578947368
1.0	2.0	0.0	0.0009322675472550051	9.618421052631579
1.0	3.0	0.0	0.0013514764679608748	12.894736842105264
1.0	3.0	0.0	0.0012422048650665343	9.789473684210526
1.0	1.0	0.0	0.0004960620786553511	12.157894736842104
1.0	1.0	0.0	0.0004960620786553511	12.157894736842104
1.0	2.0	0.0	0.0008348782350216397	8.43421052631579
1.0	3.0	0.0	0.0012501364824216445	9.592105263157896
1.0	1.0	0.0	0.0004766255020518281	9.644736842105264
1.0	1.0	0.0	0.000496725729418269	11.0
1.0	1.0	0.0	0.000496725729418269	11.0
1.0	1.0	0.0	0.0004483627580060118	7.947368421052632
1.0	3.0	0.0	0.001237294141715851	9.236842105263158
1.0	3.0	0.0	0.0011617317232413059	9.157894736842104
1.0	3.0	0.0	0.0012465117803061073	9.407894736842104
1.0	1.0	0.0	0.0005062257866180714	10.605263157894736
1.0	1.0	0.0	0.0004925147223731347	13.881578947368421
1.0	3.0	0.0	0.0013337230614773859	10.171052631578947
1.0	3.0	0.0	0.0012550823923611672	8.736842105263158
1.0	1.0	0.0	0.00046119410819162065	10.578947368421053
1.0	2.0	0.0	0.0008038679670803147	10.092105263157896
1.0	2.0	0.0	0.0008038679670803147	10.092105263157896
1.0	1.0	0.0	0.00048729149148138553	11.157894736842104
1.0	1.0	0.0	0.00048729149148138553	11.157894736842104
1.0	2.0	0.0	0.0008194295495056515	11.026315789473685
1.0	2.0	0.0	0.0008194295495056515	11.026315789473685
1.0	2.0	0.0	0.0008241082465598623	11.960526315789474
1.0	1.0	0.0	0.0004697673387404431	9.4
1.0	1.0	0.0	0.0004697673387404431	9.4
1.0	1.0	0.0	0.0004697673387404431	9.4
1.0	1.0	0.0	0.0004697673387404431	9.4
1.0	2.0	0.0	0.0007736817689182347	6.125
1.0	2.0	0.0	0.0007736817689182347	6.125
1.0	2.0	0.0	0.0007406989201724259	8.175
1.0	2.0	0.0	0.0007406989201724259	8.175
1.0	3.0	0.0	0.0012759661996213428	8.425
1.0	3.0	0.0	0.0012759661996213428	8.425
1.0	2.0	0.0	0.000824005052834815	5.9
1.0	2.0	0.0	0.0008189629835741912	5.925
1.0	2.0	0.0	0.0008189629835741912	5.925
1.0	2.0	0.0	0.0008036530748908321	6.0
1.0	2.0	0.0	0.0008036530748908321	6.0
1.0	3.0	0.0	0.0010852286716182941	6.3
1.0	3.0	0.0	0.0010852286716182941	6.3
1.0	3.0	0.0	0.0010833102241905631	6.825
1.0	3.0	0.0	0.0010833102241905631	6.825
1.0	3.0	0.0	0.0010830102468914293	6.975
1.0	3.0	0.0	0.0010830102468914293	6.975
1.0	3.0	0.0	0.001090612982922123	7.5
1.0	3.0	0.0	0.001090612982922123	7.5
1.0	3.0	0.0	0.0010903426446543837	7.65
1.0	3.0	0.0	0.0010903426446543837	7.65
1.0	3.0	0.0	0.001147917628301376	7.55
1.0	3.0	0.0	0.001147917628301376	7.55
1.0	2.0	0.0	0.0007644797078265849	7.85
1.0	2.0	0.0	0.0007644797078265849	7.85
1.0	2.0	0.0	0.0007667436722012834	8.375
1.0	2.0	0.0	0.0007667436722012834	8.375
1.0	2.0	0.0	0.0007666250726204404	8.525
1.0	2.0	0.0	0.0007666250726204404	8.525
1.0	2.0	0.0	0.0007838968475756523	8.425
1.0	2.0	0.0	0.0007838968475756523	8.425
1.0	2.0	0.0	0.0007849363572789703	9.1
1.0	2.0	0.0	0.0007849363572789703	9.1
1.0	2.0	0.0	0.0007835526962771408	8.725
1.0	2.0	0.0	0.0007835526962771408	8.725
1.0	2.0	0.0	0.0007845482136522973	9.4
1.0	2.0	0.0	0.0007845482136522973	9.4
1.0	1.0	0.0	0.0004695761419698855	8.447368421052632
1.0	1.0	0.0	0.0004695761419698855	8.447368421052632
1.0	1.0	0.0	0.0004695761419698855	8.447368421052632
1.0	1.0	0.0	0.0004695761419698855	8.447368421052632
1.0	2.0	0.0	0.0007670506112251461	5.2631578947368425
1.0	2.0	0.0	0.0007670506112251461	5.2631578947368425
1.0	2.0	0.0	0.0007400035827783359	7.2105263157894735
1.0	2.0	0.0	0.0007400035827783359	7.2105263157894735
1.0	3.0	0.0	0.0012753274039996076	7.473684210526316
1.0	3.0	0.0	0.0012753274039996076	7.473684210526316
1.0	2.0	0.0	0.000799021490790706	5.157894736842105
1.0	2.0	0.0	0.0007917432088089627	5.184210526315789
1.0	2.0	0.0	0.0007917432088089627	5.184210526315789
1.0	3.0	0.0	0.0010811020345539543	5.394736842105263
1.0	3.0	0.0	0.0010811020345539543	5.394736842105263
1.0	3.0	0.0	0.0010814318058648556	5.894736842105263
1.0	3.0	0.0	0.0010814318058648556	5.894736842105263
1.0	3.0	0.0	0.0010809996962178334	6.052631578947368
1.0	3.0	0.0	0.0010809996962178334	6.052631578947368
1.0	3.0	0.0	0.0010894951240944014	6.552631578947368
1.0	3.0	0.0	0.0010894951240944014	6.552631578947368
1.0	3.0	0.0	0.00108915631670844	6.7105263157894735
1.0	3.0	0.0	0.00108915631670844	6.7105263157894735
1.0	3.0	0.0	0.0011469382356949069	6.605263157894737
1.0	3.0	0.0	0.0011469382356949069	6.605263157894737
1.0	2.0	0.0	0.000763582873289904	6.921052631578948
1.0	2.0	0.0	0.000763582873289904	6.921052631578948
1.0	2.0	0.0	0.0007661920001957869	7.421052631578948
1.0	2.0	0.0	0.0007661920001957869	7.421052631578948
1.0	2.0	0.0	0.0007660072840602837	7.578947368421052
1.0	2.0	0.0	0.0007660072840602837	7.578947368421052
1.0	2.0	0.0	0.0007833873902534812	7.473684210526316
1.0	2.0	0.0	0.0007833873902534812	7.473684210526316
1.0	2.0	0.0	0.0007844610212344263	8.131578947368421
1.0	2.0	0.0	0.0007844610212344263	8.131578947368421
1.0	2.0	0.0	0.0007828867677328536	7.7894736842105265
1.0	2.0	0.0	0.0007828867677328536	7.7894736842105265
1.0	2.0	0.0	0.0007839740423992209	8.447368421052632
1.0	2.0	0.0	0.0007839740423992209	8.447368421052632
1.0	1.0	0.0	0.00046969717989311656	8.923076923076923
1.0	1.0	0.0	0.00046969717989311656	8.923076923076923
1.0	1.0	0.0	0.00046969717989311656	8.923076923076923
1.0	1.0	0.0	0.00046969717989311656	8.923076923076923
1.0	2.0	0.0	0.0007711371053353633	5.6923076923076925
1.0	2.0	0.0	0.0007711371053353633	5.6923076923076925
1.0	2.0	0.0	0.0007404228157741509	7.6923076923076925
1.0	2.0	0.0	0.0007404228157741509	7.6923076923076925
1.0	3.0	0.0	0.001275707072728388	7.948717948717949
1.0	3.0	0.0	0.001275707072728388	7.948717948717949
1.0	2.0	0.0	0.0008113029319182315	5.538461538461538
1.0	2.0	0.0	0.0008113029319182315	5.538461538461538
1.0	2.0	0.0	0.0007989490522749838	5.589743589743589
1.0	2.0	0.0	0.0007989490522749838	5.589743589743589
1.0	3.0	0.0	0.0010836065161234437	5.846153846153846
1.0	3.0	0.0	0.0010836065161234437	5.846153846153846
1.0	3.0	0.0	0.0010825781479752176	6.358974358974359
1.0	3.0	0.0	0.0010825781479752176	6.358974358974359
1.0	3.0	0.0	0.0010822271463801787	6.512820512820513
1.0	3.0	0.0	0.0010822271463801787	6.512820512820513
1.0	3.0	0.0	0.0010901863072821853	7.0256410256410255
1.0	3.0	0.0	0.0010901863072821853	7.0256410256410255
1.0	3.0	0.0	0.00108988930622362	7.17948717948718
1.0	3.0	0.0	0.00108988930622362	7.17948717948718
1.0	3.0	0.0	0.0011475457086561319	7.076923076923077
1.0	3.0	0.0	0.0011475457086561319	7.076923076923077
1.0	2.0	0.0	0.0007641353807924105	7.384615384615385
1.0	2.0	0.0	0.0007641353807924105	7.384615384615385
1.0	2.0	0.0	0.0007665225702274285	7.897435897435898
1.0	2.0	0.0	0.0007665225702274285	7.897435897435898
1.0	2.0	0.0	0.0007663780506353857	8.051282051282051
1.0	2.0	0.0	0.0007663780506353857	8.051282051282051
1.0	2.0	0.0	0.0007836920114355165	7.948717948717949
1.0	2.0	0.0	0.0007836920114355165	7.948717948717949
1.0	2.0	0.0	0.0007847593196990047	8.615384615384615
1.0	2.0	0.0	0.0007847593196990047	8.615384615384615
1.0	2.0	0.0	0.0007832873007107904	8.256410256410257
1.0	2.0	0.0	0.0007832873007107904	8.256410256410257
1.0	2.0	0.0	0.0007843326688080291	8.923076923076923
1.0	2.0	0.0	0.0007843326688080291	8.923076923076923
1.0	2.0	0.0	0.0007522283626899205	4.28
1.0	2.0	0.0	0.0007577056677665402	4.52
1.0	2.0	0.0	0.000865947179271012	5.32
1.0	2.0	0.0	0.0008680687819455165	5.52
1.0	1.0	0.0	0.00042234171794710033	4.64
1.0	1.0	0.0	0.00042293412004455635	4.88
1.0	1.0	0.0	0.0004995049390612383	7.08
1.0	1.0	0.0	0.0005001369247571504	7.28
1.0	3.0	0.0	0.0010858317233880348	3.68
1.0	3.0	0.0	0.001123208771838805	4.04
1.0	3.0	0.0	0.0010872284813678713	3.68
1.0	3.0	0.0	0.0010897433902542553	3.92
1.0	3.0	0.0	0.0010878623620299965	3.92
1.0	3.0	0.0	0.0011190305871584204	3.68
1.0	3.0	0.0	0.0012195462295755092	4.6
1.0	3.0	0.0	0.0011320618799940305	4.24
1.0	3.0	0.0	0.0011203551103322385	3.92
1.0	2.0	0.0	0.0007521758644180216	4.04
1.0	3.0	0.0	0.0012244014457149738	4.8
1.0	2.0	0.0	0.0007642597102715352	4.72
1.0	1.0	0.0	0.0004531725090736072	5.56
1.0	1.0	0.0	0.0004546621260521996	5.76
1.0	3.0	0.0	0.0013729195439600873	6.12
1.0	3.0	0.0	0.0013749006118656897	6.32
1.0	1.0	0.0	0.0004995049390612383	7.08
1.0	1.0	0.0	0.0005001369247571504	7.28
1.0	2.0	0.0	0.0007536393690367935	3.210526315789474
1.0	2.0	0.0	0.0007648235380443792	4.473684210526316
1.0	2.0	0.0	0.0008684754556826393	4.2105263157894735
1.0	1.0	0.0	0.0004242835835161962	4.315789473684211
1.0	1.0	0.0	0.0004242835835161962	4.315789473684211
1.0	1.0	0.0	0.0005002644608011141	5.894736842105263
1.0	3.0	0.0	0.0010908242232584105	3.0526315789473686
1.0	3.0	0.0	0.0011336682495313043	3.1578947368421053
1.0	3.0	0.0	0.0010908242232584102	3.0526315789473686
1.0	3.0	0.0	0.0012252781144782001	3.5789473684210527
1.0	2.0	0.0	0.0007536393690367934	3.210526315789474
1.0	3.0	0.0	0.001097787355112477	3.6842105263157894
1.0	3.0	0.0	0.001125032397518463	3.3684210526315788
1.0	3.0	0.0	0.001097787355112477	3.6842105263157894
1.0	3.0	0.0	0.0011250323975184632	3.3684210526315788
1.0	1.0	0.0	0.0004549412637453586	4.526315789473684
1.0	2.0	0.0	0.0007648235380443792	4.473684210526316
1.0	2.0	0.0	0.0007751017543062948	5.052631578947368
1.0	3.0	0.0	0.0013752790804472288	4.947368421052632
1.0	1.0	0.0	0.0005002644608011141	5.894736842105263
1.0	2.0	0.0	0.0007648899123325018	3.526315789473684
1.0	2.0	0.0	0.0007665874696047867	3.6842105263157894
1.0	1.0	0.0	0.00047015566702334583	5.052631578947368
1.0	1.0	0.0	0.00042582240978488616	3.8421052631578947
1.0	1.0	0.0	0.0004722598929478301	5.315789473684211
1.0	1.0	0.0	0.0004258584476370014	4.0
1.0	3.0	0.0	0.0011011014865038012	2.8947368421052633
1.0	3.0	0.0	0.0011000792271002782	2.8947368421052633
1.0	3.0	0.0	0.0011500590343838423	3.3684210526315788
1.0	3.0	0.0	0.0011011910885540717	3.0526315789473686
1.0	3.0	0.0	0.0011001614883023952	3.0526315789473686
1.0	3.0	0.0	0.0011304198122174679	2.8947368421052633
1.0	3.0	0.0	0.0012777339049991488	4.105263157894737
1.0	3.0	0.0	0.0011302985808612732	3.0526315789473686
1.0	3.0	0.0	0.0011607754493151371	3.6315789473684212
1.0	2.0	0.0	0.0007649206761360771	3.3684210526315788
1.0	3.0	0.0	0.001284688077975611	4.368421052631579
1.0	2.0	0.0	0.0007766355871160607	3.9473684210526314
1.0	1.0	0.0	0.00047015566702334583	5.052631578947368
1.0	1.0	0.0	0.0004722598929478301	5.315789473684211
1.0	2.0	0.0	0.000764893210747015	2.9375
1.0	2.0	0.0	0.0007665206612464245	3.6875
1.0	1.0	0.0	0.0004722696062926839	4.6875
1.0	1.0	0.0	0.00042583533602863906	3.6875
1.0	1.0	0.0	0.000425835336028639	3.6875
1.0	3.0	0.0	0.0011001094492528063	2.5625
1.0	3.0	0.0	0.0011001094492528061	2.5625
1.0	3.0	0.0	0.0011607896686136733	3.0625
1.0	2.0	0.0	0.000764893210747015	2.9375
1.0	3.0	0.0	0.0011010994176673915	2.9375
1.0	3.0	0.0	0.0012846806985637807	3.75
1.0	3.0	0.0	0.0011303044539437042	2.75
1.0	3.0	0.0	0.0011010994176673915	2.9375
1.0	3.0	0.0	0.0011303044539437042	2.75
1.0	2.0	0.0	0.0007665206612464245	3.6875
1.0	1.0	0.0	0.0004722696062926839	4.6875
1.0	2.0	0.0	0.0007766110693169065	4.1875
1.0	1.0	0.0	0.00046856759383018856	7.95
1.0	0.0	0.0	0.0	0.0
1.0	1.0	0.0	0.00042240459004481463	6.125
1.0	2.0	0.0	0.0008603372894530096	7.825
1.0	2.0	0.0	0.0008719041774511653	8.5
1.0	2.0	0.0	0.0008714648371718466	8.55
1.0	1.0	0.0	0.00047907682111978956	9.475
1.0	1.0	0.0	0.00047907682111978956	9.475
1.0	4.0	0.0	0.0015649432165906068	5.8
1.0	3.0	0.0	0.0010822359505146362	4.975
1.0	2.0	0.0	0.0007433557073835712	5.925
1.0	3.0	0.0	0.0013038437453039415	8.5
1.0	3.0	0.0	0.001133519588775828	6.05
1.0	3.0	0.0	0.001088473689964639	5.675
1.0	2.0	0.0	0.000751409964501882	5.725
1.0	3.0	0.0	0.0010731127432030028	4.975
1.0	3.0	0.0	0.001117584777550022	5.425
1.0	2.0	0.0	0.0007431424014162733	5.2
1.0	2.0	0.0	0.0007880847370203021	6.325
1.0	2.0	0.0	0.00075671026827268	5.9
1.0	2.0	0.0	0.0007616255896714915	6.125
1.0	2.0	0.0	0.0008481911009464618	6.975
1.0	1.0	0.0	0.00043958784369321996	6.775
1.0	1.0	0.0	0.00043958784369321996	6.775
1.0	3.0	0.0	0.001119158706708714	5.15
1.0	3.0	0.0	0.001158092346680834	6.9
1.0	3.0	0.0	0.0010912723536347759	5.425
1.0	3.0	0.0	0.0011943958000436667	7.625
1.0	2.0	0.0	0.0008035157709981481	7.775
1.0	2.0	0.0	0.000743122737459474	5.975
1.0	3.0	0.0	0.0010972976042290588	6.325
1.0	3.0	0.0	0.0010965727718257982	6.375
1.0	2.0	0.0	0.0008125654130154408	8.5
1.0	2.0	0.0	0.0008158618841497985	8.65
1.0	3.0	0.0	0.0011570949881081845	6.9
1.0	2.0	0.0	0.0007694352522195578	7.05
1.0	2.0	0.0	0.0008218409632678612	9.375
1.0	3.0	0.0	0.0011799200895034182	7.575
1.0	3.0	0.0	0.001179147179534132	7.625
1.0	1.0	0.0	0.00047389924950940447	8.8
1.0	1.0	0.0	0.0004790728096646116	9.475
1.0	1.0	0.0	0.0004789030149264592	9.525
1.0	1.0	0.0	0.0004439849158481238	5.7727272727272725
1.0	1.0	0.0	0.00042944161959526813	4.590909090909091
1.0	3.0	0.0	0.0011168460372711596	4.818181818181818
1.0	2.0	0.0	0.0007435992483991502	3.6818181818181817
1.0	2.0	0.0	0.0007801314304675447	5.636363636363637
1.0	2.0	0.0	0.0007801314304675447	5.636363636363637
1.0	2.0	0.0	0.0007958475612315887	6.454545454545454
1.0	2.0	0.0	0.0007958475612315887	6.454545454545454
1.0	3.0	0.0	0.0010951196269975132	4.2272727272727275
1.0	2.0	0.0	0.0007413140075657513	3.909090909090909
1.0	2.0	0.0	0.000752877665121237	4.181818181818182
1.0	3.0	0.0	0.0010894387004671622	3.590909090909091
1.0	3.0	0.0	0.0010851200602061924	3.5454545454545454
1.0	2.0	0.0	0.00075191383074887	3.8636363636363638
1.0	3.0	0.0	0.0011406686736408337	3.6363636363636362
1.0	3.0	0.0	0.0011009462152719275	3.727272727272727
1.0	2.0	0.0	0.0007602981622031948	3.772727272727273
1.0	3.0	0.0	0.0011305625350718645	4.136363636363637
1.0	3.0	0.0	0.0011886435786751352	4.818181818181818
1.0	2.0	0.0	0.0007890334068655512	4.909090909090909
1.0	2.0	0.0	0.0008113886734023407	5.590909090909091
1.0	2.0	0.0	0.0008098551030338644	5.681818181818182
1.0	2.0	0.0	0.0008149517948982904	6.363636363636363
1.0	1.0	0.0	0.000421185076249763	6.333333333333333
1.0	1.0	0.0	0.0004191961934336451	4.933333333333334
1.0	2.0	0.0	0.0009129747135918425	6.266666666666667
1.0	1.0	0.0	0.00047344146184060657	7.2
1.0	3.0	0.0	0.0010416087033496932	4.0
1.0	2.0	0.0	0.0007508033975327314	6.6
1.0	3.0	0.0	0.001145068369660874	4.533333333333333
1.0	2.0	0.0	0.0008172631694641193	5.533333333333333
1.0	4.0	0.16666666666666666	0.0013160771040536053	4.6
1.0	3.0	0.3333333333333333	0.0010065213417438782	4.9
1.0	2.0	1.0	0.0006847890650130993	5.5
1.0	2.0	0.0	0.0007011468548338336	4.6
1.0	3.0	0.0	0.0010229148593017417	4.2
1.0	3.0	0.0	0.0010411436852204112	5.1
1.0	3.0	0.0	0.0010714045436853148	5.766666666666667
1.0	2.0	0.0	0.0007280730404376011	4.866666666666666
1.0	3.0	0.0	0.0011230157298763358	5.9
1.0	3.0	0.0	0.0011147877406212845	5.366666666666666
1.0	3.0	0.0	0.0011081703898806628	3.966666666666667
1.0	2.0	0.0	0.0007615011124387572	6.666666666666667
1.0	1.0	0.0	0.000423631049970546	6.866666666666666
1.0	3.0	0.0	0.0011057407137171928	4.066666666666666
1.0	2.0	0.0	0.0007622678385616076	4.533333333333333
1.0	3.0	0.0	0.001144989326859322	4.9
1.0	2.0	0.0	0.000774235560522809	5.0
1.0	2.0	0.0	0.0008414941734511767	5.366666666666666
1.0	3.0	0.0	0.0012866427871075004	6.233333333333333
1.0	1.0	0.0	0.0004978105894157139	7.233333333333333
1.0	2.0	0.0	0.000906934827508564	7.066666666666666
1.0	2.0	0.0	0.0009613262939123498	7.966666666666667
1.0	1.0	0.0	0.0005202236345317909	8.933333333333334
1.0	2.0	0.0	0.0007627957904906679	6.266666666666667
1.0	2.0	0.0	0.0007627957904906679	6.266666666666667
1.0	2.0	0.0	0.0007627957904906679	6.266666666666667
1.0	2.0	0.0	0.0007627957904906679	6.266666666666667
1.0	2.0	0.0	0.0008136641200485989	8.266666666666667
1.0	2.0	0.0	0.0008136641200485989	8.266666666666667
1.0	2.0	0.0	0.0008136641200485989	8.266666666666667
1.0	2.0	0.0	0.0008136641200485989	8.266666666666667
1.0	4.0	0.0	0.001446999997783342	5.266666666666667
1.0	2.0	0.0	0.000754220445395499	5.766666666666667
1.0	2.0	0.0	0.000754220445395499	5.766666666666667
1.0	2.0	0.0	0.000754220445395499	5.766666666666667
1.0	2.0	0.0	0.000754220445395499	5.766666666666667
1.0	3.0	0.0	0.0011177542783113944	6.766666666666667
1.0	3.0	0.0	0.0011177542783113944	6.766666666666667
1.0	3.0	0.0	0.0011177542783113944	6.766666666666667
1.0	3.0	0.0	0.0011177542783113944	6.766666666666667
1.0	4.0	0.0	0.0017182262906037843	9.683333333333334
1.0	4.0	0.0	0.0017182262906037843	9.683333333333334
1.0	4.0	0.0	0.0017182262906037843	9.683333333333334
1.0	4.0	0.0	0.0017182262906037843	9.683333333333334
1.0	3.0	0.0	0.0011304648020198597	7.233333333333333
1.0	3.0	0.0	0.0011304648020198597	7.233333333333333
1.0	3.0	0.0	0.0011304648020198597	7.233333333333333
1.0	3.0	0.0	0.0011304648020198597	7.233333333333333
1.0	3.0	0.0	0.0011819537937184307	8.8
1.0	3.0	0.0	0.0011819537937184307	8.8
1.0	3.0	0.0	0.0011819537937184307	8.8
1.0	3.0	0.0	0.0011819537937184307	8.8
1.0	2.0	0.0	0.0007790518367622861	8.016666666666667
1.0	2.0	0.0	0.0007790518367622861	8.016666666666667
1.0	2.0	0.0	0.0007790518367622861	8.016666666666667
1.0	2.0	0.0	0.0007790518367622861	8.016666666666667
1.0	2.0	0.0	0.0007911378805169842	7.766666666666667
1.0	2.0	0.0	0.0007911378805169842	7.766666666666667
1.0	2.0	0.0	0.0007911378805169842	7.766666666666667
1.0	2.0	0.0	0.0007911378805169842	7.766666666666667
1.0	2.0	0.0	0.0007791899205874375	7.55
1.0	2.0	0.0	0.0007791899205874375	7.55
1.0	2.0	0.0	0.0007791899205874375	7.55
1.0	2.0	0.0	0.0007791899205874375	7.55
1.0	2.0	0.0	0.0007904363677179749	8.333333333333334
1.0	2.0	0.0	0.0007904363677179749	8.333333333333334
1.0	2.0	0.0	0.0007904363677179749	8.333333333333334
1.0	2.0	0.0	0.0007904363677179749	8.333333333333334
1.0	1.0	0.0	0.00047421005679408596	10.666666666666666
1.0	1.0	0.0	0.00047421005679408596	10.666666666666666
1.0	1.0	0.0	0.00047421005679408596	10.666666666666666
1.0	1.0	0.0	0.00047421005679408596	10.666666666666666
1.0	1.0	0.0	0.00047421005679408596	10.666666666666666
1.0	1.0	0.0	0.00047421005679408596	10.666666666666666
1.0	1.0	0.0	0.00047421005679408596	10.666666666666666
1.0	1.0	0.0	0.00047421005679408596	10.666666666666666
1.0	1.0	0.0	0.00047421005679408596	10.666666666666666
1.0	1.0	0.0	0.00047421005679408596	10.666666666666666
1.0	1.0	0.0	0.00047421005679408596	10.666666666666666
1.0	1.0	0.0	0.00047421005679408596	10.666666666666666
1.0	2.0	0.0	0.0008230903057335946	8.766666666666667
1.0	2.0	0.0	0.0008230903057335946	8.766666666666667
1.0	2.0	0.0	0.0008230903057335946	8.766666666666667
1.0	2.0	0.0	0.0008230903057335946	8.766666666666667
1.0	2.0	0.0	0.0007495389732859835	4.2
1.0	1.0	0.0	0.00041581940563396267	4.1
1.0	2.0	0.0	0.0007232578301221114	3.15
1.0	2.0	0.0	0.0007382663619026806	3.7
1.0	2.0	0.0	0.0007454745323329405	4.1
1.0	3.0	0.0	0.0010290626273933264	2.7
1.0	3.0	0.0	0.0010462783087173163	2.85
1.0	3.0	0.0	0.0010499369681664632	2.8
1.0	3.0	0.0	0.0010445840248714572	2.95
1.0	3.0	0.0	0.0010616074124413365	3.2
1.0	3.0	0.0	0.0010566442359180867	3.3
1.0	3.0	0.0	0.0010715833890903598	3.3
1.0	3.0	0.0	0.0010700796203622143	3.4
1.0	3.0	0.0	0.001097043689828115	3.15
1.0	2.0	0.0	0.0007387843171873821	3.6
1.0	2.0	0.0	0.0007542188150158347	3.95
1.0	2.0	0.0	0.0007513392684471809	3.85
1.0	2.0	0.0	0.0007578325002616606	4.05
1.0	2.0	0.0	0.0007757587870311424	4.7
1.0	2.0	0.0	0.0007767582965892605	4.8
1.0	2.0	0.0	0.0007594870968062116	4.55
1.0	2.0	0.0	0.0007444338312555157	9.142857142857142
1.0	2.0	0.0	0.000801046038246283	8.214285714285714
1.0	2.0	0.0	0.0007623722518024542	6.9
1.0	1.0	0.0	0.00041599727589173424	6.857142857142857
1.0	1.0	0.0	0.0004289917455531649	9.0
1.0	2.0	0.0	0.0008308279999708762	7.5285714285714285
1.0	1.0	0.0	0.00042982873643191094	7.885714285714286
1.0	2.0	0.0	0.0007695948634570912	5.914285714285715
1.0	1.0	0.0	0.0004803974910634192	10.128571428571428
1.0	1.0	0.0	0.0004389157087757846	8.67142857142857
1.0	1.0	0.0	0.0004891590137552186	9.442857142857143
1.0	1.0	0.0	0.00043598633484198375	7.085714285714285
1.0	2.0	0.0	0.00079893228415298	7.071428571428571
1.0	2.0	0.0	0.0008515158381594288	8.642857142857142
1.0	1.0	0.0	0.00045973688782629374	8.814285714285715
1.0	1.0	0.0	0.0004421522152232222	9.428571428571429
1.0	1.0	0.0	0.0004983551309924855	12.242857142857142
1.0	1.0	0.0	0.000522062761536423	13.2
1.0	2.0	0.0	0.0007766339200557165	7.6571428571428575
1.0	3.0	0.0	0.0010610115917007229	6.557142857142857
1.0	4.0	0.0	0.0014216755166537934	7.314285714285714
1.0	4.0	0.0	0.0014641493612120014	7.142857142857143
1.0	3.0	0.0	0.0010827873128560978	8.185714285714285
1.0	3.0	0.0	0.001076107201322458	6.142857142857143
1.0	4.0	0.0	0.0014661625956968764	5.871428571428571
1.0	3.0	0.0	0.0011433923294873923	8.014285714285714
1.0	2.0	0.0	0.000753054801101812	8.771428571428572
1.0	4.0	0.0	0.001521811951435459	6.514285714285714
1.0	2.0	0.0	0.0007431488393873956	8.271428571428572
1.0	3.0	0.0	0.0011461784530889265	6.9
1.0	2.0	0.0	0.0007496058045068417	5.914285714285715
1.0	3.0	0.0	0.0011139167468721025	6.214285714285714
1.0	1.0	0.0	0.0004169065014911895	8.128571428571428
1.0	3.0	0.0	0.0011363764129626013	6.628571428571429
1.0	3.0	0.0	0.0011138911338476687	5.757142857142857
1.0	3.0	0.0	0.0011394961881272168	6.257142857142857
1.0	1.0	0.0	0.00042978369763578274	7.5
1.0	1.0	0.0	0.00042978369763578274	7.5
1.0	1.0	0.0	0.00042919433188449556	7.242857142857143
1.0	3.0	0.0	0.0013093792485554614	9.142857142857142
1.0	3.0	0.0	0.0011723837177000677	7.685714285714286
1.0	1.0	0.0	0.0004803974910634192	10.128571428571428
1.0	3.0	0.0	0.0013384845323879905	8.457142857142857
1.0	3.0	0.0	0.0011654878329129023	6.1
1.0	3.0	0.0	0.0011632794600159517	8.528571428571428
1.0	3.0	0.0	0.0011296068758224042	6.3428571428571425
1.0	1.0	0.0	0.0004891590137552186	9.442857142857143
1.0	2.0	0.0	0.0008039906752630151	9.457142857142857
1.0	2.0	0.0	0.0008039906752630151	9.457142857142857
1.0	3.0	0.0	0.0011155320740010369	6.9
1.0	2.0	0.0	0.0008201246638633884	10.385714285714286
1.0	2.0	0.0	0.0008201246638633884	10.385714285714286
1.0	2.0	0.0	0.0008241017319129847	11.314285714285715
1.0	3.0	0.0	0.0011329911604071217	7.742857142857143
1.0	3.0	0.0	0.00124185674362525	7.828571428571428
1.0	2.0	0.0	0.0007911343028308973	8.67142857142857
1.0	2.0	0.0	0.0007911343028308973	8.67142857142857
1.0	3.0	0.0	0.0011847767485030328	8.442857142857143
1.0	2.0	0.0	0.0008094756003691572	9.6
1.0	2.0	0.0	0.0008094756003691572	9.6
1.0	3.0	0.0	0.0011686035883235366	9.285714285714286
1.0	2.0	0.0	0.0008154750323898362	10.528571428571428
1.0	2.0	0.0	0.0008693482142179778	9.485714285714286
1.0	2.0	0.0	0.0008069990016950916	10.214285714285714
1.0	2.0	0.0	0.0008069990016950916	10.214285714285714
1.0	2.0	0.0	0.0008901340813256206	10.357142857142858
1.0	2.0	0.0	0.0008218462558663941	11.142857142857142
1.0	2.0	0.0	0.0008218462558663941	11.142857142857142
1.0	3.0	0.0	0.0013698663841397536	11.257142857142858
1.0	2.0	0.0	0.0008262099377357284	12.071428571428571
1.0	2.0	0.0	0.0009689012268519776	12.214285714285714
1.0	2.0	0.0	0.0007382312793167955	8.242857142857142
1.0	2.0	0.0	0.0007975316325720275	7.571428571428571
1.0	2.0	0.0	0.0007610051810671303	6.514285714285714
1.0	1.0	0.0	0.0004159680748928125	6.728571428571429
1.0	2.0	0.0	0.0007843704058452137	7.585714285714285
1.0	2.0	0.0	0.0008292753356100896	7.142857142857143
1.0	1.0	0.0	0.0004272252438801206	7.242857142857143
1.0	2.0	0.0	0.0007803000241555387	6.557142857142857
1.0	1.0	0.0	0.00047934819551925887	9.485714285714286
1.0	2.0	0.0	0.000846343239900519	9.157142857142857
1.0	1.0	0.0	0.0004385924769008874	8.285714285714286
1.0	1.0	0.0	0.00045603595230385695	9.32857142857143
1.0	1.0	0.0	0.0004886958732883207	9.057142857142857
1.0	1.0	0.0	0.00044474979144466906	7.985714285714286
1.0	1.0	0.0	0.0004422219531024906	8.485714285714286
1.0	1.0	0.0	0.0004978101961796541	12.757142857142858
1.0	1.0	0.0	0.0005217280494569478	13.714285714285714
1.0	1.0	0.0	0.0004444263523195496	10.585714285714285
1.0	2.0	0.0	0.0007862944461831847	8.814285714285715
1.0	3.0	0.0	0.0010518965456138556	5.914285714285715
1.0	4.0	0.0	0.0014114368316851856	6.671428571428572
1.0	4.0	0.0	0.0014402110246176845	6.242857142857143
1.0	3.0	0.0	0.001069033802778667	7.285714285714286
1.0	3.0	0.0	0.0010729453116029633	5.757142857142857
1.0	4.0	0.0	0.0014656999050010036	5.742857142857143
1.0	3.0	0.0	0.0010957783401971525	6.857142857142857
1.0	2.0	0.0	0.000735206169036062	7.614285714285714
1.0	4.0	0.0	0.0015216529686929725	6.385714285714286
1.0	2.0	0.0	0.0007377079287797671	7.628571428571429
1.0	3.0	0.0	0.001136987618714576	6.257142857142857
1.0	2.0	0.0	0.0007515183076036822	6.042857142857143
1.0	3.0	0.0	0.0011134180916889261	6.085714285714285
1.0	1.0	0.0	0.00041130040439484413	7.228571428571429
1.0	3.0	0.0	0.0011330761916545327	6.242857142857143
1.0	3.0	0.0	0.0011200740189230764	6.142857142857143
1.0	3.0	0.0	0.0011420648732579472	6.385714285714286
1.0	1.0	0.0	0.00042968093977675765	7.371428571428571
1.0	1.0	0.0	0.00042968093977675765	7.371428571428571
1.0	1.0	0.0	0.000429887958454233	7.371428571428571
1.0	3.0	0.0	0.0013062223931394634	8.5
1.0	3.0	0.0	0.0011714242669741608	7.3
1.0	3.0	0.0	0.0012309569387500294	8.342857142857143
1.0	1.0	0.0	0.00047934819551925887	9.485714285714286
1.0	3.0	0.0	0.0013371296168378408	8.071428571428571
1.0	3.0	0.0	0.001194241616671353	7.0
1.0	3.0	0.0	0.0011627328316215616	8.142857142857142
1.0	3.0	0.0	0.001184468637735445	7.5
1.0	1.0	0.0	0.0004886958732883207	9.057142857142857
1.0	2.0	0.0	0.0008037632615179879	9.071428571428571
1.0	2.0	0.0	0.0008037632615179879	9.071428571428571
1.0	2.0	0.0	0.0008665938897809918	10.0
1.0	3.0	0.0	0.0011397634377938461	8.057142857142857
1.0	2.0	0.0	0.0008199376091498798	10.0
1.0	2.0	0.0	0.0008199376091498798	10.0
1.0	2.0	0.0	0.0008881174837763162	10.871428571428572
1.0	2.0	0.0	0.000823943169185531	10.928571428571429
1.0	3.0	0.0	0.0011455651432250352	8.9
1.0	3.0	0.0	0.0013683841896406294	11.771428571428572
1.0	2.0	0.0	0.0007966986182215954	9.82857142857143
1.0	2.0	0.0	0.0007966986182215954	9.82857142857143
1.0	3.0	0.0	0.0011921361900145556	9.6
1.0	2.0	0.0	0.0009679871720600997	12.728571428571428
1.0	2.0	0.0	0.0008138509723193098	10.757142857142858
1.0	2.0	0.0	0.0008138509723193098	10.757142857142858
1.0	3.0	0.0	0.0011724776787286702	10.442857142857143
1.0	2.0	0.0	0.0008192496469697436	11.685714285714285
1.0	2.0	0.0	0.0008086932009687317	11.371428571428572
1.0	2.0	0.0	0.0008086932009687317	11.371428571428572
1.0	2.0	0.0	0.0008231955868747125	12.3
1.0	2.0	0.0	0.0008231955868747125	12.3
1.0	2.0	0.0	0.0008273621473147599	13.228571428571428
1.0	2.0	0.0	0.000723631195001532	7.371428571428571
1.0	2.0	0.0	0.000715387801533858	7.328571428571428
1.0	1.0	0.0	0.0004211762681265597	9.185714285714285
1.0	2.0	0.0	0.0008193786478366133	8.585714285714285
1.0	2.0	0.0	0.0008193786478366133	8.585714285714285
1.0	2.0	0.0	0.0008634721444578544	10.4
1.0	2.0	0.0	0.0008634721444578544	10.4
1.0	2.0	0.0	0.0008634721444578544	10.4
1.0	2.0	0.0	0.0008634721444578544	10.4
1.0	1.0	0.0	0.00048570018514813276	10.5
1.0	1.0	0.0	0.00048570018514813276	10.5
1.0	1.0	0.0	0.00046473554320160607	10.542857142857143
1.0	1.0	0.0	0.00046473554320160607	10.542857142857143
1.0	1.0	0.0	0.00046473554320160607	10.542857142857143
1.0	1.0	0.0	0.00046473554320160607	10.542857142857143
1.0	2.0	0.0	0.0009119380318551926	12.17142857142857
1.0	2.0	0.0	0.0009119380318551926	12.17142857142857
1.0	2.0	0.0	0.0009119380318551926	12.17142857142857
1.0	2.0	0.0	0.0009119380318551926	12.17142857142857
1.0	1.0	0.0	0.0005132014305989441	14.085714285714285
1.0	1.0	0.0	0.0005132014305989441	14.085714285714285
1.0	1.0	0.0	0.0005132014305989441	14.085714285714285
1.0	1.0	0.0	0.0005132014305989441	14.085714285714285
1.0	3.0	0.0	0.0011583159147050257	8.014285714285714
1.0	3.0	0.0	0.0011583159147050257	8.014285714285714
1.0	4.0	0.0	0.0013441280097086891	6.485714285714286
1.0	3.0	0.0	0.0010280883036964542	6.614285714285714
1.0	3.0	0.0	0.0010280883036964542	6.614285714285714
1.0	3.0	0.0	0.0010500353047140486	7.3
1.0	3.0	0.0	0.0010475226878348238	7.2
1.0	3.0	0.0	0.0010475226878348238	7.2
1.0	3.0	0.0	0.0010780079715599457	8.157142857142857
1.0	2.0	0.0	0.000721460229867431	6.857142857142857
1.0	2.0	0.0	0.000721460229867431	6.857142857142857
1.0	3.0	0.0	0.0011147470705734756	8.2
1.0	3.0	0.0	0.0010870823856259993	7.1
1.0	3.0	0.0	0.0010870823856259993	7.1
1.0	2.0	0.0	0.0007498796534876303	8.228571428571428
1.0	2.0	0.0	0.0007347374978873263	7.442857142857143
1.0	2.0	0.0	0.0007347374978873263	7.442857142857143
1.0	3.0	0.0	0.001112113785202955	7.685714285714286
1.0	3.0	0.0	0.001112113785202955	7.685714285714286
1.0	2.0	0.0	0.0007596524247287837	9.085714285714285
1.0	2.0	0.0	0.0007615655283550577	7.542857142857143
1.0	2.0	0.0	0.0007615655283550577	7.542857142857143
1.0	2.0	0.0	0.0007737139556554596	9.157142857142857
1.0	2.0	0.0	0.0007767291911595774	10.014285714285714
1.0	2.0	0.0	0.0008132456237061037	8.771428571428572
1.0	2.0	0.0	0.0008132456237061037	8.771428571428572
1.0	2.0	0.0	0.0008132456237061037	8.771428571428572
1.0	2.0	0.0	0.0008132456237061037	8.771428571428572
1.0	3.0	0.0	0.0013287571465497076	9.514285714285714
1.0	3.0	0.0	0.0013287571465497076	9.514285714285714
1.0	3.0	0.0	0.0012553151122427465	9.557142857142857
1.0	3.0	0.0	0.0012553151122427465	9.557142857142857
1.0	3.0	0.0	0.0012553151122427465	9.557142857142857
1.0	3.0	0.0	0.0012553151122427465	9.557142857142857
1.0	1.0	0.0	0.00048570018514813276	10.5
1.0	1.0	0.0	0.00048570018514813276	10.5
1.0	2.0	0.0	0.0008822886968477385	11.271428571428572
1.0	2.0	0.0	0.0008822886968477385	11.271428571428572
1.0	2.0	0.0	0.0008822886968477385	11.271428571428572
1.0	2.0	0.0	0.0008822886968477385	11.271428571428572
1.0	3.0	0.0	0.0014152412493300907	13.1
1.0	3.0	0.0	0.0014152412493300907	13.1
1.0	3.0	0.0	0.0014152412493300907	13.1
1.0	3.0	0.0	0.0014152412493300907	13.1
1.0	1.0	0.0	0.0005132014305989441	14.085714285714285
1.0	1.0	0.0	0.0005132014305989441	14.085714285714285
1.0	1.0	0.0	0.0005132014305989441	14.085714285714285
1.0	1.0	0.0	0.0005132014305989441	14.085714285714285
1.0	2.0	0.0	0.0007657363632381068	4.84375
1.0	1.0	0.0	0.000429831106975743	6.59375
1.0	2.0	0.0	0.0007794941901225684	4.5
1.0	1.0	0.0	0.0004336618597069551	6.1875
1.0	2.0	0.0	0.0008002366065488777	4.90625
1.0	1.0	0.0	0.0004428387608251185	6.0
1.0	1.0	0.0	0.00044768099730999294	6.40625
1.0	4.0	0.0	0.0015231212192636351	5.625
1.0	3.0	0.0	0.001115906134849356	5.03125
1.0	2.0	0.0	0.0007959234617251861	6.46875
1.0	2.0	0.0	0.0007959234617251861	6.46875
1.0	2.0	0.0	0.0007533373781540552	4.65625
1.0	2.0	0.0	0.0008124491323290881	7.3125
1.0	2.0	0.0	0.0008124491323290881	7.3125
1.0	3.0	0.0	0.0011070490747747347	4.25
1.0	2.0	0.0	0.0008189149783627196	8.15625
1.0	3.0	0.0	0.0011559161139715805	5.21875
1.0	3.0	0.0	0.0011220677457044036	4.03125
1.0	2.0	0.0	0.0007834592596273713	4.4375
1.0	3.0	0.0	0.0011867187105962123	5.03125
1.0	3.0	0.0	0.0012029515709220708	5.4375
1.0	3.0	0.0	0.0011697857644055827	5.6875
1.0	3.0	0.0	0.001177971375395223	6.09375
1.0	2.0	0.0	0.0008074399120490326	6.53125
1.0	2.0	0.0	0.0008074399120490326	6.53125
1.0	2.0	0.0	0.0008112073564399038	6.9375
1.0	2.0	0.0	0.0008112073564399038	6.9375
1.0	2.0	0.0	0.0008222661455530602	7.375
1.0	2.0	0.0	0.0008222661455530602	7.375
1.0	2.0	0.0	0.0008265093125929643	8.21875
1.0	2.0	0.0	0.0008250728730126518	7.78125
1.0	2.0	0.0	0.0008250728730126518	7.78125
1.0	2.0	0.0	0.000829082439499929	8.625
1.0	0.0	0.0	0.0	0.0
1.0	0.0	0.0	0.0	0.0
1.0	3.0	0.0	0.0011399026680902812	2.625
1.0	1.0	0.0	0.00044578645947678886	4.75
1.0	1.0	0.0	0.00044578645947678886	4.75
1.0	2.0	0.0	0.0007500719833411604	2.7333333333333334
1.0	1.0	0.0	0.00044508307206616974	4.733333333333333
1.0	1.0	0.0	0.00044508307206616974	4.733333333333333
1.0	3.0	0.0	0.0011108413814512408	2.6875
1.0	3.0	0.0	0.0011108413814512408	2.6875
1.0	3.0	0.0	0.00110862911332766	2.875
1.0	3.0	0.0	0.00110862911332766	2.875
1.0	2.0	0.0	0.0007511109384270323	2.9375
1.0	2.0	0.0	0.0007794372657872741	3.25
1.0	2.0	0.0	0.0007794372657872741	3.25
1.0	1.0	0.0	0.0004283026919212024	3.5625
1.0	2.0	0.0	0.000776558455663921	3.4375
1.0	2.0	0.0	0.000776558455663921	3.4375
1.0	3.0	0.0	0.001195525847923418	3.8125
1.0	3.0	0.0	0.001195525847923418	3.8125
1.0	2.0	0.0	0.0007956361805762837	4.0
1.0	2.0	0.0	0.0007956361805762837	4.0
1.0	3.0	0.0	0.0011049574542635935	2.8666666666666667
1.0	3.0	0.0	0.0011049574542635935	2.8666666666666667
1.0	3.0	0.0	0.001102765908835289	2.7333333333333334
1.0	3.0	0.0	0.001102765908835289	2.7333333333333334
1.0	2.0	0.0	0.0007480225732188201	2.8666666666666667
1.0	2.0	0.0	0.0007739200033954428	3.4
1.0	2.0	0.0	0.0007739200033954428	3.4
1.0	2.0	0.0	0.0007767539293048332	3.2666666666666666
1.0	2.0	0.0	0.0007767539293048332	3.2666666666666666
1.0	3.0	0.0	0.0011917057027127462	3.8
1.0	3.0	0.0	0.0011917057027127462	3.8
1.0	2.0	0.0	0.0007941881602486131	3.933333333333333
1.0	2.0	0.0	0.0007941881602486131	3.933333333333333
1.0	1.0	0.0	0.000469680763050139	7.193548387096774
1.0	0.0	0.0	0.0	0.0
1.0	1.0	0.0	0.0004232438265986677	5.129032258064516
1.0	2.0	0.0	0.0008604471586617446	6.161290322580645
1.0	2.0	0.0	0.0008719711850304294	6.741935483870968
1.0	2.0	0.0	0.0008715377691204552	6.806451612903226
1.0	3.0	0.0	0.00108764439932493	4.225806451612903
1.0	2.0	0.0	0.0007438335617022699	4.580645161290323
1.0	2.0	0.0	0.0008312833826200935	6.451612903225806
1.0	1.0	0.0	0.0005134969384060206	9.161290322580646
1.0	3.0	0.0	0.0011385233254109185	5.32258064516129
1.0	2.0	0.0	0.0007545632742048951	4.903225806451613
1.0	3.0	0.0	0.0010974900686970004	5.129032258064516
1.0	3.0	0.0	0.00108291456576149	4.516129032258065
1.0	2.0	0.0	0.0008509434418628439	6.225806451612903
1.0	2.0	0.0	0.0007654173559931122	5.709677419354839
1.0	2.0	0.0	0.0007567743159319854	5.096774193548387
1.0	3.0	0.0	0.0011217331700410435	4.161290322580645
1.0	3.0	0.0	0.0011509002909135739	5.67741935483871
1.0	3.0	0.0	0.0010925878765501529	4.225806451612903
1.0	2.0	0.0	0.0007763221847331141	6.290322580645161
1.0	2.0	0.0	0.0007436040886878768	4.645161290322581
1.0	3.0	0.0	0.0010977253786345743	4.806451612903226
1.0	3.0	0.0	0.0010970132783765414	4.870967741935484
1.0	3.0	0.0	0.0011573018798422497	5.258064516129032
1.0	2.0	0.0	0.000887662802587367	7.290322580645161
1.0	2.0	0.0	0.0007696044534371763	5.451612903225806
1.0	3.0	0.0	0.0011800610865358434	5.838709677419355
1.0	3.0	0.0	0.0011793024172319574	5.903225806451613
1.0	2.0	0.0	0.0009481166710464417	8.193548387096774
1.0	1.0	0.0	0.0004739440823374218	7.129032258064516
1.0	1.0	0.0	0.0004791037166366061	7.709677419354839
1.0	1.0	0.0	0.0004789373264577733	7.774193548387097
