Constant_feature	Degree	Clustering_coefficient	Pagerank	Aver_path_len
1.0	4.0	0.0	0.0772087685361798	3.7083333333333335
1.0	2.0	0.0	0.04111042225338775	4.5
1.0	2.0	0.0	0.04111042225338775	4.5
1.0	1.0	0.0	0.021371294484054504	4.666666666666667
1.0	2.0	0.0	0.04315900123616496	4.916666666666667
1.0	1.0	0.0	0.021124132002098162	4.333333333333333
1.0	1.0	0.0	0.022079671752924784	5.0
1.0	1.0	0.0	0.02109657070156452	4.541666666666667
1.0	1.0	0.0	0.02115927754170507	6.791666666666667
1.0	2.0	0.0	0.037504544158145636	3.9583333333333335
1.0	3.0	0.0	0.05657509823907745	3.3333333333333335
1.0	3.0	0.0	0.057081795062117656	3.375
1.0	3.0	0.0	0.060267582676442076	4.041666666666667
1.0	2.0	0.0	0.04386637624654919	5.375
1.0	2.0	0.0	0.04386637624654919	5.375
1.0	3.0	0.0	0.056987765590528955	3.5833333333333335
1.0	1.0	0.0	0.023739127769333245	6.333333333333333
1.0	1.0	0.0	0.023739127769333245	6.333333333333333
1.0	3.0	0.0	0.05469345150792728	4.416666666666667
1.0	2.0	0.0	0.03756725099828618	5.125
1.0	2.0	0.0	0.03757997532619758	5.208333333333333
1.0	1.0	0.0	0.023422170979163166	5.875
1.0	3.0	0.0	0.05719816400984718	5.833333333333333
1.0	2.0	0.0	0.03816035324771304	5.916666666666667
1.0	2.0	0.0	0.03833127941132153	6.625
