Constant_feature	Degree	Clustering_coefficient	Pagerank	Aver_path_len
1.0	0.0	0.0	0.0	0.0
1.0	1.0	0.0	0.017109346449317928	10.033333333333333
1.0	2.0	0.0	0.03351885781791969	6.866666666666666
1.0	1.0	0.0	0.01747573403003096	7.0
1.0	1.0	0.0	0.016790349731900543	7.166666666666667
1.0	3.0	0.0	0.04246794925179856	4.866666666666666
1.0	3.0	0.0	0.04487416903813441	5.333333333333333
1.0	4.0	0.0	0.05501886134879298	4.766666666666667
1.0	2.0	0.0	0.028576486817855237	4.8
1.0	2.0	0.0	0.028576486817855237	4.8
1.0	2.0	0.0	0.028826025640508388	4.833333333333333
1.0	2.0	0.0	0.028826025640508388	4.833333333333333
1.0	3.0	0.0	0.04203893878151929	5.4
1.0	2.0	0.0	0.029554588229804012	5.1
1.0	2.0	0.0	0.030194527121834402	5.4
1.0	1.0	0.0	0.016688038040722636	6.3
1.0	2.0	0.0	0.02937111333944397	6.233333333333333
1.0	2.0	0.0	0.02937111333944397	6.233333333333333
1.0	3.0	0.0	0.04749946617627744	6.033333333333333
1.0	2.0	0.0	0.030378466172886195	5.766666666666667
1.0	2.0	0.0	0.03007461700442534	7.066666666666666
1.0	2.0	0.0	0.03007461700442534	7.066666666666666
1.0	2.0	0.0	0.030292989017894446	7.9
1.0	3.0	0.0	0.04521228999212103	6.2
1.0	2.0	0.0	0.03565104461423428	7.766666666666667
1.0	3.0	0.0	0.044024703582140154	6.766666666666667
1.0	1.0	0.0	0.019268930239501634	8.733333333333333
1.0	2.0	0.0	0.030258141678310965	7.533333333333333
1.0	2.0	0.0	0.030258141678310965	7.533333333333333
1.0	2.0	0.0	0.030726523374437733	8.3
1.0	2.0	0.0	0.030726523374437733	8.3
1.0	3.0	0.0	0.04627493465320569	9.066666666666666
