Constant_feature	Degree	Clustering_coefficient	Pagerank	Aver_path_len
1.0	1.0	0.0	0.015382140127028838	4.875
1.0	2.0	0.0	0.031315687910813364	5.21875
1.0	2.0	0.0	0.031315687910813364	5.21875
1.0	1.0	0.0	0.01630341167728609	5.34375
1.0	1.0	0.0	0.01630341167728609	5.34375
1.0	2.0	0.0	0.031887445552227486	5.875
1.0	2.0	0.0	0.031887445552227486	5.875
1.0	1.0	0.0	0.016680414740024258	6.0
1.0	1.0	0.0	0.016680414740024258	6.0
1.0	3.0	0.0	0.041494614944245875	3.65625
1.0	3.0	0.0	0.041494614944245875	3.65625
1.0	2.0	0.0	0.02912922313279881	4.3125
1.0	2.0	0.0	0.02912922313279881	4.3125
1.0	3.0	0.0	0.04027975691257794	3.375
1.0	3.0	0.0	0.041171618563241946	3.90625
1.0	3.0	0.0	0.040715103017617084	4.5625
1.0	3.0	0.0	0.04424501511524276	4.375
1.0	3.0	0.0	0.04424501511524276	4.375
1.0	2.0	0.0	0.028147078239340227	5.40625
1.0	2.0	0.0	0.028147078239340227	5.40625
1.0	2.0	0.0	0.028673009236246404	6.25
1.0	2.0	0.0	0.028673009236246404	6.25
1.0	3.0	0.0	0.04549862055003385	5.03125
1.0	3.0	0.0	0.04549862055003385	5.03125
1.0	2.0	0.0	0.028835425470097074	7.09375
1.0	2.0	0.0	0.03336142498637276	6.125
1.0	2.0	0.0	0.03336142498637276	6.125
1.0	1.0	0.0	0.018042579263830304	7.09375
1.0	1.0	0.0	0.018042579263830304	7.09375
1.0	2.0	0.0	0.03379211876375004	6.78125
1.0	2.0	0.0	0.03379211876375004	6.78125
1.0	1.0	0.0	0.01823733384250626	7.75
1.0	1.0	0.0	0.01823733384250626	7.75
