Constant_feature	Degree	Clustering_coefficient	Pagerank	Aver_path_len
1.0	1.0	0.0	0.03128655208503655	3.5
1.0	1.0	0.0	0.03292461161359048	4.25
1.0	1.0	0.0	0.03425958957580669	4.9375
1.0	1.0	0.0	0.03425958957580669	4.9375
1.0	2.0	0.0	0.05832881075745056	2.875
1.0	4.0	0.0	0.1111568535600384	3.0
1.0	4.0	0.0	0.1111568535600384	3.0
1.0	3.0	0.0	0.08130752320718948	2.5
1.0	2.0	0.0	0.05616867451336205	3.625
1.0	2.0	0.0	0.05616867451336204	3.625
1.0	1.0	0.0	0.030892838502252933	3.9375
1.0	1.0	0.0	0.030892838502252933	3.9375
1.0	1.0	0.0	0.030892838502252933	3.9375
1.0	1.0	0.0	0.030892838502252933	3.9375
1.0	3.0	0.0	0.08467903055790957	2.5625
1.0	3.0	0.0	0.09013827877581225	3.3125
1.0	3.0	0.0	0.09459360369558495	4.0
