Constant_feature	Degree	Clustering_coefficient	Pagerank	Aver_path_len
1.0	1.0	0.0	0.0228997824733233	4.0476190476190474
1.0	1.0	0.0	0.025080530768005996	5.619047619047619
1.0	1.0	0.0	0.022613550592229425	3.857142857142857
1.0	1.0	0.0	0.022950828496682618	4.142857142857143
1.0	1.0	0.0	0.02316625221145276	4.619047619047619
1.0	1.0	0.0	0.02320687260272222	4.904761904761905
1.0	3.0	0.0	0.0592154496603533	3.1904761904761907
1.0	3.0	0.0	0.061718446879693634	3.8095238095238093
1.0	2.0	0.0	0.041940045460592844	4.619047619047619
1.0	2.0	0.0	0.0419536685644376	4.714285714285714
1.0	2.0	0.0	0.04118949281189746	4.0
1.0	2.0	0.0	0.045633191151501315	4.666666666666667
1.0	3.0	0.0	0.058732725646571934	2.8095238095238093
1.0	3.0	0.0	0.060225504727504535	2.9047619047619047
1.0	3.0	0.0	0.061179643824244845	3.0952380952380953
1.0	3.0	0.0	0.059031194785746054	3.0
1.0	3.0	0.0	0.059321100073420806	3.2857142857142856
1.0	3.0	0.0	0.06135286441970537	3.1904761904761907
1.0	3.0	0.0	0.062067532881922946	3.6666666666666665
1.0	3.0	0.0	0.062206546286089646	3.9523809523809526
1.0	2.0	0.0	0.04214376168055302	4.333333333333333
1.0	2.0	0.0	0.04217101400134812	4.619047619047619
