Constant_feature	Degree	Clustering_coefficient	Pagerank	Aver_path_len
1.0	0.0	0.0	0.0	0.0
1.0	4.0	0.0	0.05721335774541518	2.5384615384615383
1.0	2.0	0.0	0.031031942122747444	4.038461538461538
1.0	2.0	0.0	0.031031942122747444	4.038461538461538
1.0	3.0	0.0	0.04459253458210863	3.0384615384615383
1.0	3.0	0.0	0.04459253458210863	3.0384615384615383
1.0	3.0	0.0	0.04459253458210863	3.0384615384615383
1.0	3.0	0.0	0.04459253458210863	3.0384615384615383
1.0	3.0	0.0	0.045545907817723844	3.5384615384615383
1.0	3.0	0.0	0.045545907817723844	3.5384615384615383
1.0	3.0	0.0	0.045545907817723844	3.5384615384615383
1.0	3.0	0.0	0.045545907817723844	3.5384615384615383
1.0	2.0	0.0	0.03189113877278933	3.8461538461538463
1.0	2.0	0.0	0.03189113877278933	3.8461538461538463
1.0	2.0	0.0	0.03189113877278933	3.8461538461538463
1.0	2.0	0.0	0.03189113877278933	3.8461538461538463
1.0	2.0	0.0	0.03222468972614524	4.346153846153846
1.0	2.0	0.0	0.03222468972614524	4.346153846153846
1.0	2.0	0.0	0.03222468972614524	4.346153846153846
1.0	2.0	0.0	0.03222468972614524	4.346153846153846
1.0	2.0	0.0	0.03291192982858329	4.653846153846154
1.0	2.0	0.0	0.03291192982858329	4.653846153846154
1.0	2.0	0.0	0.03291192982858329	4.653846153846154
1.0	2.0	0.0	0.03291192982858329	4.653846153846154
1.0	2.0	0.0	0.0330144887749221	5.153846153846154
1.0	2.0	0.0	0.0330144887749221	5.153846153846154
1.0	2.0	0.0	0.0330144887749221	5.153846153846154
1.0	2.0	0.0	0.0330144887749221	5.153846153846154
