Constant_feature	Degree	Clustering_coefficient	Pagerank	Aver_path_len
1.0	3.0	0.0	0.05325913636611321	3.347826086956522
1.0	2.0	0.0	0.03474688870662489	3.739130434782609
1.0	3.0	0.0	0.06581324058915726	5.434782608695652
1.0	2.0	0.0	0.038484979962649775	5.086956521739131
1.0	3.0	0.0	0.0512332560324953	3.0
1.0	3.0	0.0	0.05037556526743665	3.1739130434782608
1.0	3.0	0.0	0.05067855872055341	3.5652173913043477
1.0	2.0	0.0	0.036190029086480134	3.739130434782609
1.0	2.0	0.0	0.035655079842499895	3.9130434782608696
1.0	2.0	0.0	0.03875209188360497	3.9565217391304346
1.0	3.0	0.0	0.05117907658268981	4.043478260869565
1.0	3.0	0.0	0.05325013096277009	3.5217391304347827
1.0	3.0	0.0	0.05155774715692271	4.130434782608695
1.0	2.0	0.0	0.04134754216722629	4.6521739130434785
1.0	2.0	0.0	0.03631532849381511	4.826086956521739
1.0	2.0	0.0	0.03644712365595568	4.913043478260869
1.0	2.0	0.0	0.037460732826639406	4.304347826086956
1.0	2.0	0.0	0.037460732826639406	4.304347826086956
1.0	2.0	0.0	0.03732160442965899	5.608695652173913
1.0	2.0	0.0	0.03736273069666785	5.695652173913044
1.0	2.0	0.0	0.038484979962649775	5.086956521739131
1.0	1.0	0.0	0.023909754040850807	6.391304347826087
1.0	1.0	0.0	0.023909754040850807	6.391304347826087
1.0	2.0	0.0	0.03880393569904749	5.869565217391305
