Constant_feature	Degree	Clustering_coefficient	Pagerank	Aver_path_len
1.0	1.0	0.0	0.01751905411891042	6.931034482758621
1.0	1.0	0.0	0.01751905411891042	6.931034482758621
1.0	4.0	0.0	0.06314952155836717	3.689655172413793
1.0	4.0	0.0	0.06314952155836717	3.689655172413793
1.0	1.0	0.0	0.01754146788562635	4.655172413793103
1.0	1.0	0.0	0.01754146788562635	4.655172413793103
1.0	1.0	0.0	0.017541467885626355	4.655172413793103
1.0	1.0	0.0	0.017541467885626355	4.655172413793103
1.0	2.0	0.0	0.03344295966533204	4.448275862068965
1.0	2.0	0.0	0.03344295966533205	4.448275862068965
1.0	3.0	0.0	0.043967485082780394	3.1379310344827585
1.0	3.0	0.0	0.0439674850827804	3.1379310344827585
1.0	3.0	0.0	0.05300791432229175	5.275862068965517
1.0	3.0	0.0	0.05300791432229175	5.275862068965517
1.0	3.0	0.0	0.044119376534480906	3.689655172413793
1.0	3.0	0.0	0.044119376534480906	3.689655172413793
1.0	1.0	0.0	0.019234825113039023	6.241379310344827
1.0	1.0	0.0	0.019234825113039023	6.241379310344827
1.0	1.0	0.0	0.019234825113039027	6.241379310344827
1.0	1.0	0.0	0.019234825113039027	6.241379310344827
1.0	2.0	0.0	0.030661248956119026	4.448275862068965
1.0	2.0	0.0	0.030661248956119026	4.448275862068965
1.0	2.0	0.0	0.030661248956119026	4.448275862068965
1.0	2.0	0.0	0.030661248956119026	4.448275862068965
1.0	2.0	0.0	0.03131685863035804	5.206896551724138
1.0	2.0	0.0	0.03131685863035804	5.206896551724138
1.0	2.0	0.0	0.03131685863035804	5.206896551724138
1.0	2.0	0.0	0.03131685863035804	5.206896551724138
1.0	3.0	0.0	0.04728488754755249	5.9655172413793105
1.0	3.0	0.0	0.04728488754755249	5.9655172413793105
