Constant_feature	Degree	Clustering_coefficient	Pagerank	Aver_path_len
1.0	2.0	0.0	0.04097931257306385	3.5238095238095237
1.0	1.0	0.0	0.02311364060691495	4.428571428571429
1.0	1.0	0.0	0.023447015436576516	4.9523809523809526
1.0	1.0	0.0	0.02528731117131413	5.809523809523809
1.0	3.0	0.0	0.05754120804602103	2.761904761904762
1.0	2.0	0.0	0.04049812941915691	3.761904761904762
1.0	1.0	0.0	0.022632314781890647	4.095238095238095
1.0	2.0	0.0	0.04169110492248548	4.714285714285714
1.0	1.0	0.0	0.02300221688270913	4.904761904761905
1.0	1.0	0.0	0.024775705722826308	5.190476190476191
1.0	3.0	0.0	0.05881644313429146	2.9523809523809526
1.0	3.0	0.0	0.061894638059919856	3.4761904761904763
1.0	3.0	0.0	0.06300450177528616	4.0
1.0	3.0	0.0	0.06262954938906094	4.0
1.0	2.0	0.0	0.04609261963223616	4.857142857142857
1.0	3.0	0.0	0.05754401240482568	3.0
1.0	3.0	0.0	0.060289854688269695	3.142857142857143
1.0	3.0	0.0	0.05837910888532408	3.2857142857142856
1.0	3.0	0.0	0.06037563146903602	3.380952380952381
1.0	3.0	0.0	0.06151963495084438	3.9523809523809526
1.0	2.0	0.0	0.041528873893568644	4.428571428571429
1.0	2.0	0.0	0.044957172154377556	4.238095238095238
