Constant_feature	Degree	Clustering_coefficient	Pagerank	Aver_path_len
1.0	2.0	0.0	0.024802322673687975	3.8181818181818183
1.0	1.0	0.0	0.014359171536943726	5.424242424242424
1.0	1.0	0.0	0.014749025993499466	6.212121212121212
1.0	1.0	0.0	0.014749025993499466	6.212121212121212
1.0	2.0	0.0	0.026233620676038474	5.363636363636363
1.0	2.0	0.0	0.026233620676038474	5.363636363636363
1.0	4.0	0.0	0.04641537913704431	3.0606060606060606
1.0	3.0	0.0	0.035928035253158075	3.6666666666666665
1.0	3.0	0.0	0.03588923421662335	3.3636363636363638
1.0	3.0	0.0	0.03588923421662335	3.3636363636363638
1.0	3.0	0.0	0.03678159541429237	4.363636363636363
1.0	3.0	0.0	0.03663407215167993	3.909090909090909
1.0	3.0	0.0	0.03663407215167993	3.909090909090909
1.0	3.0	0.0	0.038059655404798914	4.454545454545454
1.0	2.0	0.0	0.02559008322396017	4.090909090909091
1.0	2.0	0.0	0.02559008322396017	4.090909090909091
1.0	2.0	0.0	0.02557754400974327	4.515151515151516
1.0	3.0	0.0	0.03754348708329526	4.515151515151516
1.0	3.0	0.0	0.03754348708329526	4.515151515151516
1.0	3.0	0.0	0.039604326645990034	4.696969696969697
1.0	3.0	0.0	0.039604326645990034	4.696969696969697
1.0	2.0	0.0	0.02587409949117033	5.212121212121212
1.0	3.0	0.0	0.03936100668825411	5.242424242424242
1.0	3.0	0.0	0.03936100668825411	5.242424242424242
1.0	2.0	0.0	0.025915068263388755	4.757575757575758
1.0	2.0	0.0	0.025915068263388755	4.757575757575758
1.0	2.0	0.0	0.026349406573734926	5.363636363636363
1.0	2.0	0.0	0.026442493099915376	6.0606060606060606
1.0	1.0	0.0	0.014822921281594351	5.666666666666667
1.0	1.0	0.0	0.014822921281594351	5.666666666666667
1.0	2.0	0.0	0.02663235163533618	5.606060606060606
1.0	2.0	0.0	0.02663235163533618	5.606060606060606
1.0	2.0	0.0	0.026729950843095207	6.212121212121212
1.0	2.0	0.0	0.026729950843095207	6.212121212121212
