Constant_feature	Degree	Clustering_coefficient	Pagerank	Aver_path_len
1.0	1.0	0.0	0.02265379629944717	4.619047619047619
1.0	3.0	0.0	0.06889678083475703	5.904761904761905
1.0	2.0	0.0	0.04136706821676482	4.476190476190476
1.0	2.0	0.0	0.040895269023246444	4.761904761904762
1.0	2.0	0.0	0.04092986788236973	4.0476190476190474
1.0	3.0	0.0	0.05911587533135218	4.523809523809524
1.0	3.0	0.0	0.05923234584352331	3.4285714285714284
1.0	3.0	0.0	0.0588583057821332	4.0
1.0	3.0	0.0	0.06036042095163288	3.6666666666666665
1.0	2.0	0.0	0.04035419094299171	3.5238095238095237
1.0	2.0	0.0	0.04113365325439501	5.285714285714286
1.0	2.0	0.0	0.04104362752374091	4.761904761904762
1.0	3.0	0.0	0.06013331142673911	3.7142857142857144
1.0	2.0	0.0	0.04189635160902816	6.0476190476190474
1.0	2.0	0.0	0.041868585962695826	5.523809523809524
1.0	2.0	0.0	0.04158506132239704	4.190476190476191
1.0	2.0	0.0	0.04158506132239704	4.190476190476191
1.0	3.0	0.0	0.06321415291890012	5.142857142857143
1.0	2.0	0.0	0.04222449910828632	4.666666666666667
1.0	2.0	0.0	0.04222449910828632	4.666666666666667
1.0	1.0	0.0	0.025213637667457694	6.857142857142857
1.0	1.0	0.0	0.025213637667457694	6.857142857142857
