Constant_feature	Degree	Clustering_coefficient	Pagerank	Aver_path_len
1.0	2.0	0.0	0.03580668992945102	4.72
1.0	2.0	0.0	0.040045560604382344	6.88
1.0	2.0	0.0	0.0379328014649077	5.6
1.0	1.0	0.0	0.021269853901025954	7.12
1.0	1.0	0.0	0.021334357480307806	7.92
1.0	1.0	0.0	0.021334357480307806	7.92
1.0	2.0	0.0	0.034719322123693164	4.48
1.0	3.0	0.0	0.0582939112712659	6.96
1.0	3.0	0.0	0.06258869823405305	7.68
1.0	3.0	0.0	0.05056374258981268	4.32
1.0	3.0	0.0	0.050993560606891024	4.4
1.0	3.0	0.0	0.05142367171863489	5.04
1.0	1.0	0.0	0.02262186054951024	8.64
1.0	1.0	0.0	0.02262186054951024	8.64
1.0	2.0	0.0	0.03531909028857122	5.6
1.0	2.0	0.0	0.03510450487319802	5.12
1.0	2.0	0.0	0.0352529720367943	5.2
1.0	3.0	0.0	0.053486739246786305	6.16
1.0	2.0	0.0	0.03489651288252305	4.72
1.0	2.0	0.0	0.035511320736416455	5.84
1.0	2.0	0.0	0.03575199517973758	5.92
1.0	2.0	0.0	0.03579928369910954	6.0
1.0	2.0	0.0	0.03613031622986476	6.96
1.0	2.0	0.0	0.036085049429649435	6.4
1.0	2.0	0.0	0.03703024323324454	5.12
1.0	3.0	0.0	0.058081723660351026	6.16
