Constant_feature	Degree	Clustering_coefficient	Pagerank	Aver_path_len
1.0	2.0	0.0	0.030339636357484025	4.296296296296297
1.0	2.0	0.0	0.030339636357484025	4.296296296296297
1.0	1.0	0.0	0.017314337985399032	5.148148148148148
1.0	1.0	0.0	0.017314337985399032	5.148148148148148
1.0	2.0	0.0	0.031281099578679	6.296296296296297
1.0	2.0	0.0	0.031281099578679	6.296296296296297
1.0	2.0	0.0	0.03135948813166702	7.0
1.0	2.0	0.0	0.03135948813166702	7.0
1.0	3.0	0.0	0.043342612489861584	3.740740740740741
1.0	3.0	0.0	0.043342612489861584	3.740740740740741
1.0	3.0	0.0	0.04341900965558139	3.888888888888889
1.0	3.0	0.0	0.04341900965558139	3.888888888888889
1.0	3.0	0.0	0.04581092477655436	4.185185185185185
1.0	3.0	0.0	0.04581092477655436	4.185185185185185
1.0	3.0	0.0	0.04396955313473598	4.2592592592592595
1.0	3.0	0.0	0.04396955313473598	4.2592592592592595
1.0	2.0	0.0	0.030180592483112566	4.851851851851852
1.0	2.0	0.0	0.030180592483112566	4.851851851851852
1.0	2.0	0.0	0.030650130369785943	4.962962962962963
1.0	2.0	0.0	0.030650130369785943	4.962962962962963
1.0	3.0	0.0	0.044724713836530004	5.444444444444445
1.0	3.0	0.0	0.044724713836530004	5.444444444444445
1.0	2.0	0.0	0.030859641525542304	5.555555555555555
1.0	2.0	0.0	0.030859641525542304	5.555555555555555
1.0	3.0	0.0	0.04498854393562293	6.148148148148148
1.0	3.0	0.0	0.04498854393562293	6.148148148148148
1.0	2.0	0.0	0.03175971573944367	7.074074074074074
1.0	2.0	0.0	0.03175971573944367	7.074074074074074
