Constant_feature	Degree	Clustering_coefficient	Pagerank	Aver_path_len
1.0	2.0	0.0	0.04637825696293506	4.388888888888889
1.0	1.0	0.0	0.02668243187866491	4.166666666666667
1.0	3.0	0.0	0.07133737633513774	4.055555555555555
1.0	2.0	0.0	0.04917227732075407	4.777777777777778
1.0	2.0	0.0	0.04917227732075407	4.777777777777778
1.0	2.0	0.0	0.05001379739378768	5.5
1.0	2.0	0.0	0.05001379739378768	5.5
1.0	2.0	0.0	0.050277372129200304	6.222222222222222
1.0	2.0	0.0	0.048492118947045255	3.6666666666666665
1.0	2.0	0.0	0.048503256044176234	3.388888888888889
1.0	3.0	0.0	0.07139863995353898	3.2222222222222223
1.0	3.0	0.0	0.0676462845633628	3.2777777777777777
1.0	3.0	0.0	0.06690554426285114	3.611111111111111
1.0	3.0	0.0	0.06740967492524155	4.166666666666667
1.0	2.0	0.0	0.04642746764942268	3.9444444444444446
1.0	2.0	0.0	0.046945566851950254	4.333333333333333
1.0	2.0	0.0	0.0471213264568773	4.888888888888889
1.0	2.0	0.0	0.048023958224802335	5.055555555555555
1.0	2.0	0.0	0.04807857538570966	5.611111111111111
