Constant_feature	Degree	Clustering_coefficient	Pagerank	Aver_path_len
1.0	4.0	0.0	0.059129743720367056	6.25
1.0	4.0	0.0	0.07120143930304255	1.0
1.0	2.0	0.0	0.02933160435715113	5.071428571428571
1.0	1.0	0.0	0.016245622143057577	7.214285714285714
1.0	1.0	0.0	0.016245622143057577	7.214285714285714
1.0	1.0	0.0	0.018964346056592307	1.75
1.0	1.0	0.0	0.018964346056592307	1.75
1.0	1.0	0.0	0.018964346056592307	1.75
1.0	2.0	0.0	0.025168640382475606	3.892857142857143
1.0	2.0	0.0	0.02499991965333011	5.535714285714286
1.0	2.0	0.0	0.02813075419938258	5.571428571428571
1.0	3.0	0.0	0.03610657981673319	3.9285714285714284
1.0	3.0	0.0	0.03639885245531618	4.464285714285714
1.0	3.0	0.0	0.03639885245531618	4.464285714285714
1.0	3.0	0.0	0.03676470108311515	5.0
1.0	3.0	0.0	0.03676470108311515	5.0
1.0	3.0	0.0	0.03798570120714716	3.9285714285714284
1.0	3.0	0.0	0.039546249236377534	4.178571428571429
1.0	3.0	0.0	0.03961641961136411	4.964285714285714
1.0	2.0	0.0	0.025769863783911037	5.285714285714286
1.0	2.0	0.0	0.025769863783911037	5.285714285714286
1.0	2.0	0.0	0.02634289774787992	4.321428571428571
1.0	2.0	0.0	0.02669035847840985	4.571428571428571
1.0	2.0	0.0	0.02589730630903912	5.821428571428571
1.0	2.0	0.0	0.02589730630903912	5.821428571428571
1.0	2.0	0.0	0.02668078524707312	4.714285714285714
1.0	2.0	0.0	0.03175245587507975	7.142857142857143
1.0	2.0	0.0	0.0264643328462413	6.107142857142857
1.0	2.0	0.0	0.0264643328462413	6.107142857142857
1.0	2.0	0.0	0.026503982927352118	6.642857142857143
1.0	2.0	0.0	0.026503982927352118	6.642857142857143
1.0	1.0	0.0	0.017229522613470678	8.107142857142858
1.0	1.0	0.0	0.01614022122828141	6.035714285714286
1.0	1.0	0.0	0.018964346056592307	1.75
