Constant_feature	Degree	Clustering_coefficient	Pagerank	Aver_path_len
1.0	0.0	0.0	0.0	0.0
1.0	0.0	0.0	0.0	0.0
1.0	4.0	0.0	0.07351822999610814	7.185185185185185
1.0	4.0	0.0	0.07351822999610814	7.185185185185185
1.0	1.0	0.0	0.020112367820362225	8.148148148148149
1.0	1.0	0.0	0.020112367820362225	8.148148148148149
1.0	1.0	0.0	0.020112367820362225	8.148148148148149
1.0	1.0	0.0	0.020112367820362225	8.148148148148149
1.0	2.0	0.0	0.03475733240113955	6.444444444444445
1.0	2.0	0.0	0.03475733240113955	6.444444444444445
1.0	1.0	0.0	0.020112367820362225	8.148148148148149
1.0	1.0	0.0	0.020112367820362225	8.148148148148149
1.0	0.0	0.0	0.0	0.0
1.0	0.0	0.0	0.0	0.0
1.0	0.0	0.0	0.0	0.0
1.0	0.0	0.0	0.0	0.0
1.0	3.0	0.0	0.04850205318227681	4.222222222222222
1.0	3.0	0.0	0.04850205318227681	4.222222222222222
1.0	3.0	0.0	0.0474769591999073	4.444444444444445
1.0	3.0	0.0	0.0474769591999073	4.444444444444445
1.0	2.0	0.0	0.035859197283082275	5.111111111111111
1.0	2.0	0.0	0.035859197283082275	5.111111111111111
1.0	2.0	0.0	0.032617482994394	4.888888888888889
1.0	2.0	0.0	0.032617482994394	4.888888888888889
1.0	2.0	0.0	0.032617482994394	4.888888888888889
1.0	2.0	0.0	0.032617482994394	4.888888888888889
1.0	3.0	0.0	0.04881819395807956	5.777777777777778
1.0	3.0	0.0	0.04881819395807956	5.777777777777778
1.0	1.0	0.0	0.019708167707623438	6.074074074074074
1.0	1.0	0.0	0.019708167707623438	6.074074074074074
1.0	2.0	0.0	0.03289389841095406	5.333333333333333
1.0	2.0	0.0	0.03289389841095406	5.333333333333333
1.0	2.0	0.0	0.03289389841095406	5.333333333333333
1.0	2.0	0.0	0.03289389841095406	5.333333333333333
