Constant_feature	Degree	Clustering_coefficient	Pagerank	Aver_path_len
1.0	1.0	0.0	0.03059379506573001	4.125
1.0	2.0	0.0	0.06244174076411599	3.9375
1.0	1.0	0.0	0.03185867522154454	4.0625
1.0	2.0	0.0	0.06240511505501603	4.1875
1.0	1.0	0.0	0.03271342329012459	4.4375
1.0	4.0	0.0	0.10637183414497672	2.5625
1.0	2.0	0.0	0.054824056235166896	3.3125
1.0	2.0	0.0	0.05557426910195945	4.0
1.0	2.0	0.0	0.05584490106173083	2.75
1.0	2.0	0.0	0.0556021530396761	3.9375
1.0	3.0	0.0	0.08237080786678835	3.1875
1.0	3.0	0.0	0.08658654406680094	3.125
1.0	2.0	0.0	0.057844122222286146	3.0625
1.0	3.0	0.0	0.08943426799895954	3.5
1.0	1.0	0.0	0.033980757303281005	4.875
1.0	2.0	0.0	0.06597949285577477	5.0
1.0	1.0	0.0	0.035574044706067905	5.9375
