Constant_feature	Degree	Clustering_coefficient	Pagerank	Aver_path_len
1.0	2.0	0.0	0.04066606902458832	7.75
1.0	1.0	0.0	0.02205589249784406	8.166666666666666
1.0	1.0	0.0	0.023056638958748234	10.041666666666666
1.0	1.0	0.0	0.024160166340421375	10.916666666666666
1.0	2.0	0.0	0.0400403112975566	6.208333333333333
1.0	2.0	0.0	0.04004500973007837	6.166666666666667
1.0	2.0	0.0	0.04004270494363147	6.333333333333333
1.0	2.0	0.0	0.04006165175308513	6.208333333333333
1.0	2.0	0.0	0.04005639692113966	6.541666666666667
1.0	2.0	0.0	0.04008998937466175	6.333333333333333
1.0	2.0	0.0	0.040080878417091424	6.833333333333333
1.0	2.0	0.0	0.04014041019123983	6.541666666666667
1.0	3.0	0.0	0.06018753654680851	7.208333333333333
1.0	2.0	0.0	0.04021987975552008	6.833333333333333
1.0	2.0	0.0	0.041356729860976035	8.375
1.0	3.0	0.0	0.06352097287574263	9.083333333333334
1.0	2.0	0.0	0.040350444441503694	7.208333333333333
1.0	2.0	0.0	0.04480113248521684	9.958333333333334
1.0	2.0	0.0	0.04055658361119806	7.666666666666667
1.0	2.0	0.0	0.04088878003648991	8.208333333333334
1.0	2.0	0.0	0.04141604720804093	8.833333333333334
1.0	2.0	0.0	0.042260479405735844	9.541666666666666
1.0	2.0	0.0	0.043604702066966525	10.333333333333334
1.0	2.0	0.0	0.04575253487214382	11.208333333333334
1.0	1.0	0.0	0.024588057383571067	12.166666666666666
