Constant_feature	Degree	Clustering_coefficient	Pagerank	Aver_path_len
1.0	2.0	0.0	0.022688683242610454	4.2894736842105265
1.0	2.0	0.0	0.024815743969514307	5.7368421052631575
1.0	2.0	0.0	0.022182963889226484	7.052631578947368
1.0	2.0	0.0	0.0222047406466566	7.684210526315789
1.0	1.0	0.0	0.013153297135656999	5.447368421052632
1.0	1.0	0.0	0.013250421238479502	5.7368421052631575
1.0	2.0	0.0	0.02807537245449851	7.2631578947368425
1.0	1.0	0.0	0.0147751242284553	8.68421052631579
1.0	1.0	0.0	0.014397062392254448	7.315789473684211
1.0	3.0	0.0	0.031341684165234425	5.5
1.0	4.0	0.0	0.04055056694851121	4.815789473684211
1.0	3.0	0.0	0.030390924303174242	4.2631578947368425
1.0	2.0	0.0	0.021677711119103354	5.7105263157894735
1.0	3.0	0.0	0.03178535350601273	4.157894736842105
1.0	2.0	0.0	0.02195634001160815	6.394736842105263
1.0	2.0	0.0	0.022199435629591226	6.552631578947368
1.0	2.0	0.0	0.021581531061390977	5.157894736842105
1.0	3.0	0.0	0.030558758908226513	4.7368421052631575
1.0	2.0	0.0	0.021718529019083745	6.052631578947368
1.0	3.0	0.0	0.03297804175307566	4.815789473684211
1.0	2.0	0.0	0.021671018101830974	6.052631578947368
1.0	3.0	0.0	0.031111739355400896	5.368421052631579
1.0	2.0	0.0	0.021208176356112426	5.447368421052632
1.0	2.0	0.0	0.02139594866793438	6.078947368421052
1.0	3.0	0.0	0.031588457004361206	6.157894736842105
1.0	3.0	0.0	0.03166087474386307	6.7894736842105265
1.0	3.0	0.0	0.03529931282107914	4.473684210526316
1.0	4.0	0.0	0.04749130074032554	4.7631578947368425
1.0	1.0	0.0	0.013731037885042159	6.7105263157894735
1.0	2.0	0.0	0.024727949981997052	5.421052631578948
1.0	2.0	0.0	0.02253857086098155	7.842105263157895
1.0	2.0	0.0	0.025083381066631383	5.526315789473684
1.0	2.0	0.0	0.025503401792462736	6.131578947368421
1.0	2.0	0.0	0.026252652971972847	6.894736842105263
1.0	4.0	0.0	0.054266058211760226	7.7105263157894735
1.0	3.0	0.0	0.039440409303910746	6.342105263157895
1.0	1.0	0.0	0.0147751242284553	8.68421052631579
1.0	1.0	0.0	0.0147751242284553	8.68421052631579
1.0	1.0	0.0	0.015197176055057913	8.236842105263158
