Constant_feature	Degree	Clustering_coefficient	Pagerank	Aver_path_len
1.0	2.0	0.0	0.05975293971244772	3.9375
1.0	1.0	0.0	0.031631477787451914	4.3125
1.0	3.0	0.0	0.07671830693861124	2.875
1.0	2.0	0.0	0.05229401536511423	3.6875
1.0	2.0	0.0	0.05286099814594064	3.6875
1.0	2.0	0.0	0.054204358013141454	4.625
1.0	1.0	0.0	0.029876633035158834	4.875
1.0	3.0	0.0	0.07550336814544409	3.0
1.0	2.0	0.0	0.05464679482302706	3.0625
1.0	3.0	0.0	0.07605963943661712	3.375
1.0	2.0	0.0	0.05242975615142835	3.4375
1.0	3.0	0.0	0.07998191990742261	3.9375
1.0	3.0	0.0	0.08583235573721863	3.375
1.0	2.0	0.0	0.0540621974957924	4.25
1.0	2.0	0.0	0.062493991329779855	4.625
1.0	2.0	0.0	0.06604684879193212	5.4375
1.0	1.0	0.0	0.035604399183471656	6.375
