Constant_feature	Degree	Clustering_coefficient	Pagerank	Aver_path_len
1.0	1.0	0.0	0.008591578786531048	8.64406779661017
1.0	1.0	0.0	0.008591578786531046	8.64406779661017
1.0	4.0	0.0	0.03019589531133591	6.47457627118644
1.0	4.0	0.0	0.03019589531133591	6.47457627118644
1.0	4.0	0.0	0.030054121553806937	6.508474576271187
1.0	4.0	0.0	0.030054121553806937	6.508474576271187
1.0	1.0	0.0	0.008460400563647476	7.4576271186440675
1.0	1.0	0.0	0.008460400563647476	7.4576271186440675
1.0	1.0	0.0	0.008460400563647476	7.4576271186440675
1.0	1.0	0.0	0.008460400563647476	7.4576271186440675
1.0	1.0	0.0	0.008428433896531388	7.491525423728813
1.0	1.0	0.0	0.008428433896531388	7.491525423728813
1.0	1.0	0.0	0.008428433896531388	7.491525423728813
1.0	1.0	0.0	0.008428433896531388	7.491525423728813
1.0	3.0	0.0	0.021941744447990442	5.796610169491525
1.0	3.0	0.0	0.02194174444799044	5.796610169491525
1.0	3.0	0.0	0.021713190266531224	5.830508474576271
1.0	3.0	0.0	0.021713190266531224	5.830508474576271
1.0	2.0	0.0	0.014998695578620744	5.898305084745763
1.0	2.0	0.0	0.014998695578620744	5.898305084745763
1.0	2.0	0.0	0.014959999022266496	6.033898305084746
1.0	2.0	0.0	0.014959999022266496	6.033898305084746
1.0	2.0	0.0	0.0149128176504192	5.932203389830509
1.0	2.0	0.0	0.0149128176504192	5.932203389830509
1.0	2.0	0.0	0.014609370768446726	6.067796610169491
1.0	2.0	0.0	0.014609370768446725	6.067796610169491
1.0	3.0	0.0	0.021428310175510647	5.966101694915254
1.0	3.0	0.0	0.02142831017551065	5.966101694915254
1.0	3.0	0.0	0.022388796824450656	7.254237288135593
1.0	3.0	0.0	0.022388796824450656	7.254237288135593
1.0	2.0	0.0	0.015020110026016002	6.813559322033898
1.0	2.0	0.0	0.015020110026016	6.813559322033898
1.0	3.0	0.0	0.02233567468272805	7.288135593220339
1.0	3.0	0.0	0.02233567468272805	7.288135593220339
1.0	3.0	0.0	0.023083015846329793	7.661016949152542
1.0	3.0	0.0	0.023083015846329796	7.661016949152542
1.0	2.0	0.0	0.015477272348092675	8.135593220338983
1.0	2.0	0.0	0.015477272348092675	8.135593220338983
1.0	2.0	0.0	0.015477272348092675	8.135593220338983
1.0	2.0	0.0	0.015477272348092675	8.135593220338983
1.0	2.0	0.0	0.015453887631532074	8.169491525423728
1.0	2.0	0.0	0.015453887631532074	8.169491525423728
1.0	2.0	0.0	0.015453887631532074	8.169491525423728
1.0	2.0	0.0	0.015453887631532074	8.169491525423728
1.0	2.0	0.0	0.015761862269210836	9.016949152542374
1.0	2.0	0.0	0.015761862269210836	9.016949152542374
1.0	2.0	0.0	0.015761862269210836	9.016949152542374
1.0	2.0	0.0	0.015761862269210836	9.016949152542374
1.0	3.0	0.0	0.02377214154678995	9.898305084745763
1.0	3.0	0.0	0.02377214154678995	9.898305084745763
1.0	2.0	0.0	0.01574506625807049	9.05084745762712
1.0	2.0	0.0	0.01574506625807049	9.05084745762712
1.0	2.0	0.0	0.01574506625807049	9.05084745762712
1.0	2.0	0.0	0.01574506625807049	9.05084745762712
1.0	3.0	0.0	0.023751581574274913	9.932203389830509
1.0	3.0	0.0	0.023751581574274913	9.932203389830509
1.0	1.0	0.0	0.008797664138809246	10.88135593220339
1.0	1.0	0.0	0.008797664138809246	10.88135593220339
1.0	1.0	0.0	0.008791445864972162	10.915254237288135
1.0	1.0	0.0	0.008791445864972162	10.915254237288135
