Constant_feature	Degree	Clustering_coefficient	Pagerank	Aver_path_len
1.0	0.0	0.0	0.0	0.0
1.0	2.0	0.0	0.016309128727424686	5.923076923076923
1.0	2.0	0.0	0.017038023723094972	6.884615384615385
1.0	1.0	0.0	0.009412541065850093	7.923076923076923
1.0	1.0	0.0	0.009669161747479817	8.403846153846153
1.0	1.0	0.0	0.009136377393959057	7.423076923076923
1.0	1.0	0.0	0.009174697966197458	7.826923076923077
1.0	1.0	0.0	0.010128486608694257	8.788461538461538
1.0	2.0	0.0	0.01837560261136926	8.711538461538462
1.0	1.0	0.0	0.010831510790098083	9.73076923076923
1.0	1.0	0.0	0.009223133662968536	8.461538461538462
1.0	1.0	0.0	0.00922611713523454	8.865384615384615
1.0	2.0	0.0	0.018773975598949916	9.884615384615385
1.0	2.0	0.0	0.01919982350566391	10.884615384615385
1.0	2.0	0.0	0.01919982350566391	10.884615384615385
1.0	1.0	0.0	0.010967192962911758	12.76923076923077
1.0	1.0	0.0	0.010967192962911758	12.76923076923077
1.0	3.0	0.0	0.026321884337252167	7.038461538461538
1.0	3.0	0.0	0.02510051113179432	6.596153846153846
1.0	3.0	0.0	0.02364469457649483	5.826923076923077
1.0	4.0	0.0	0.033446663429589726	6.9423076923076925
1.0	2.0	0.0	0.016746054112903603	6.346153846153846
1.0	2.0	0.0	0.016506221666621433	6.538461538461538
1.0	3.0	0.0	0.024427623357239428	6.0576923076923075
1.0	3.0	0.0	0.02594264004248363	7.423076923076923
1.0	3.0	0.0	0.02607392394757596	7.134615384615385
1.0	2.0	0.0	0.01648853305875478	7.153846153846154
1.0	3.0	0.0	0.02330604998763508	6.038461538461538
1.0	3.0	0.0	0.023585873109077546	6.4423076923076925
1.0	3.0	0.0	0.024164555123079485	6.4423076923076925
1.0	3.0	0.0	0.027473147192322175	7.8076923076923075
1.0	3.0	0.0	0.024293730823286706	6.846153846153846
1.0	1.0	0.0	0.009709368049271815	8.115384615384615
1.0	2.0	0.0	0.017997334284520987	7.5576923076923075
1.0	3.0	0.0	0.023546224323991755	6.846153846153846
1.0	3.0	0.0	0.023577688930229868	7.25
1.0	1.0	0.0	0.009782827202525605	8.01923076923077
1.0	2.0	0.0	0.019876595805005032	8.75
1.0	2.0	0.0	0.018255995524523824	8.115384615384615
1.0	3.0	0.0	0.024453849875176854	7.480769230769231
1.0	3.0	0.0	0.024465037896923374	7.884615384615385
1.0	3.0	0.0	0.02400977809184721	8.115384615384615
1.0	3.0	0.0	0.02400290839807433	8.51923076923077
1.0	3.0	0.0	0.025284757752938022	8.942307692307692
1.0	2.0	0.0	0.016831569690690884	9.423076923076923
1.0	2.0	0.0	0.018389214423769673	9.346153846153847
1.0	2.0	0.0	0.01721611570141006	9.846153846153847
1.0	2.0	0.0	0.017207911487298302	10.25
1.0	3.0	0.0	0.027439053889463803	10.01923076923077
1.0	1.0	0.0	0.010334916346249948	10.865384615384615
1.0	3.0	0.0	0.03026478526784101	11.788461538461538
1.0	3.0	0.0	0.03026478526784101	11.788461538461538
1.0	1.0	0.0	0.010967192962911758	12.76923076923077
1.0	1.0	0.0	0.010967192962911758	12.76923076923077
