Constant_feature	Degree	Clustering_coefficient	Pagerank	Aver_path_len
1.0	2.0	0.0	0.03694095461625478	3.1818181818181817
1.0	1.0	0.0	0.021241807335167756	4.2727272727272725
1.0	1.0	0.0	0.021316822253549746	4.545454545454546
1.0	4.0	0.0	0.07065143645782285	2.5
1.0	4.0	0.0	0.06943889303594145	2.5454545454545454
1.0	4.0	0.0	0.07005677984162328	2.727272727272727
1.0	3.0	0.0	0.05289306406168471	2.9545454545454546
1.0	4.0	0.0	0.07292017107756724	3.409090909090909
1.0	2.0	0.0	0.03662459780457186	3.1363636363636362
1.0	2.0	0.0	0.03669591707532076	3.1818181818181817
1.0	2.0	0.0	0.037102094758293236	3.1818181818181817
1.0	2.0	0.0	0.03652994805595295	3.409090909090909
1.0	2.0	0.0	0.03712131729944298	3.3181818181818183
1.0	3.0	0.0	0.05472925158665179	3.909090909090909
1.0	2.0	0.0	0.03746313451534247	3.6818181818181817
1.0	2.0	0.0	0.03790465291189031	4.181818181818182
1.0	3.0	0.0	0.05631395033026124	3.3181818181818183
1.0	1.0	0.0	0.02024399135669492	3.4545454545454546
1.0	2.0	0.0	0.038108517502419184	3.909090909090909
1.0	3.0	0.0	0.05656397034172942	3.590909090909091
1.0	3.0	0.0	0.056950464322217106	3.909090909090909
1.0	1.0	0.0	0.020755294062108885	4.363636363636363
1.0	1.0	0.0	0.02143296939749113	4.863636363636363
