Constant_feature	Degree	Clustering_coefficient	Pagerank	Aver_path_len
1.0	1.0	0.0	0.0008839756469451673	5.894736842105263
1.0	2.0	0.0	0.001723122972864834	5.7894736842105265
1.0	1.0	0.0	0.000932533836409917	6.7368421052631575
1.0	3.0	0.0	0.0019498482313274309	3.1578947368421053
1.0	3.0	0.0	0.0019758786927734826	3.6842105263157894
1.0	3.0	0.0	0.002056939304409553	3.3684210526315788
1.0	3.0	0.0	0.0019615375357595766	3.473684210526316
1.0	2.0	0.0	0.001359008495434712	3.263157894736842
1.0	2.0	0.0	0.0014695272011817956	3.789473684210526
1.0	3.0	0.0	0.001988483362714811	4.0
1.0	2.0	0.0	0.0013936923210357422	3.8947368421052633
1.0	2.0	0.0	0.0013769385090096017	3.789473684210526
1.0	2.0	0.0	0.0013653529471686855	4.2105263157894735
1.0	2.0	0.0	0.0015452087780292673	4.315789473684211
1.0	2.0	0.0	0.0013678344858351766	4.526315789473684
1.0	2.0	0.0	0.0013849072107269549	4.2105263157894735
1.0	2.0	0.0	0.0013941142379876375	4.7368421052631575
1.0	2.0	0.0	0.0014207745302609862	4.947368421052632
1.0	2.0	0.0	0.0014238101639622526	5.473684210526316
1.0	3.0	0.0	0.0024236857904795313	4.947368421052632
1.0	2.0	0.0	0.0015735065358201388	4.066666666666666
1.0	1.0	0.0	0.0007882587749360706	4.2
1.0	2.0	0.0	0.0013443083442413386	2.933333333333333
1.0	2.0	0.0	0.0014246342770244487	3.7333333333333334
1.0	2.0	0.0	0.001429211835469205	3.933333333333333
1.0	3.0	0.0	0.0019612054914780732	2.466666666666667
1.0	3.0	0.0	0.00196461835342459	2.533333333333333
1.0	3.0	0.0	0.0019751240404854093	2.7333333333333334
1.0	3.0	0.0	0.001982459203473207	2.7333333333333334
1.0	2.0	0.0	0.0013833732667676993	2.8666666666666667
1.0	2.0	0.0	0.0013872261488016336	3.2
1.0	2.0	0.0	0.001388284929459554	3.1333333333333333
1.0	3.0	0.0	0.0021046428192975975	3.2666666666666666
1.0	3.0	0.0	0.0021261975471705678	3.2666666666666666
1.0	2.0	0.0	0.0014197218459358278	3.533333333333333
1.0	1.0	0.0	0.0008649659896683255	5.0
1.0	2.0	0.0	0.0014890164342221332	3.466666666666667
1.0	2.0	0.0	0.0014890164342221332	3.466666666666667
1.0	2.0	0.0	0.0015051949038506682	5.866666666666666
1.0	2.0	0.0	0.0015051949038506682	5.866666666666666
1.0	3.0	0.0	0.002146858122212751	3.8666666666666667
1.0	3.0	0.0	0.002146858122212751	3.8666666666666667
1.0	2.0	0.0	0.0014709012555256871	3.6
1.0	2.0	0.0	0.0014709012555256871	3.6
1.0	2.0	0.0	0.001474983053024223	4.533333333333333
1.0	2.0	0.0	0.001474983053024223	4.533333333333333
1.0	2.0	0.0	0.001474983053024223	4.533333333333333
1.0	2.0	0.0	0.001474983053024223	4.533333333333333
1.0	2.0	0.0	0.00149846643993358	5.2
1.0	2.0	0.0	0.00149846643993358	5.2
1.0	2.0	0.0	0.00149846643993358	5.2
1.0	2.0	0.0	0.00149846643993358	5.2
1.0	1.0	0.0	0.0008325155966440857	6.470588235294118
1.0	2.0	0.0	0.0015045856506584623	6.352941176470588
1.0	1.0	0.0	0.0008192703610276995	4.470588235294118
1.0	3.0	0.0	0.0021483841560038367	4.235294117647059
1.0	2.0	0.0	0.0014891260555761	3.5294117647058822
1.0	2.0	0.0	0.0014743864232098336	4.9411764705882355
1.0	2.0	0.0	0.0014743864232098336	4.9411764705882355
1.0	2.0	0.0	0.0014704422280647955	3.8823529411764706
1.0	2.0	0.0	0.0014992986438205538	5.647058823529412
1.0	2.0	0.0	0.0014992986438205538	5.647058823529412
1.0	2.0	0.0	0.0014908163450790852	3.6470588235294117
1.0	3.0	0.0	0.0022113341261113424	3.5294117647058822
1.0	3.0	0.0	0.002145182378979792	3.764705882352941
1.0	2.0	0.0	0.0014758592425977055	4.352941176470588
1.0	2.0	0.0	0.0014758592425977055	4.352941176470588
1.0	2.0	0.0	0.001495471605620132	4.9411764705882355
1.0	2.0	0.0	0.001495471605620132	4.9411764705882355
1.0	3.0	0.0	0.0022557681002437556	5.529411764705882
1.0	4.0	0.0	0.0030757197445248395	10.727272727272727
1.0	2.0	0.0	0.0014904908540187283	9.127272727272727
1.0	2.0	0.0	0.0015151770049443222	9.345454545454546
1.0	2.0	0.0	0.0015621852381976164	11.49090909090909
1.0	2.0	0.0	0.0015170468393389267	10.072727272727272
1.0	1.0	0.0	0.0008393354006835552	10.4
1.0	1.0	0.0	0.0008452513736554473	10.618181818181819
1.0	1.0	0.0	0.0008468047646356899	11.709090909090909
1.0	1.0	0.0	0.0008468047646356899	11.709090909090909
1.0	4.0	0.0	0.0033514198861668613	14.0
1.0	3.0	0.0	0.0023346138981063767	12.727272727272727
1.0	3.0	0.0	0.0023351063234784038	12.945454545454545
1.0	2.0	0.0	0.0015643122498288633	13.381818181818181
1.0	2.0	0.0	0.0015646824020646116	13.6
1.0	2.0	0.0	0.0015589509756994315	12.145454545454545
1.0	2.0	0.0	0.0015599867737348494	12.363636363636363
1.0	2.0	0.0	0.0015718801353165792	14.072727272727272
1.0	2.0	0.0	0.0015720086357297236	14.290909090909091
1.0	2.0	0.0	0.0015603986221521108	11.6
1.0	2.0	0.0	0.0015614596292687663	11.818181818181818
1.0	2.0	0.0	0.0015792600197140603	14.8
1.0	2.0	0.0	0.0015794024071961853	15.018181818181818
1.0	2.0	0.0	0.0015582312564401367	11.090909090909092
1.0	2.0	0.0	0.0015609072156349637	11.309090909090909
1.0	2.0	0.0	0.0015890866983776142	15.563636363636364
1.0	1.0	0.0	0.0008571127542955353	13.709090909090909
1.0	2.0	0.0	0.00158914102464619	15.781818181818181
1.0	1.0	0.0	0.0008573788804996203	13.927272727272728
1.0	2.0	0.0	0.0016031149231246385	16.363636363636363
1.0	2.0	0.0	0.0016031663676363904	16.581818181818182
1.0	2.0	0.0	0.0015552278077097517	10.618181818181819
1.0	2.0	0.0	0.0015582000622145077	10.836363636363636
1.0	2.0	0.0	0.0016243013060306655	17.2
1.0	2.0	0.0	0.0016243261872126253	17.418181818181818
1.0	2.0	0.0	0.0015469763545524118	10.181818181818182
1.0	2.0	0.0	0.001553504785722933	10.4
1.0	2.0	0.0	0.0016580771748409817	18.072727272727274
1.0	2.0	0.0	0.0016580944765728456	18.29090909090909
1.0	2.0	0.0	0.0017107060019038358	18.98181818181818
1.0	2.0	0.0	0.0017107188820816724	19.2
1.0	2.0	0.0	0.0015359891183279967	9.781818181818181
1.0	2.0	0.0	0.00154408813753334	10.0
1.0	2.0	0.0	0.0017955465973340371	19.927272727272726
1.0	2.0	0.0	0.001795552932743068	20.145454545454545
1.0	2.0	0.0	0.0016231697930836307	13.127272727272727
1.0	3.0	0.0	0.0022720904851402423	9.418181818181818
1.0	3.0	0.0	0.002295929845553877	9.636363636363637
1.0	3.0	0.0	0.0021669883002766554	8.872727272727273
1.0	1.0	0.0	0.000907789319521704	14.981818181818182
1.0	1.0	0.0	0.000907789319521704	14.981818181818182
1.0	1.0	0.0	0.000907789319521704	14.981818181818182
1.0	2.0	0.0	0.0015960064889218254	12.290909090909091
1.0	1.0	0.0	0.0009647412963997661	20.90909090909091
1.0	1.0	0.0	0.0009647460739116269	21.12727272727273
1.0	2.0	0.0	0.0014906508655981798	9.090909090909092
1.0	2.0	0.0	0.0014926499161096033	9.454545454545455
1.0	1.0	0.0	0.0008107706279162645	4.6
1.0	1.0	0.0	0.0008082418378071283	4.2
1.0	1.0	0.0	0.0008722250677393624	5.8
1.0	1.0	0.0	0.0008722250677393624	5.8
1.0	2.0	0.0	0.0014471972275402676	3.4
1.0	3.0	0.0	0.0023879580166870484	4.85
1.0	3.0	0.0	0.002129648757962922	3.65
1.0	3.0	0.0	0.002204236575219844	4.2
1.0	3.0	0.0	0.0022486851617283645	5.5
1.0	2.0	0.0	0.0014923760674364615	4.85
1.0	2.0	0.0	0.001467331795344995	4.3
1.0	3.0	0.0	0.0021179520658109697	3.3
1.0	2.0	0.0	0.001491427143152599	4.95
1.0	3.0	0.0	0.002172555416387869	3.25
1.0	1.0	0.0	0.0008180630907494745	5.15
1.0	3.0	0.0	0.002182461649452618	3.65
1.0	2.0	0.0	0.0014596113046167589	4.05
1.0	3.0	0.0	0.002191902247753651	4.1
1.0	1.0	0.0	0.0008312988479585726	6.45
1.0	2.0	0.0	0.0014788037660003572	4.5
1.0	2.0	0.0	0.0014820612320280765	4.85
1.0	1.0	0.0	0.0009567124551147213	5.454545454545454
1.0	2.0	0.0	0.0014916164748479145	3.272727272727273
1.0	2.0	0.0	0.0015187206531737138	2.727272727272727
1.0	2.0	0.0	0.0014916164748479145	3.272727272727273
1.0	2.0	0.0	0.0015108131892798869	3.8181818181818183
1.0	3.0	0.0	0.0021830049703169905	2.727272727272727
1.0	2.0	0.0	0.0015165475566472156	4.363636363636363
1.0	2.0	0.0	0.0015108131892798869	3.8181818181818183
1.0	2.0	0.0	0.001570754668724039	2.909090909090909
1.0	2.0	0.0	0.001623169868784496	3.272727272727273
1.0	2.0	0.0	0.0016870538035796106	3.8181818181818183
1.0	2.0	0.0	0.0017774812479938802	4.545454545454546
1.0	4.0	0.0	0.0029699788144553862	3.1578947368421053
1.0	1.0	0.0	0.0008251052515402374	4.105263157894737
1.0	1.0	0.0	0.0008251052515402374	4.105263157894737
1.0	2.0	0.0	0.0015670778633730988	3.789473684210526
1.0	3.0	0.0	0.0023362070623193197	4.2105263157894735
1.0	1.0	0.0	0.0009439865771005951	6.315789473684211
1.0	3.0	0.0	0.002025599602424313	2.8421052631578947
1.0	3.0	0.0	0.0020737510962181684	2.8421052631578947
1.0	3.0	0.0	0.002035527942751081	3.0526315789473686
1.0	3.0	0.0	0.0021163771397421276	3.473684210526316
1.0	2.0	0.0	0.0014242524278588443	3.5789473684210527
1.0	2.0	0.0	0.0014132832235396774	3.5789473684210527
1.0	2.0	0.0	0.0014126711914198664	3.789473684210526
1.0	2.0	0.0	0.0014406034866762641	4.2105263157894735
1.0	2.0	0.0	0.0014336660893899597	3.789473684210526
1.0	2.0	0.0	0.0016493693122746254	4.526315789473684
1.0	2.0	0.0	0.001441017538016979	4.0
1.0	2.0	0.0	0.001748259859810514	5.368421052631579
1.0	1.0	0.0	0.0008576672619329104	5.157894736842105
1.0	1.0	0.0	0.0008576672619329104	5.157894736842105
1.0	2.0	0.0	0.0013885390955241566	3.076923076923077
1.0	2.0	0.0	0.0013818332411952056	2.769230769230769
1.0	2.0	0.0	0.0013971331296486794	3.1538461538461537
1.0	3.0	0.0	0.001966535352886415	2.230769230769231
1.0	3.0	0.0	0.001988776872012622	2.5384615384615383
1.0	3.0	0.0	0.001970122301921386	2.230769230769231
1.0	3.0	0.0	0.00199433808630807	2.5384615384615383
1.0	3.0	0.0	0.002116371487116359	3.1538461538461537
1.0	2.0	0.0	0.001371179707295387	2.8461538461538463
1.0	2.0	0.0	0.0013722689358710042	2.8461538461538463
1.0	2.0	0.0	0.0013887855025295015	2.8461538461538463
1.0	1.0	0.0	0.0007918914527518608	4.076923076923077
1.0	2.0	0.0	0.0014237829056566883	3.4615384615384617
1.0	2.0	0.0	0.0014264639073046435	3.769230769230769
1.0	1.0	0.0	0.0008998853917760051	5.388888888888889
1.0	1.0	0.0	0.0008998853917760051	5.388888888888889
1.0	2.0	0.0	0.0014576194067101853	3.111111111111111
1.0	2.0	0.0	0.0013474666211950672	3.4444444444444446
1.0	3.0	0.0	0.00199859375512399	2.611111111111111
1.0	3.0	0.0	0.0019785559839764822	2.888888888888889
1.0	3.0	0.0	0.0019785559839764822	2.888888888888889
1.0	3.0	0.0	0.0019828369404463007	3.1666666666666665
1.0	3.0	0.0	0.0019828369404463007	3.1666666666666665
1.0	2.0	0.0	0.0013908225367501694	3.611111111111111
1.0	2.0	0.0	0.0013908225367501694	3.611111111111111
1.0	2.0	0.0	0.001393583841029426	3.888888888888889
1.0	2.0	0.0	0.001393583841029426	3.888888888888889
1.0	2.0	0.0	0.0015552045778792908	3.7222222222222223
1.0	2.0	0.0	0.0014246094738221996	4.333333333333333
1.0	2.0	0.0	0.0014246094738221996	4.333333333333333
1.0	2.0	0.0	0.0014244123284682393	4.611111111111111
1.0	2.0	0.0	0.0014244123284682393	4.611111111111111
1.0	3.0	0.0	0.0024790181881550787	4.444444444444445
1.0	1.0	0.0	0.0008297223129212926	7.954545454545454
1.0	1.0	0.0	0.0008044368837944089	5.5
1.0	3.0	0.0	0.0020559004092100585	4.590909090909091
1.0	2.0	0.0	0.0014249750590489172	4.318181818181818
1.0	3.0	0.0	0.002069790768791861	4.181818181818182
1.0	2.0	0.0	0.0014115255003738713	4.318181818181818
1.0	2.0	0.0	0.0014115255003738713	4.318181818181818
1.0	2.0	0.0	0.0014094178578920704	4.454545454545454
1.0	2.0	0.0	0.0014094178578920704	4.454545454545454
1.0	2.0	0.0	0.0014020822773039207	5.0
1.0	3.0	0.0	0.002094216387961296	5.5
1.0	3.0	0.0	0.002160580777997513	4.545454545454546
1.0	2.0	0.0	0.001451137452907096	6.2727272727272725
1.0	2.0	0.0	0.001451137452907096	6.2727272727272725
1.0	3.0	0.0	0.002120696054119193	4.954545454545454
1.0	2.0	0.0	0.0014803641246730723	7.045454545454546
1.0	2.0	0.0	0.0014803641246730723	7.045454545454546
1.0	2.0	0.0	0.0014889575680590366	7.818181818181818
1.0	2.0	0.0	0.0014645467242265307	5.636363636363637
1.0	2.0	0.0	0.0014645467242265307	5.636363636363637
1.0	2.0	0.0	0.0014878518980836848	6.318181818181818
1.0	2.0	0.0	0.0014878518980836848	6.318181818181818
1.0	3.0	0.0	0.002245704776944533	7.0
1.0	1.0	0.0	0.0007970147682779042	5.75
1.0	1.0	0.0	0.0008127230956605587	6.791666666666667
1.0	1.0	0.0	0.0008658097136843323	7.458333333333333
1.0	1.0	0.0	0.0008658097136843323	7.458333333333333
1.0	3.0	0.0	0.0020253050013918747	4.083333333333333
1.0	3.0	0.0	0.002140941388798857	5.291666666666667
1.0	3.0	0.0	0.0021836110932252338	5.333333333333333
1.0	3.0	0.0	0.0021089483039163745	5.125
1.0	2.0	0.0	0.0013917510796898917	5.083333333333333
1.0	2.0	0.0	0.0014657303718233561	6.541666666666667
1.0	3.0	0.0	0.002363275943522686	6.5
1.0	2.0	0.0	0.0014187499405339849	4.125
1.0	2.0	0.0	0.001453500501032183	4.25
1.0	2.0	0.0	0.00146269163032799	4.458333333333333
1.0	3.0	0.0	0.0020135138155521265	4.25
1.0	2.0	0.0	0.001447719986444584	4.75
1.0	3.0	0.0	0.002029634521432641	4.75
1.0	2.0	0.0	0.0013909091614790919	4.75
1.0	3.0	0.0	0.0021334455117646657	4.791666666666667
1.0	3.0	0.0	0.0021858403000715922	5.833333333333333
1.0	1.0	0.0	0.0007992812187839877	6.25
1.0	3.0	0.0	0.0021579249177095514	5.708333333333333
1.0	1.0	0.0	0.0008120794981635177	6.291666666666667
1.0	2.0	0.0	0.0014508468622324096	5.958333333333333
1.0	2.0	0.0	0.0014694094786926635	6.666666666666667
1.0	4.0	0.0	0.0030497341964536777	8.916666666666666
1.0	2.0	0.0	0.00142964783243813	8.555555555555555
1.0	2.0	0.0	0.001491961041396438	7.555555555555555
1.0	2.0	0.0	0.0014915682875228228	8.444444444444445
1.0	2.0	0.0	0.0015544090687138032	9.555555555555555
1.0	1.0	0.0	0.0008411734545857256	9.88888888888889
1.0	1.0	0.0	0.0008411734545857256	9.88888888888889
1.0	4.0	0.0	0.00334788293560075	11.805555555555555
1.0	4.0	0.0	0.002743936076276859	7.666666666666667
1.0	2.0	0.0	0.0014296478324381302	8.555555555555555
1.0	2.0	0.0	0.0014547290045185937	9.444444444444445
1.0	2.0	0.0	0.0014466883327124886	7.583333333333333
1.0	2.0	0.0	0.001454729004518594	9.444444444444445
1.0	2.0	0.0	0.001447655100313112	8.027777777777779
1.0	2.0	0.0	0.0015217044305866293	7.583333333333333
1.0	2.0	0.0	0.0015392856794657068	7.666666666666667
1.0	2.0	0.0	0.0015513003072353663	7.805555555555555
1.0	2.0	0.0	0.0015581824381193806	8.0
1.0	2.0	0.0	0.0015633534656862445	8.25
1.0	2.0	0.0	0.0015662815526762868	8.555555555555555
1.0	2.0	0.0	0.0015692117587437402	8.916666666666666
1.0	2.0	0.0	0.0015711558685680277	9.333333333333334
1.0	2.0	0.0	0.0015743410199464342	9.805555555555555
1.0	2.0	0.0	0.0015774182403538537	10.333333333333334
1.0	2.0	0.0	0.0015834643005371355	10.916666666666666
1.0	2.0	0.0	0.0016203033993162357	11.0
1.0	2.0	0.0	0.0015910295435668182	11.555555555555555
1.0	2.0	0.0	0.0016050127923916456	12.25
1.0	2.0	0.0	0.0015909583145935161	10.25
1.0	2.0	0.0	0.0016248659452574464	13.0
1.0	1.0	0.0	0.0009070677851881579	12.777777777777779
1.0	1.0	0.0	0.0009070677851881579	12.777777777777779
1.0	1.0	0.0	0.0009070677851881579	12.777777777777779
1.0	2.0	0.0	0.0016590639358320543	13.805555555555555
1.0	2.0	0.0	0.0017107740347055494	14.666666666666666
1.0	2.0	0.0	0.001796211972028634	15.583333333333334
1.0	1.0	0.0	0.0009647143932366338	16.555555555555557
1.0	1.0	0.0	0.0008114174115452656	4.176470588235294
1.0	1.0	0.0	0.0008653944985787447	5.411764705882353
1.0	1.0	0.0	0.0008653944985787447	5.411764705882353
1.0	3.0	0.3333333333333333	0.0020726124862395444	3.823529411764706
1.0	3.0	0.0	0.002105668691899847	3.3529411764705883
1.0	2.0	0.0	0.0014646591412328064	4.529411764705882
1.0	3.0	0.0	0.002362164378619463	4.470588235294118
1.0	3.0	0.3333333333333333	0.002115191457360397	4.352941176470588
1.0	2.0	1.0	0.001413314148016068	4.529411764705882
1.0	3.0	0.0	0.0023351972863134454	5.0588235294117645
1.0	2.0	0.0	0.001433142395380501	3.4705882352941178
1.0	3.0	0.0	0.0021819431753055544	3.235294117647059
1.0	1.0	0.0	0.0008574689117068171	6.0
1.0	1.0	0.0	0.0008574689117068171	6.0
1.0	2.0	0.0	0.0014429822509827504	3.235294117647059
1.0	3.0	0.0	0.002155955313962009	3.764705882352941
1.0	2.0	0.0	0.001449268016502084	4.117647058823529
1.0	2.0	0.0	0.0014682138549545435	4.705882352941177
1.0	2.0	0.0	0.001463725697087609	3.1818181818181817
1.0	1.0	0.0	0.0008164124833498633	4.0
1.0	3.0	0.0	0.0020760467018432994	2.1818181818181817
1.0	2.0	0.0	0.0014384929630428113	2.727272727272727
1.0	3.0	0.0	0.0020803791351593093	2.1818181818181817
1.0	2.0	0.0	0.0014450279992422902	2.727272727272727
1.0	2.0	0.0	0.0014450279992422902	2.727272727272727
1.0	2.0	0.0	0.0014392372902132834	2.6363636363636362
1.0	2.0	0.0	0.0014754902304920264	3.272727272727273
1.0	2.0	0.0	0.0014754902304920264	3.272727272727273
1.0	3.0	0.0	0.00219809409510197	3.090909090909091
1.0	2.0	0.0	0.0014848797273234906	3.8181818181818183
1.0	1.0	0.0	0.0007934570796918857	4.111111111111111
1.0	1.0	0.0	0.0007760220660030738	3.7777777777777777
1.0	1.0	0.0	0.00079432350547326	4.555555555555555
1.0	1.0	0.0	0.0008709878078099194	5.5
1.0	2.0	0.0	0.001359557427837027	3.0
1.0	3.0	0.0	0.002008017397748395	2.8333333333333335
1.0	3.0	0.0	0.0020100922761287637	3.0555555555555554
1.0	3.0	0.0	0.002013478872273708	2.7777777777777777
1.0	3.0	0.0	0.0020149456589198555	3.0
1.0	3.0	0.0	0.0020682278332717157	2.8333333333333335
1.0	2.0	0.0	0.0014020574470958187	3.3333333333333335
1.0	3.0	0.0	0.0021262703671231006	3.1666666666666665
1.0	3.0	0.0	0.0021516230516503932	3.7222222222222223
1.0	2.0	0.0	0.0014055586975525677	3.7777777777777777
1.0	3.0	0.0	0.002129296928265529	3.611111111111111
1.0	2.0	0.0	0.0014375430576657846	3.6666666666666665
1.0	2.0	0.0	0.001440977237550565	4.388888888888889
1.0	2.0	0.0	0.0014413103730391349	4.333333333333333
1.0	2.0	0.0	0.001583568456500757	4.555555555555555
1.0	1.0	0.0	0.0008745892676574835	5.2
1.0	2.0	0.0	0.0014068663346717659	3.68
1.0	2.0	0.0	0.001463554361025706	4.08
1.0	1.0	0.0	0.0008183566109678199	4.4
1.0	1.0	0.0	0.000832657662118385	4.8
1.0	1.0	0.0	0.0008112977942985476	4.48
1.0	1.0	0.0	0.0008281034776278138	4.88
1.0	3.0	0.0	0.0019621586873000384	4.52
1.0	3.0	0.0	0.0019375543970700723	3.8
1.0	3.0	0.0	0.0019857733190241375	3.76
1.0	2.0	0.0	0.0013643596442482844	4.56
1.0	2.0	0.0	0.0013597015414241174	4.92
1.0	3.0	0.0	0.0019882888638132583	3.92
1.0	2.0	0.0	0.001360122749767587	5.0
1.0	2.0	0.0	0.0013653464972266992	4.72
1.0	4.0	0.0	0.0029374669014731515	3.44
1.0	3.0	0.0	0.0022553302591801954	3.8
1.0	2.0	0.0	0.001495378292605453	3.68
1.0	2.0	0.0	0.0014116711821267978	4.16
1.0	4.0	0.0	0.0030046922714613146	3.84
1.0	3.0	0.0	0.002182253249598666	3.52
1.0	3.0	0.0	0.0023935999337548006	4.24
1.0	1.0	0.0	0.0008340075529092187	4.76
1.0	3.0	0.0	0.0022359487494850627	3.92
1.0	1.0	0.0	0.000832657662118385	4.8
1.0	1.0	0.0	0.0008745892676574835	5.2
1.0	4.0	0.0	0.0027090840517027632	3.8
1.0	4.0	0.0	0.0027090840517027632	3.8
1.0	2.0	0.0	0.0014640610936362782	6.32
1.0	2.0	0.0	0.0014640610936362782	6.32
1.0	2.0	0.0	0.0013936498152734742	3.72
1.0	2.0	0.0	0.0013936498152734738	3.72
1.0	3.0	0.0	0.0020095190810800476	4.16
1.0	3.0	0.0	0.0020095190810800476	4.16
1.0	2.0	0.0	0.0014047248801240457	4.64
1.0	2.0	0.0	0.0014047248801240455	4.64
1.0	2.0	0.0	0.001398149072152024	5.0
1.0	2.0	0.0	0.001398149072152024	5.0
1.0	2.0	0.0	0.0014182280859954628	5.24
1.0	2.0	0.0	0.0014182280859954626	5.24
1.0	1.0	0.0	0.0007664965208705986	4.76
1.0	1.0	0.0	0.0007664965208705984	4.76
1.0	3.0	0.0	0.0020468446429698227	4.72
1.0	3.0	0.0	0.0020468446429698227	4.72
1.0	2.0	0.0	0.001429537627148395	5.52
1.0	2.0	0.0	0.001429537627148395	5.52
1.0	2.0	0.0	0.001429537627148395	5.52
1.0	2.0	0.0	0.001429537627148395	5.52
1.0	2.0	0.0	0.0014640610936362782	6.32
1.0	2.0	0.0	0.0014640610936362782	6.32
1.0	2.0	0.0	0.0014742696735685398	7.12
1.0	2.0	0.0	0.0014742696735685398	7.12
1.0	1.0	0.0	0.000800531045308465	5.16
1.0	1.0	0.0	0.0008723067009926348	7.96
1.0	1.0	0.0	0.0008723067009926348	7.96
1.0	2.0	0.0	0.001414411644010221	4.04
1.0	4.0	0.0	0.0028712403598396274	4.92
1.0	4.0	0.0	0.002876550765062371	5.4
1.0	2.0	0.0	0.0014610760407363223	5.56
1.0	2.0	0.0	0.0014611379672240627	6.04
1.0	3.0	0.0	0.002039742648670603	4.28
1.0	3.0	0.0	0.0020463056332692743	4.76
1.0	1.0	0.0	0.0008032831609337393	5.88
1.0	1.0	0.0	0.0008032831609337393	5.88
1.0	1.0	0.0	0.0008039339851744225	6.36
1.0	1.0	0.0	0.0008039339851744225	6.36
1.0	2.0	0.0	0.0013825550522778163	4.12
1.0	2.0	0.0	0.0014019796371008708	4.6
1.0	3.0	0.0	0.00204664762788236	3.96
1.0	2.0	0.0	0.0014015495357637183	4.44
1.0	3.0	0.0	0.002144704551200809	4.2
1.0	3.0	0.0	0.0021038416985600015	4.52
1.0	2.0	0.0	0.0014474366391555177	5.08
1.0	2.0	0.0	0.0014474366391555177	5.08
1.0	2.0	0.0	0.0014664498206500344	5.64
1.0	2.0	0.0	0.0014664498206500344	5.64
1.0	3.0	0.0	0.002191408992489003	6.2
1.0	3.0	0.0	0.002385822717404021	7.0
1.0	1.0	0.0	0.0008490707369778877	4.388888888888889
1.0	1.0	0.0	0.0008490707369778877	4.388888888888889
1.0	1.0	0.0	0.0008490707369778877	4.388888888888889
1.0	2.0	0.0	0.001401619130219968	3.4444444444444446
1.0	1.0	0.0	0.0008034268618377343	4.555555555555555
1.0	2.0	0.0	0.001397965994627501	4.111111111111111
1.0	2.0	0.0	0.0013970287149104653	3.9444444444444446
1.0	3.0	0.0	0.0019922364114976156	3.2222222222222223
1.0	2.0	0.0	0.0014291937578993187	4.666666666666667
1.0	3.0	0.0	0.0019913770443229077	3.388888888888889
1.0	2.0	0.0	0.001428469119970017	4.833333333333333
1.0	2.0	0.0	0.0013510289639230863	2.9444444444444446
1.0	3.0	0.0	0.0019908672805849835	2.6666666666666665
1.0	2.0	0.0	0.001352987483157261	3.111111111111111
1.0	3.0	0.0	0.0019924036139019534	2.8333333333333335
1.0	3.0	0.0	0.002089129212986149	2.8333333333333335
1.0	2.0	0.0	0.0014307119128215697	3.4444444444444446
1.0	4.0	0.0	0.0030785939810705947	3.4444444444444446
1.0	3.0	0.0	0.0021530638469364673	3.611111111111111
1.0	2.0	0.0	0.0014790423176481726	5.176470588235294
1.0	3.0	0.0	0.0021624139835900802	4.588235294117647
1.0	2.0	0.0	0.0014797631901326464	5.294117647058823
1.0	3.0	0.0	0.0022528859312900464	5.764705882352941
1.0	2.0	0.0	0.0015035135580866196	5.882352941176471
1.0	2.0	0.0	0.0014894360129052062	4.352941176470588
1.0	2.0	0.0	0.0015068647511871673	6.470588235294118
1.0	2.0	0.0	0.0015246976025875525	4.235294117647059
1.0	2.0	0.0	0.0015448586022489997	4.235294117647059
1.0	1.0	0.0	0.0008315648749871395	6.705882352941177
1.0	2.0	0.0	0.0015643066541167132	4.352941176470588
1.0	2.0	0.0	0.0015778918621061062	4.588235294117647
1.0	2.0	0.0	0.0015976904405452027	4.9411764705882355
1.0	2.0	0.0	0.0016193957699030081	5.411764705882353
1.0	2.0	0.0	0.0016562304315189133	6.0
1.0	2.0	0.0	0.0017082124436470728	6.705882352941177
1.0	2.0	0.0	0.0017948798985394088	7.529411764705882
1.0	1.0	0.0	0.0009638085038453442	8.470588235294118
1.0	1.0	0.0	0.0007898967440099806	3.9444444444444446
1.0	1.0	0.0	0.0007810745089172149	3.9444444444444446
1.0	3.0	0.0	0.002097186501744219	3.388888888888889
1.0	2.0	0.0	0.0014907512565869138	5.555555555555555
1.0	2.0	0.0	0.001481074864236468	4.833333333333333
1.0	2.0	0.0	0.001481074864236468	4.833333333333333
1.0	2.0	0.0	0.0014534445204596141	4.111111111111111
1.0	2.0	0.0	0.0014534445204596141	4.111111111111111
1.0	3.0	0.0	0.0021112057925650367	3.0
1.0	3.0	0.0	0.0020426660149478787	2.8333333333333335
1.0	3.0	0.0	0.0020819840772050248	3.0
1.0	3.0	0.0	0.002025724564047184	3.2777777777777777
1.0	2.0	0.0	0.0013981822546839918	3.3333333333333335
1.0	3.0	0.0	0.0020302451364275385	3.7777777777777777
1.0	2.0	0.0	0.0013942156360401683	3.611111111111111
1.0	2.0	0.0	0.0014147362406951398	4.0
1.0	2.0	0.0	0.0014146236187638943	4.5
1.0	2.0	0.0	0.0014421754109412357	4.722222222222222
1.0	2.0	0.0	0.0014436090146336725	5.222222222222222
1.0	2.0	0.0	0.0014101435423617336	3.611111111111111
1.0	2.0	0.0	0.001451761212963956	3.888888888888889
1.0	1.0	0.0	0.000811526409291977	5.0
1.0	1.0	0.0	0.0008020445003331968	4.833333333333333
1.0	4.0	0.0	0.0027218924443585877	2.6666666666666665
1.0	3.0	0.0	0.002043243829918198	2.8333333333333335
1.0	3.0	0.0	0.00211041005892557	2.9444444444444446
1.0	2.0	0.0	0.0013755648162257414	2.7777777777777777
1.0	3.0	0.0	0.002021030049653887	2.8333333333333335
1.0	3.0	0.0	0.0020270685547626793	3.0
1.0	2.0	0.0	0.0013981057485980524	3.0555555555555554
1.0	2.0	0.0	0.0014224253744332613	3.2777777777777777
1.0	2.0	0.0	0.0014246276729003228	3.4444444444444446
1.0	1.0	0.0	0.0007692890183603961	3.611111111111111
1.0	3.0	0.0	0.002122742649889469	3.388888888888889
1.0	1.0	0.0	0.0007900067065695158	3.888888888888889
1.0	3.0	0.0	0.002181264706897149	4.055555555555555
1.0	3.0	0.0	0.0021503214782627525	3.888888888888889
1.0	1.0	0.0	0.0007938467668948093	4.333333333333333
1.0	1.0	0.0	0.0009385268824916597	5.466666666666667
1.0	1.0	0.0	0.000829629549719195	3.7333333333333334
1.0	1.0	0.0	0.0009078437462090483	4.8
1.0	2.0	0.0	0.001431076634257079	2.8
1.0	3.0	0.0	0.0023152378683065095	3.066666666666667
1.0	2.0	0.0	0.0016691236817549095	3.8666666666666667
1.0	3.0	0.0	0.0019801345807171195	3.4
1.0	3.0	0.0	0.001989511286406219	4.0
1.0	2.0	0.0	0.0013478878516541197	4.066666666666666
1.0	3.0	0.0	0.002005117451400815	2.933333333333333
1.0	2.0	0.0	0.0013552517127376237	3.533333333333333
1.0	2.0	0.0	0.0013671386585364207	4.133333333333334
1.0	2.0	0.0	0.0013689692922951404	4.733333333333333
1.0	3.0	0.0	0.0022428041711342215	2.8
1.0	2.0	0.0	0.0016333436437288389	3.7333333333333334
1.0	2.0	0.0	0.0017361423921047716	4.533333333333333
1.0	1.0	0.0	0.0007872527689338834	5.909090909090909
1.0	2.0	0.0	0.001473542513206216	3.409090909090909
1.0	1.0	0.0	0.0008394069760200469	4.454545454545454
1.0	1.0	0.0	0.0008800647940584339	5.136363636363637
1.0	2.0	0.0	0.001708118425742785	5.045454545454546
1.0	1.0	0.0	0.0008318383177690863	4.318181818181818
1.0	3.0	0.0	0.0020051401279506734	4.909090909090909
1.0	3.0	0.0	0.0019951626324130377	4.2272727272727275
1.0	3.0	0.0	0.0021005619088671204	4.954545454545454
1.0	2.0	0.0	0.0013952712136580305	5.681818181818182
1.0	2.0	0.0	0.0014151542497704394	5.7272727272727275
1.0	3.0	0.0	0.002020230619828714	3.772727272727273
1.0	2.0	0.0	0.0013816563652453802	5.090909090909091
1.0	2.0	0.0	0.0013852019850650271	4.545454545454546
1.0	2.0	0.0	0.0014272755878093693	3.5454545454545454
1.0	4.0	0.0	0.003027298173244119	3.5
1.0	4.0	0.0	0.0032197099460533627	4.181818181818182
1.0	3.0	0.0	0.0023984717977441456	4.181818181818182
1.0	3.0	0.0	0.00225305636266039	3.3636363636363638
1.0	1.0	0.0	0.0008800647940584339	5.136363636363637
1.0	1.0	0.0	0.0008800647940584339	5.136363636363637
1.0	1.0	0.0	0.0008751831028072329	5.136363636363637
1.0	1.0	0.0	0.0009270229355003178	6.0
1.0	2.0	1.0	0.0013907873763991854	4.923076923076923
1.0	2.0	1.0	0.0013907873763991854	4.923076923076923
1.0	3.0	0.0	0.002026490620624934	3.0
1.0	3.0	0.0	0.0020264906206249344	3.0
1.0	3.0	0.3333333333333333	0.0020264906206249344	4.076923076923077
1.0	3.0	0.3333333333333333	0.0020264906206249344	4.076923076923077
1.0	2.0	0.0	0.0013728802421643811	3.4615384615384617
1.0	2.0	0.0	0.0013728802421643811	3.4615384615384617
1.0	2.0	0.0	0.0013907873763991854	3.0
1.0	2.0	0.0	0.0013907873763991854	3.0
1.0	2.0	0.0	0.0013907873763991851	3.0
1.0	2.0	0.0	0.0013907873763991851	3.0
1.0	2.0	1.0	0.0013907873763991851	4.923076923076923
1.0	2.0	1.0	0.0013907873763991851	4.923076923076923
1.0	2.0	0.0	0.0015099263489010497	4.928571428571429
1.0	1.0	0.0	0.0009426788147537239	5.285714285714286
1.0	1.0	0.0	0.000844110391927341	3.642857142857143
1.0	1.0	0.0	0.0009135162911832102	4.642857142857143
1.0	2.0	0.0	0.0014928628981412274	2.7857142857142856
1.0	3.0	0.0	0.0023404942525431503	2.9285714285714284
1.0	2.0	0.0	0.0016825238353137665	3.7142857142857144
1.0	3.0	0.0	0.0021648803168751916	3.0
1.0	2.0	0.0	0.0014822086163002043	3.642857142857143
1.0	2.0	0.0	0.0014822086163002043	3.642857142857143
1.0	2.0	0.0	0.0015048985474057175	4.285714285714286
1.0	2.0	0.0	0.0015048985474057175	4.285714285714286
1.0	3.0	0.0	0.002292560995405827	2.7142857142857144
1.0	2.0	0.0	0.0016454443311248925	3.5714285714285716
1.0	2.0	0.0	0.0017446678871566122	4.357142857142857
1.0	3.0	0.0	0.0023057669361964002	1.5714285714285714
1.0	2.0	0.0	0.0015444702538736114	2.0
1.0	2.0	0.0	0.0015444702538736114	2.0
1.0	1.0	0.0	0.0008487272981720195	2.4285714285714284
1.0	1.0	0.0	0.0008494553987808786	2.5714285714285716
1.0	1.0	0.0	0.0008494553987808786	2.5714285714285716
1.0	3.0	0.0	0.0023082620810247235	1.7142857142857142
1.0	3.0	0.0	0.0023082620810247235	1.7142857142857142
1.0	3.0	0.0	0.002142224783275481	2.5454545454545454
1.0	2.0	0.0	0.0015794520463729262	2.909090909090909
1.0	2.0	0.0	0.0014214007079554815	2.5454545454545454
1.0	2.0	0.0	0.0014290632398877372	2.6363636363636362
1.0	2.0	0.0	0.0014392820316540178	2.8181818181818183
1.0	2.0	0.0	0.0014526813651710333	2.727272727272727
1.0	3.0	0.0	0.0020593555885661426	2.090909090909091
1.0	3.0	0.0	0.0020560034413887084	2.0
1.0	3.0	0.0	0.0021379869706696845	2.1818181818181817
1.0	1.0	0.0	0.0007996190016206202	3.4545454545454546
1.0	2.0	0.0	0.001453598318202865	2.8181818181818183
1.0	1.0	0.0	0.0008676370578255669	3.8181818181818183
1.0	2.0	1.0	0.001352469836682348	4.380952380952381
1.0	2.0	0.0	0.0014018387277579469	3.7142857142857144
1.0	2.0	0.0	0.0015174213450865777	3.619047619047619
1.0	1.0	0.0	0.0008004698859501512	4.857142857142857
1.0	1.0	0.0	0.0008887128773916312	5.333333333333333
1.0	4.0	0.16666666666666666	0.0026527186631933645	3.7142857142857144
1.0	3.0	0.3333333333333333	0.0019952264999180272	4.142857142857143
1.0	2.0	0.0	0.0013551148452286938	3.4285714285714284
1.0	3.0	0.0	0.002005237463551613	3.0476190476190474
1.0	2.0	0.0	0.0014071783986554724	4.238095238095238
1.0	3.0	0.0	0.00202345897757229	2.857142857142857
1.0	1.0	0.0	0.0007537460034208979	4.666666666666667
1.0	2.0	0.0	0.0014466444666307186	4.0476190476190474
1.0	3.0	0.0	0.0020978765102418846	2.9523809523809526
1.0	3.0	0.0	0.0021222144740643627	3.4761904761904763
1.0	3.0	0.0	0.0021911960872624415	3.6666666666666665
1.0	2.0	0.0	0.0014424523773534194	3.380952380952381
1.0	3.0	0.0	0.002144553007581855	3.9047619047619047
1.0	1.0	0.0	0.0008137439096584729	4.619047619047619
1.0	1.0	0.0	0.0007933816680695477	4.428571428571429
1.0	3.0	0.0	0.002442522777085475	4.380952380952381
1.0	1.0	0.0	0.0008887128773916312	5.333333333333333
1.0	1.0	0.0	0.000897922940672781	4.533333333333333
1.0	1.0	0.0	0.000897922940672781	4.533333333333333
1.0	2.0	0.0	0.0013940926583481674	3.466666666666667
1.0	1.0	0.0	0.0008532109196012587	3.8666666666666667
1.0	4.0	0.0	0.0030952273227651417	2.933333333333333
1.0	2.0	0.0	0.0014687698913414039	2.6666666666666665
1.0	3.0	0.0	0.002052179883833212	2.533333333333333
1.0	3.0	0.0	0.0020134182368719716	2.7333333333333334
1.0	1.0	0.0	0.0008532109196012587	3.8666666666666667
1.0	3.0	0.0	0.002023869133046651	3.2
1.0	2.0	0.0	0.001399883906130364	3.1333333333333333
1.0	3.0	0.0	0.0024690127084484354	3.6
1.0	2.0	0.0	0.0014085386317560832	3.4
1.0	2.0	0.0	0.0014119721433956487	3.8666666666666667
1.0	2.0	0.0	0.0014386217223796326	4.066666666666666
1.0	2.0	0.0	0.0014398854445889012	4.533333333333333
1.0	1.0	0.0	0.0008057592162511204	3.090909090909091
1.0	1.0	0.0	0.0008052182089368144	3.1818181818181817
1.0	3.0	0.0	0.002161879014677074	2.1818181818181817
1.0	2.0	0.0	0.0014245035610877042	2.727272727272727
1.0	2.0	0.0	0.0014244240842421405	2.6363636363636362
1.0	2.0	0.0	0.0014652587427350366	2.4545454545454546
1.0	1.0	0.0	0.0008170264050698078	3.272727272727273
1.0	3.0	0.0	0.0020660542830879714	2.090909090909091
1.0	3.0	0.0	0.0020667956476020733	2.0
1.0	3.0	0.0	0.002200923961437097	2.3636363636363638
1.0	3.0	0.0	0.002161456233120992	2.272727272727273
1.0	2.0	0.0	0.0014390051943424355	3.0
