Constant_feature	Degree	Clustering_coefficient	Pagerank	Aver_path_len
1.0	2.0	0.0	0.025980622096065206	7.0606060606060606
1.0	1.0	0.0	0.01446668970891309	5.333333333333333
1.0	2.0	0.0	0.026027611559110552	7.818181818181818
1.0	1.0	0.0	0.01461625406565014	5.636363636363637
1.0	1.0	0.0	0.016124772022231015	8.666666666666666
1.0	1.0	0.0	0.016124772022231015	8.666666666666666
1.0	2.0	0.0	0.026074983456796617	4.545454545454546
1.0	2.0	0.0	0.02532924002795261	4.606060606060606
1.0	2.0	0.0	0.02649801319068422	5.151515151515151
1.0	2.0	0.0	0.025897938597582243	5.090909090909091
1.0	3.0	0.0	0.04394331521495546	7.696969696969697
1.0	3.0	0.0	0.03841734197431918	4.363636363636363
1.0	3.0	0.0	0.0374883694749333	4.848484848484849
1.0	3.0	0.0	0.03736856322491313	4.0
1.0	2.0	0.0	0.025371725998599007	5.515151515151516
1.0	3.0	0.0	0.037281179648970736	6.181818181818182
1.0	3.0	0.0	0.03722406164219631	4.181818181818182
1.0	2.0	0.0	0.025786840716146828	5.606060606060606
1.0	3.0	0.0	0.03743717699051734	6.9393939393939394
1.0	2.0	0.0	0.02577666744178692	6.2727272727272725
1.0	3.0	0.0	0.03739941688028991	5.03030303030303
1.0	2.0	0.0	0.026344886313231883	7.878787878787879
1.0	3.0	0.0	0.03891861043928712	4.666666666666667
1.0	3.0	0.0	0.037607443221890004	5.515151515151516
1.0	2.0	0.0	0.0261765981233069	5.696969696969697
1.0	2.0	0.0	0.02620161422156426	6.181818181818182
1.0	3.0	0.0	0.03940725201237483	5.818181818181818
1.0	3.0	0.0	0.0399311217482242	6.848484848484849
1.0	2.0	0.0	0.026698838329020227	6.363636363636363
1.0	2.0	0.0	0.027270453161689027	6.666666666666667
1.0	2.0	0.0	0.027270453161689027	6.666666666666667
1.0	2.0	0.0	0.0277913802509846	7.515151515151516
1.0	2.0	0.0	0.0277913802509846	7.515151515151516
1.0	2.0	0.0	0.02795441281090839	8.363636363636363
