Constant_feature	Degree	Clustering_coefficient	Pagerank	Aver_path_len
1.0	1.0	0.0	0.026471968328948905	4.111111111111111
1.0	3.0	0.0	0.07069736166134867	3.1666666666666665
1.0	2.0	0.0	0.046900941990007744	3.0
1.0	4.0	0.0	0.09348332646848859	2.6666666666666665
1.0	3.0	0.0	0.06819080306016147	2.8333333333333335
1.0	3.0	0.0	0.0680979102381673	2.611111111111111
1.0	1.0	0.0	0.02629730480579297	3.611111111111111
1.0	1.0	0.0	0.02629730480579297	3.611111111111111
1.0	3.0	0.0	0.06834271384941404	3.2222222222222223
1.0	3.0	0.0	0.06898127255820931	3.0
1.0	2.0	0.0	0.047533087223148605	3.5555555555555554
1.0	2.0	0.0	0.047587332526237675	3.9444444444444446
1.0	2.0	0.0	0.04847440734654482	4.277777777777778
1.0	2.0	0.0	0.04849014642043905	4.666666666666667
1.0	2.0	0.0	0.0480999381337715	3.7222222222222223
1.0	2.0	0.0	0.0480999381337715	3.7222222222222223
1.0	2.0	0.0	0.04920354487830496	4.444444444444445
1.0	2.0	0.0	0.04920354487830496	4.444444444444445
1.0	2.0	0.0	0.049547152693144705	5.166666666666667
