Constant_feature	Degree	Clustering_coefficient	Pagerank	Aver_path_len
1.0	2.0	0.0	0.022410638364884418	4.684210526315789
1.0	2.0	0.0	0.02357075224894343	6.0
1.0	1.0	0.0	0.012804151902527447	5.947368421052632
1.0	1.0	0.0	0.013412035360015787	7.684210526315789
1.0	1.0	0.0	0.013482856298244705	8.447368421052632
1.0	1.0	0.0	0.012426735223010172	5.2631578947368425
1.0	1.0	0.0	0.01247511086459693	5.447368421052632
1.0	1.0	0.0	0.013772588506647063	6.7631578947368425
1.0	1.0	0.0	0.014725277014314985	7.684210526315789
1.0	1.0	0.0	0.012536620462836184	5.947368421052632
1.0	1.0	0.0	0.012540761152322201	6.131578947368421
1.0	2.0	0.0	0.025514409176791056	7.157894736842105
1.0	4.0	0.0	0.045513146111333114	4.973684210526316
1.0	3.0	0.0	0.03229415320233045	4.184210526315789
1.0	2.0	0.0	0.02249197081438166	4.7894736842105265
1.0	2.0	0.0	0.022431586095701	4.894736842105263
1.0	3.0	0.0	0.031741988328037936	4.105263157894737
1.0	3.0	0.0	0.03209269945209272	4.2894736842105265
1.0	3.0	0.0	0.03386412332519154	5.2368421052631575
1.0	2.0	0.0	0.023570752248943425	6.0
1.0	3.0	0.0	0.03616162539562084	6.7105263157894735
1.0	3.0	0.0	0.036393976281592855	7.473684210526316
1.0	3.0	0.0	0.03616162539562084	6.7105263157894735
1.0	3.0	0.0	0.032876626460440955	4.2894736842105265
1.0	3.0	0.0	0.03736024266108989	5.7894736842105265
1.0	3.0	0.0	0.03303553118999965	4.473684210526316
1.0	3.0	0.0	0.03201599633743035	4.473684210526316
1.0	3.0	0.0	0.032056894650870305	4.657894736842105
1.0	1.0	0.0	0.013412035360015787	7.684210526315789
1.0	2.0	0.0	0.0270257535895363	6.7105263157894735
1.0	3.0	0.0	0.03324273539946465	4.973684210526316
1.0	3.0	0.0	0.03325452136503366	5.157894736842105
1.0	3.0	0.0	0.03263321583065559	5.473684210526316
1.0	3.0	0.0	0.03262525975054914	5.657894736842105
1.0	3.0	0.0	0.03436524500432043	6.2368421052631575
1.0	2.0	0.0	0.022875499220423944	6.526315789473684
1.0	2.0	0.0	0.023397510889867378	7.105263157894737
1.0	2.0	0.0	0.02338749966280706	7.2894736842105265
1.0	1.0	0.0	0.01404584940151375	8.131578947368421
