Constant_feature	Degree	Clustering_coefficient	Pagerank	Aver_path_len
1.0	1.0	0.0	0.021906798707484326	4.818181818181818
1.0	1.0	0.0	0.022353280108876585	5.318181818181818
1.0	1.0	0.0	0.021983424119755342	4.7727272727272725
1.0	2.0	0.0	0.045747172780092826	5.090909090909091
1.0	1.0	0.0	0.023306494703584656	5.181818181818182
1.0	1.0	0.0	0.02387429041515233	5.590909090909091
1.0	2.0	0.0	0.03760440151026323	3.227272727272727
1.0	2.0	0.0	0.037548320716787605	3.1818181818181817
1.0	3.0	0.0	0.055486133236157566	3.272727272727273
1.0	3.0	0.0	0.05537169327463336	3.1818181818181817
1.0	3.0	0.0	0.05514054056381572	3.1363636363636362
1.0	3.0	0.0	0.05552522243796881	3.227272727272727
1.0	3.0	0.0	0.0585251814564622	3.772727272727273
1.0	3.0	0.0	0.05761853157853705	3.5454545454545454
1.0	3.0	0.0	0.05852871336682149	3.8636363636363638
1.0	3.0	0.0	0.05878670443535007	3.8181818181818183
1.0	3.0	0.0	0.060019590545450474	4.363636363636363
1.0	2.0	0.0	0.039487028357676174	4.2272727272727275
1.0	2.0	0.0	0.0396763081904582	4.2727272727272725
1.0	2.0	0.0	0.03998887814167541	4.318181818181818
1.0	3.0	0.0	0.06319447005985515	4.2272727272727275
1.0	2.0	0.0	0.0433930864882265	4.636363636363637
1.0	1.0	0.0	0.024933734804914818	6.045454545454546
