Constant_feature	Degree	Clustering_coefficient	Pagerank	Aver_path_len
1.0	2.0	0.0	0.013019787514059647	8.753846153846155
1.0	2.0	0.0	0.01398075028114684	7.8307692307692305
1.0	2.0	0.0	0.013313214426915094	6.569230769230769
1.0	1.0	0.0	0.007280207027525375	6.6
1.0	1.0	0.0	0.007501775460102991	8.6
1.0	2.0	0.0	0.014504504504377683	7.246153846153846
1.0	1.0	0.0	0.007517547680270912	7.553846153846154
1.0	2.0	0.0	0.013608205073748283	5.892307692307693
1.0	1.0	0.0	0.008385146535339236	9.738461538461538
1.0	1.0	0.0	0.007664663021400743	8.323076923076924
1.0	1.0	0.0	0.008538852098783445	9.153846153846153
1.0	1.0	0.0	0.007744347806068209	7.153846153846154
1.0	1.0	0.0	0.00767066092444031	7.492307692307692
1.0	1.0	0.0	0.007732042103206662	9.4
1.0	2.0	0.0	0.013602023199822774	7.6461538461538465
1.0	3.0	0.0	0.018522121164705675	6.2
1.0	4.0	0.0	0.024866495210323237	6.938461538461539
1.0	4.0	0.0	0.025609747490696087	6.753846153846154
1.0	3.0	0.0	0.01889764277515489	7.8
1.0	3.0	0.0	0.018826666932552437	5.8307692307692305
1.0	4.0	0.0	0.02562482082442549	5.615384615384615
1.0	3.0	0.0	0.01995753589311108	7.615384615384615
1.0	2.0	0.0	0.013170420589258361	8.353846153846154
1.0	4.0	0.0	0.02663351284270147	6.230769230769231
1.0	2.0	0.0	0.012970309451301868	7.892307692307693
1.0	3.0	0.0	0.020010024817540835	6.569230769230769
1.0	2.0	0.0	0.01314406429520545	5.7384615384615385
1.0	3.0	0.0	0.01946705708512667	5.984615384615385
1.0	1.0	0.0	0.00727796601338372	7.7384615384615385
1.0	3.0	0.0	0.019883530551644397	6.3538461538461535
1.0	3.0	0.0	0.019547699020304114	5.6461538461538465
1.0	3.0	0.0	0.019975568236729163	6.107692307692307
1.0	1.0	0.0	0.007508232951869391	7.2153846153846155
1.0	1.0	0.0	0.007508232951869391	7.2153846153846155
1.0	1.0	0.0	0.007508323242814554	7.092307692307692
1.0	3.0	0.0	0.022897743756213538	8.753846153846155
1.0	3.0	0.0	0.020496764491605937	7.338461538461538
1.0	1.0	0.0	0.008385146535339236	9.738461538461538
1.0	3.0	0.0	0.023410228293578084	8.169230769230769
1.0	3.0	0.0	0.020764903159097004	6.1692307692307695
1.0	3.0	0.0	0.02031306385340942	8.169230769230769
1.0	3.0	0.0	0.020517736116095427	6.507692307692308
1.0	1.0	0.0	0.008538852098783445	9.153846153846153
1.0	2.0	0.0	0.014052798680373608	9.092307692307692
1.0	2.0	0.0	0.014052798680373608	9.092307692307692
1.0	3.0	0.0	0.01956696243728273	6.907692307692308
1.0	2.0	0.0	0.014321363730962074	10.015384615384615
1.0	2.0	0.0	0.014321363730962074	10.015384615384615
1.0	2.0	0.0	0.01440351235536929	10.938461538461539
1.0	3.0	0.0	0.019250842830574853	7.615384615384615
1.0	2.0	0.0	0.013086306473938727	8.415384615384616
1.0	2.0	0.0	0.013282228660696518	8.476923076923077
1.0	3.0	0.0	0.020723026780152753	8.415384615384616
1.0	3.0	0.0	0.019319242021399494	9.215384615384615
1.0	2.0	0.0	0.013314867601039553	9.276923076923078
1.0	3.0	0.0	0.01940943576045158	10.076923076923077
1.0	3.0	0.0	0.020426886333544128	9.246153846153845
1.0	2.0	0.0	0.01353907814488299	10.138461538461538
1.0	2.0	0.0	0.01357037105093991	11.0
1.0	2.0	0.0	0.014105315797611947	10.169230769230769
1.0	2.0	0.0	0.014105315797611947	10.169230769230769
1.0	2.0	0.0	0.013840128777049099	11.061538461538461
1.0	2.0	0.0	0.013849965957187365	11.923076923076923
1.0	2.0	0.0	0.014360335230902556	11.092307692307692
1.0	2.0	0.0	0.014360335230902556	11.092307692307692
1.0	2.0	0.0	0.014439379633741912	12.015384615384615
