Constant_feature	Degree	Clustering_coefficient	Pagerank	Aver_path_len
1.0	2.0	0.0	0.0007727065526984423	12.313253012048193
1.0	2.0	0.0	0.0007653716059352601	10.216867469879517
1.0	2.0	0.0	0.0007928153882925644	13.734939759036145
1.0	2.0	0.0	0.0007862868102364342	11.542168674698795
1.0	2.0	0.0	0.0007525798244020403	8.987951807228916
1.0	2.0	0.0	0.0007823223429563493	10.096385542168674
1.0	2.0	0.0	0.0008403615880815249	16.072289156626507
1.0	1.0	0.0	0.0004492649160756788	15.421686746987952
1.0	1.0	0.0	0.0004444640524085146	13.566265060240964
1.0	1.0	0.0	0.00044251235040116294	11.686746987951807
1.0	2.0	0.0	0.0008818871918800553	10.578313253012048
1.0	2.0	0.0	0.0007745098655876505	13.831325301204819
1.0	2.0	0.0	0.0007740118057648295	11.951807228915662
1.0	2.0	0.0	0.000802306114494747	15.46987951807229
1.0	1.0	0.0	0.0004236961514681263	9.903614457831326
1.0	2.0	0.0	0.0007540413407656731	10.819277108433734
1.0	2.0	0.0	0.0008365098304707699	13.349397590361447
1.0	1.0	0.0	0.0004230616241364706	10.289156626506024
1.0	1.0	0.0	0.00046436108142229447	11.44578313253012
1.0	2.0	0.0	0.0008984290879064749	18.14457831325301
1.0	1.0	0.0	0.0004549602630279469	17.301204819277107
1.0	1.0	0.0	0.0004826789121291012	12.337349397590362
1.0	1.0	0.0	0.00048278831072339493	17.951807228915662
1.0	1.0	0.0	0.0004303859052563394	10.91566265060241
1.0	1.0	0.0	0.0005036368595597354	13.27710843373494
1.0	1.0	0.0	0.0004920426196586154	15.27710843373494
1.0	3.0	0.0	0.0011397255426383811	11.686746987951807
1.0	4.0	0.0	0.0016153392418993082	14.433734939759036
1.0	3.0	0.0	0.0011309441197888167	9.80722891566265
1.0	3.0	0.0	0.001186778515812626	15.204819277108435
1.0	2.0	0.0	0.0007938320246429014	13.710843373493976
1.0	2.0	0.0	0.0007673075927049529	11.180722891566266
1.0	3.0	0.0	0.0011532445032142284	12.963855421686747
1.0	3.0	0.0	0.001186864986961742	12.578313253012048
1.0	3.0	0.0	0.0011334472394873797	10.650602409638553
1.0	3.0	0.0	0.0011097314107480255	8.843373493975903
1.0	2.0	0.0	0.000762551570581601	9.518072289156626
1.0	3.0	0.0	0.0011827376949058773	10.698795180722891
1.0	3.0	0.0	0.0012080855068284668	14.457831325301205
1.0	3.0	0.0	0.001121238263049435	9.204819277108435
1.0	3.0	0.0	0.0010940812115237044	8.795180722891565
1.0	3.0	0.0	0.0012026551256700633	12.048192771084338
1.0	3.0	0.0	0.0011963589242488133	10.385542168674698
1.0	2.0	0.0	0.0007419952525318467	8.987951807228916
1.0	3.0	0.0	0.0011922498633713248	9.614457831325302
1.0	1.0	0.0	0.0004492649160756788	15.421686746987952
1.0	3.0	0.0	0.0010786378842701837	9.108433734939759
1.0	3.0	0.0	0.001123933722909391	8.91566265060241
1.0	3.0	0.0	0.0010820314557118617	9.060240963855422
1.0	1.0	0.0	0.0004482482797253418	15.44578313253012
1.0	1.0	0.0	0.0004471186616627009	13.036144578313253
1.0	1.0	0.0	0.000445974229736275	11.373493975903614
1.0	3.0	0.0	0.0011308142234274516	13.08433734939759
1.0	3.0	0.0	0.001260382151326872	10.457831325301205
1.0	3.0	0.0	0.001151017814623249	12.433734939759036
1.0	2.0	0.0	0.0007330723796488273	9.373493975903614
1.0	3.0	0.0	0.0011225455597575508	9.301204819277109
1.0	3.0	0.0	0.0011712366002526895	12.506024096385541
1.0	2.0	0.0	0.0007678432531159308	11.879518072289157
1.0	3.0	0.0	0.0010807198206224911	9.614457831325302
1.0	3.0	0.0	0.0010892374953099181	9.566265060240964
1.0	3.0	0.0	0.0011587048941539243	14.602409638554217
1.0	3.0	0.0	0.0011232667429523198	11.301204819277109
1.0	2.0	0.0	0.0008023061144947468	15.46987951807229
1.0	3.0	0.0	0.0013139055836451185	11.349397590361447
1.0	3.0	0.0	0.0012274572527465383	16.313253012048193
1.0	3.0	0.0	0.001226118731976336	17.180722891566266
1.0	3.0	0.0	0.001227457252746538	16.313253012048193
1.0	3.0	0.0	0.001312892607329559	16.96385542168675
1.0	2.0	0.0	0.0007411277534619743	10.0
1.0	1.0	0.0	0.0004379720080025378	13.493975903614459
1.0	3.0	0.0	0.0013920251270917643	17.903614457831324
1.0	3.0	0.0	0.0011058780236536813	10.36144578313253
1.0	3.0	0.0	0.0011472663248154158	9.927710843373495
1.0	3.0	0.0	0.001391669130534992	12.289156626506024
1.0	1.0	0.0	0.0004831759431489027	11.566265060240964
1.0	2.0	0.0	0.0007610512037182361	10.313253012048193
1.0	1.0	0.0	0.00045496026302794694	17.301204819277107
1.0	1.0	0.0	0.0005033605841593459	18.89156626506024
1.0	1.0	0.0	0.0005033605841593459	18.89156626506024
1.0	1.0	0.0	0.0005036368595597354	13.27710843373494
1.0	3.0	0.0	0.0013526996802800477	14.289156626506024
1.0	1.0	0.0	0.0004908706950034118	19.132530120481928
1.0	1.0	0.0	0.0004920426196586154	15.27710843373494
1.0	3.0	0.0	0.0011479442483398664	7.413793103448276
1.0	3.0	0.0	0.0011479442483398662	7.413793103448276
1.0	3.0	0.0	0.0011294426321279138	9.206896551724139
1.0	3.0	0.0	0.0011268110306801723	8.517241379310345
1.0	2.0	0.0	0.0007878076499107365	10.03448275862069
1.0	2.0	0.0	0.000786151996476206	9.344827586206897
1.0	2.0	0.0	0.0007782973057234661	8.655172413793103
1.0	2.0	0.0	0.000769335913889781	7.9655172413793105
1.0	2.0	0.0	0.0008026148829186099	10.862068965517242
1.0	2.0	0.0	0.0008027466839415824	10.172413793103448
1.0	2.0	0.0	0.000781531220925725	8.10344827586207
1.0	2.0	0.0	0.0008047189221576218	7.068965517241379
1.0	2.0	0.0	0.0008296258258950877	6.793103448275862
1.0	2.0	0.0	0.0008442173700283849	6.586206896551724
1.0	2.0	0.0	0.0008527531279932355	6.448275862068965
1.0	2.0	0.0	0.0008564378702143156	6.379310344827586
1.0	2.0	0.0	0.0008564378702143156	6.379310344827586
1.0	2.0	0.0	0.0008527531279932354	6.448275862068965
1.0	2.0	0.0	0.0008442173700283849	6.586206896551724
1.0	2.0	0.0	0.0008296258258950876	6.793103448275862
1.0	2.0	0.0	0.0008047189221576218	7.068965517241379
1.0	2.0	0.0	0.000769335913889781	7.9655172413793105
1.0	3.0	0.0	0.0011268110306801725	8.517241379310345
1.0	2.0	0.0	0.000781531220925725	8.10344827586207
1.0	3.0	0.0	0.0011294426321279138	9.206896551724139
1.0	2.0	0.0	0.0007782973057234661	8.655172413793103
1.0	2.0	0.0	0.000786151996476206	9.344827586206897
1.0	2.0	0.0	0.0007878076499107366	10.03448275862069
1.0	2.0	0.0	0.0008027466839415825	10.172413793103448
1.0	2.0	0.0	0.0008026148829186096	10.862068965517242
1.0	2.0	0.0	0.0007567270510227804	7.344827586206897
1.0	2.0	0.0	0.0007439899062303729	9.586206896551724
1.0	2.0	0.0	0.0007510458683914736	6.293103448275862
1.0	2.0	0.0	0.0007632304710015736	8.482758620689655
1.0	2.0	0.0	0.0007475154816337353	10.293103448275861
1.0	2.0	0.0	0.0007733568990167441	6.603448275862069
1.0	1.0	0.0	0.0004381205163422605	8.327586206896552
1.0	2.0	0.0	0.0007799629445195971	11.844827586206897
1.0	2.0	0.0	0.0009136292676300726	9.362068965517242
1.0	1.0	0.0	0.00042202464885940616	7.913793103448276
1.0	1.0	0.0	0.0004650768129323888	9.39655172413793
1.0	1.0	0.0	0.0004475366880570484	12.96551724137931
1.0	1.0	0.0	0.00042708444408720445	9.086206896551724
1.0	1.0	0.0	0.00042726955925338116	9.482758620689655
1.0	1.0	0.0	0.0004414811199393626	10.637931034482758
1.0	1.0	0.0	0.00044189209529665326	11.03448275862069
1.0	3.0	0.0	0.0012868533854289534	7.603448275862069
1.0	3.0	0.0	0.0010862858325174016	8.879310344827585
1.0	3.0	0.0	0.0011254586964984494	6.948275862068965
1.0	3.0	0.0	0.001092777938398723	9.586206896551724
1.0	3.0	0.0	0.0011576062979741079	6.689655172413793
1.0	4.0	0.0	0.0015616418211164254	7.344827586206897
1.0	3.0	0.0	0.0010936451795580332	6.275862068965517
1.0	2.0	0.0	0.0007447082619568722	8.344827586206897
1.0	2.0	0.0	0.0007657908128198025	6.948275862068965
1.0	3.0	0.0	0.0011074210496994524	7.775862068965517
1.0	2.0	0.0	0.0007707492016904417	6.5344827586206895
1.0	3.0	0.0	0.0011410760607247373	7.5344827586206895
1.0	3.0	0.0	0.0011663588053842143	6.758620689655173
1.0	3.0	0.0	0.0011480191755466917	9.017241379310345
1.0	3.0	0.0	0.0011204080745105289	6.344827586206897
1.0	3.0	0.0	0.0011053249497240433	10.293103448275861
1.0	3.0	0.0	0.0010749099213285206	6.4655172413793105
1.0	3.0	0.0	0.0010858599559581805	6.862068965517241
1.0	3.0	0.0	0.0011050272931236779	11.0
1.0	2.0	0.0	0.00086832945052706	8.293103448275861
1.0	2.0	0.0	0.000778710297766157	11.137931034482758
1.0	1.0	0.0	0.00043133850556596563	10.0
1.0	1.0	0.0	0.0004373175716442971	7.741379310344827
1.0	3.0	0.0	0.0011172832420045993	6.931034482758621
1.0	2.0	0.0	0.0007380246933824095	7.362068965517241
1.0	3.0	0.0	0.0012613041838820558	8.413793103448276
1.0	3.0	0.0	0.0012008980282231661	12.689655172413794
1.0	3.0	0.0	0.0012020804065375295	11.982758620689655
1.0	3.0	0.0	0.0010872463212544781	7.431034482758621
1.0	1.0	0.0	0.0004786961793920734	9.275862068965518
1.0	3.0	0.0	0.0010865639147324838	7.827586206896552
1.0	1.0	0.0	0.0004732760966798473	8.586206896551724
1.0	1.0	0.0	0.0004732760966798473	8.586206896551724
1.0	1.0	0.0	0.0004480299054599701	13.672413793103448
1.0	3.0	0.0	0.001134049711947633	8.10344827586207
1.0	3.0	0.0	0.0011315457534586623	8.5
1.0	3.0	0.0	0.0011158937571473437	8.775862068965518
1.0	3.0	0.0	0.0011170373402707334	9.172413793103448
1.0	1.0	0.0	0.0004991475740528742	10.344827586206897
1.0	3.0	0.0	0.001181909174802371	9.655172413793103
1.0	3.0	0.0	0.0011804298263970237	10.051724137931034
1.0	2.0	0.0	0.0008026328818138807	10.53448275862069
1.0	2.0	0.0	0.0008034968776801921	10.931034482758621
1.0	1.0	0.0	0.0004120407284127502	13.397058823529411
1.0	1.0	0.0	0.00042966340630477384	14.911764705882353
1.0	2.0	0.0	0.0007560837900140082	9.661764705882353
1.0	2.0	0.0	0.0008025299411820626	16.485294117647058
1.0	2.0	0.0	0.0007780690617888546	9.397058823529411
1.0	1.0	0.0	0.0004492664500769347	17.455882352941178
1.0	1.0	0.0	0.00043975900698160845	10.279411764705882
1.0	2.0	0.0	0.0007708279592562904	9.264705882352942
1.0	2.0	0.0	0.0007823749234191376	9.529411764705882
1.0	2.0	0.0	0.0007682826953407171	10.191176470588236
1.0	1.0	0.0	0.0004408548873736387	10.676470588235293
1.0	2.0	0.0	0.0007781186253215049	11.073529411764707
1.0	2.0	0.0	0.0007767172434345326	12.617647058823529
1.0	2.0	0.0	0.0008378339360368423	12.308823529411764
1.0	2.0	0.0	0.0008028869263331453	14.147058823529411
1.0	1.0	0.0	0.00045029504079334876	15.132352941176471
1.0	1.0	0.0	0.0004576138963984634	15.941176470588236
1.0	1.0	0.0	0.00045784402455969255	16.779411764705884
1.0	1.0	0.0	0.0004897265806213002	16.897058823529413
1.0	1.0	0.0	0.0004924366146379095	14.220588235294118
1.0	4.0	0.0	0.0014433456792917838	12.411764705882353
1.0	3.0	0.0	0.0010658201699550308	11.838235294117647
1.0	4.0	0.0	0.0014478605591565624	13.073529411764707
1.0	3.0	0.0	0.0010657212298570411	11.323529411764707
1.0	4.0	0.0	0.0014391532049411147	10.867647058823529
1.0	3.0	0.0	0.0010810510151022612	10.5
1.0	3.0	0.0	0.0010920062931786486	13.808823529411764
1.0	2.0	0.0	0.0007477258740376062	12.558823529411764
1.0	2.0	0.0	0.0007433731173056228	11.985294117647058
1.0	2.0	0.0	0.0007543678901760394	13.235294117647058
1.0	2.0	0.0	0.0007428491738432441	11.470588235294118
1.0	3.0	0.0	0.001141152405399093	13.926470588235293
1.0	2.0	0.0	0.000745650169115718	11.014705882352942
1.0	2.0	0.0	0.0007516353774617993	10.558823529411764
1.0	1.0	0.0	0.0004131338189060858	14.058823529411764
1.0	2.0	0.0	0.0007419194262381649	10.191176470588236
1.0	1.0	0.0	0.0004112974913660991	11.852941176470589
1.0	2.0	0.0	0.0007558206550900145	10.25
1.0	3.0	0.0	0.001102287193991664	9.882352941176471
1.0	3.0	0.0	0.0011218264523430621	14.647058823529411
1.0	2.0	0.0	0.000785027536122663	15.573529411764707
1.0	2.0	0.0	0.0007858117625862086	15.558823529411764
1.0	3.0	0.0	0.0012064607761404747	16.470588235294116
1.0	3.0	0.0	0.0011288655937087538	9.470588235294118
1.0	2.0	0.0	0.0007780690617888546	9.397058823529411
1.0	3.0	0.0	0.0011759554691726036	9.294117647058824
1.0	3.0	0.0	0.0011759554691726036	9.294117647058824
1.0	3.0	0.0	0.0011387603086703275	9.220588235294118
1.0	1.0	0.0	0.00043975900698160845	10.279411764705882
1.0	3.0	0.0	0.0011375642257733347	9.338235294117647
1.0	2.0	0.0	0.0007823749234191373	9.529411764705882
1.0	3.0	0.0	0.0011775357797750247	9.691176470588236
1.0	3.0	0.0	0.0011775357797750249	9.691176470588236
1.0	3.0	0.0	0.0011405861708180403	9.882352941176471
1.0	1.0	0.0	0.0004408548873736388	10.676470588235293
1.0	3.0	0.0	0.0011325116851611324	10.529411764705882
1.0	2.0	0.0	0.0007718285042185838	10.985294117647058
1.0	3.0	0.0	0.0011542132207423364	11.411764705882353
1.0	3.0	0.0	0.001133174343800285	11.955882352941176
1.0	3.0	0.0	0.001174869204074437	11.5
1.0	1.0	0.0	0.0004390236870433385	12.485294117647058
1.0	3.0	0.0	0.0011596469317182944	13.308823529411764
1.0	3.0	0.0	0.0012121996235073809	14.147058823529411
1.0	3.0	0.0	0.0012319739909067147	14.955882352941176
1.0	3.0	0.0	0.0012372801039174843	15.794117647058824
1.0	3.0	0.0	0.00122083291620644	14.955882352941176
1.0	3.0	0.0	0.0013539871760396053	13.235294117647058
1.0	2.0	0.0	0.0008956910453280257	15.911764705882353
1.0	1.0	0.0	0.0004924366146379095	14.220588235294118
1.0	1.0	0.0	0.0004106551343477271	13.537313432835822
1.0	2.0	0.0	0.0007559999926027055	9.656716417910447
1.0	2.0	0.0	0.0008011427171023243	16.65671641791045
1.0	2.0	0.0	0.0007780505953082684	9.35820895522388
1.0	1.0	0.0	0.000448687325814034	17.62686567164179
1.0	1.0	0.0	0.00043975567360904263	10.223880597014926
1.0	2.0	0.0	0.0007708184887179878	9.17910447761194
1.0	2.0	0.0	0.0007823721505646204	9.417910447761194
1.0	2.0	0.0	0.0007682829079794496	10.044776119402986
1.0	1.0	0.0	0.00044085417962369484	10.552238805970148
1.0	2.0	0.0	0.0007781187016299872	10.91044776119403
1.0	2.0	0.0	0.0007767172241509686	12.432835820895523
1.0	2.0	0.0	0.0008378339587189307	12.134328358208956
1.0	2.0	0.0	0.0008028869232357356	13.955223880597014
1.0	1.0	0.0	0.00045029504185535406	14.940298507462687
1.0	1.0	0.0	0.0004576138960243808	15.746268656716419
1.0	1.0	0.0	0.00045784402486375326	16.582089552238806
1.0	1.0	0.0	0.0004897265808910917	16.70149253731343
1.0	1.0	0.0	0.0004924366200484715	14.044776119402986
1.0	4.0	0.0	0.0014371360032420651	12.552238805970148
1.0	3.0	0.0	0.001063583763305506	11.955223880597014
1.0	3.0	0.0	0.0010642303539214759	11.417910447761194
1.0	4.0	0.0	0.0014421982745865256	13.223880597014926
1.0	4.0	0.0	0.0014382353578690802	10.940298507462687
1.0	3.0	0.0	0.001080414918487493	10.552238805970148
1.0	2.0	0.0	0.0007421143832385686	12.08955223880597
1.0	2.0	0.0	0.0007458664062253233	12.686567164179104
1.0	3.0	0.0	0.0010843397836434025	13.985074626865671
1.0	2.0	0.0	0.0007418777766206414	11.567164179104477
1.0	2.0	0.0	0.0007477627962805598	13.402985074626866
1.0	2.0	0.0	0.0007450587287237229	11.08955223880597
1.0	2.0	0.0	0.0007491491671806133	14.119402985074627
1.0	2.0	0.0	0.0007513027047345951	10.611940298507463
1.0	2.0	0.0	0.0007416788331229256	10.223880597014926
1.0	1.0	0.0	0.00041185374355192663	14.208955223880597
1.0	1.0	0.0	0.0004110725566571027	11.925373134328359
1.0	2.0	0.0	0.0007556209174527707	10.283582089552239
1.0	3.0	0.0	0.0011020022128678253	9.895522388059701
1.0	3.0	0.0	0.0011179266581932603	14.82089552238806
1.0	2.0	0.0	0.0007832362833076665	15.746268656716419
1.0	2.0	0.0	0.000784065703972677	15.73134328358209
1.0	3.0	0.0	0.0011287823366903367	9.447761194029852
1.0	3.0	0.0	0.0012045240423581502	16.64179104477612
1.0	2.0	0.0	0.0007780505953082684	9.35820895522388
1.0	3.0	0.0	0.0011759227640086932	9.238805970149254
1.0	3.0	0.0	0.001175922764008693	9.238805970149254
1.0	3.0	0.0	0.0011387529625283758	9.149253731343284
1.0	1.0	0.0	0.00043975567360904263	10.223880597014926
1.0	3.0	0.0	0.0011375637875659067	9.238805970149254
1.0	2.0	0.0	0.0007823721505646204	9.417910447761194
1.0	3.0	0.0	0.0011775362386323605	9.567164179104477
1.0	3.0	0.0	0.0011775362386323605	9.567164179104477
1.0	3.0	0.0	0.0011405844872672362	9.746268656716419
1.0	1.0	0.0	0.00044085417962369484	10.552238805970148
1.0	3.0	0.0	0.0011325112991678273	10.373134328358208
1.0	2.0	0.0	0.000771828577882233	10.82089552238806
1.0	3.0	0.0	0.0011542131333409705	11.238805970149254
1.0	3.0	0.0	0.0011331743877578087	11.776119402985074
1.0	3.0	0.0	0.0011748691047488284	11.328358208955224
1.0	1.0	0.0	0.00043902370695969833	12.313432835820896
1.0	3.0	0.0	0.0011596469408177903	13.119402985074627
1.0	3.0	0.0	0.0012121996197014741	13.955223880597014
1.0	3.0	0.0	0.00123197399262569	14.761194029850746
1.0	3.0	0.0	0.001237280102954878	15.597014925373134
1.0	3.0	0.0	0.0012208329180481451	14.761194029850746
1.0	3.0	0.0	0.0013539871543249422	13.059701492537313
1.0	2.0	0.0	0.0008956910447588411	15.716417910447761
1.0	1.0	0.0	0.0004924366200484715	14.044776119402986
1.0	1.0	0.0	0.0005458515282897145	2.2
1.0	1.0	0.0	0.0005458515282897146	2.2
1.0	1.0	0.0	0.0005458515282897145	2.2
1.0	1.0	0.0	0.0005458515282897146	2.2
1.0	1.0	0.0	0.0005458515282897145	2.2
1.0	1.0	0.0	0.0005458515282897146	2.2
1.0	1.0	0.0	0.0005458515282897145	2.2
1.0	1.0	0.0	0.0005458515282897146	2.2
1.0	3.0	0.0	0.0013189554602314895	6.0
1.0	3.0	0.0	0.0013189554602314895	6.0
1.0	3.0	0.0	0.0011000683969376699	3.2916666666666665
1.0	3.0	0.0	0.0011267001405804021	3.5833333333333335
1.0	3.0	0.0	0.0011267001405804021	3.5833333333333335
1.0	3.0	0.0	0.0011314942274286532	3.8333333333333335
1.0	3.0	0.0	0.0012031694386184023	5.208333333333333
1.0	2.0	0.0	0.0007849787798358138	4.125
1.0	2.0	0.0	0.0007849787798358138	4.125
1.0	2.0	0.0	0.0007849787798358138	4.125
1.0	2.0	0.0	0.0007849787798358138	4.125
1.0	3.0	0.0	0.0012031694386184023	5.208333333333333
1.0	2.0	0.0	0.0008035132727843358	4.666666666666667
1.0	2.0	0.0	0.0008035132727843358	4.666666666666667
1.0	2.0	0.0	0.0008035132727843358	4.666666666666667
1.0	2.0	0.0	0.0008035132727843358	4.666666666666667
1.0	2.0	0.0	0.0007907201855211517	4.625
1.0	2.0	0.0	0.0007907201855211517	4.625
1.0	2.0	0.0	0.0008122977479247892	5.416666666666667
1.0	2.0	0.0	0.0008122977479247892	5.416666666666667
1.0	1.0	0.0	0.000481995544853804	6.958333333333333
1.0	1.0	0.0	0.000481995544853804	6.958333333333333
1.0	1.0	0.0	0.000481995544853804	6.958333333333333
1.0	1.0	0.0	0.000481995544853804	6.958333333333333
1.0	2.0	0.0	0.000816862175356568	6.208333333333333
1.0	3.0	0.0	0.0015283842796651116	1.4
1.0	3.0	0.0	0.0015283842796651112	1.4
1.0	3.0	0.0	0.0015283842796651116	1.4
1.0	3.0	0.0	0.0015283842796651112	1.4
1.0	4.0	0.0	0.0021278295618908875	1.0
1.0	1.0	0.0	0.0005597456662958372	1.75
1.0	1.0	0.0	0.0005597456662958372	1.75
1.0	1.0	0.0	0.0005597456662958372	1.75
1.0	1.0	0.0	0.0005597456662958372	1.75
1.0	3.0	0.0	0.0012671195693971771	6.142857142857143
1.0	3.0	0.0	0.0012671195693971771	6.142857142857143
1.0	3.0	0.0	0.0010959509788742996	3.8214285714285716
1.0	3.0	0.0	0.0011164894575715425	4.071428571428571
1.0	3.0	0.0	0.0011164894575715425	4.071428571428571
1.0	3.0	0.0	0.0011808847049128764	5.464285714285714
1.0	3.0	0.0	0.0011808847049128764	5.464285714285714
1.0	2.0	0.0	0.0009185077209072824	7.035714285714286
1.0	2.0	0.0	0.0009185077209072824	7.035714285714286
1.0	2.0	0.0	0.0009185077209072824	7.035714285714286
1.0	2.0	0.0	0.0009185077209072824	7.035714285714286
1.0	3.0	0.0	0.001127015631035822	4.428571428571429
1.0	2.0	0.0	0.0007790536541745644	4.535714285714286
1.0	2.0	0.0	0.0007790536541745644	4.535714285714286
1.0	2.0	0.0	0.0007790536541745644	4.535714285714286
1.0	2.0	0.0	0.0007790536541745644	4.535714285714286
1.0	2.0	0.0	0.0007915473850794148	5.0
1.0	2.0	0.0	0.0007915473850794148	5.0
1.0	2.0	0.0	0.0007915473850794148	5.0
1.0	2.0	0.0	0.0007915473850794148	5.0
1.0	1.0	0.0	0.0005002655836337591	8.0
1.0	1.0	0.0	0.0005002655836337591	8.0
1.0	1.0	0.0	0.0005002655836337591	8.0
1.0	1.0	0.0	0.0005002655836337591	8.0
1.0	2.0	0.0	0.0007902525153703781	5.25
1.0	2.0	0.0	0.0007902525153703781	5.25
1.0	2.0	0.0	0.000810397707952367	6.071428571428571
1.0	2.0	0.0	0.000810397707952367	6.071428571428571
1.0	2.0	0.0	0.0008167590215316747	6.892857142857143
1.0	1.0	0.0	0.0004562787875885098	7.608695652173913
1.0	2.0	0.0	0.0007467249231788855	4.130434782608695
1.0	1.0	0.0	0.00043230209843835786	5.130434782608695
1.0	3.0	0.0	0.0011095816535557365	4.130434782608695
1.0	2.0	0.0	0.0007492472241609396	3.9565217391304346
1.0	2.0	0.0	0.0007570440201985429	4.391304347826087
1.0	2.0	0.0	0.0007594009446952664	4.695652173913044
1.0	3.0	0.0	0.0010975743929722403	3.739130434782609
1.0	3.0	0.0	0.0011341235775342612	4.565217391304348
1.0	3.0	0.0	0.0011500860654894728	4.173913043478261
1.0	2.0	0.0	0.0007649676015805721	4.391304347826087
1.0	3.0	0.0	0.001093252389116313	3.8260869565217392
1.0	2.0	0.0	0.0007943908993285079	5.260869565217392
1.0	2.0	0.0	0.0007943908993285079	5.260869565217392
1.0	3.0	0.0	0.0011045671359389024	4.434782608695652
1.0	3.0	0.0	0.0011318540177676006	4.956521739130435
1.0	2.0	0.0	0.000813339702513791	5.956521739130435
1.0	2.0	0.0	0.000813339702513791	5.956521739130435
1.0	3.0	0.0	0.0012314037511097508	6.6521739130434785
1.0	2.0	0.0	0.0007922421435390588	5.739130434782608
1.0	2.0	0.0	0.0007922421435390588	5.739130434782608
1.0	2.0	0.0	0.0008121099641450048	6.521739130434782
1.0	2.0	0.0	0.0008121099641450048	6.521739130434782
1.0	2.0	0.0	0.0008181246875782525	7.304347826086956
1.0	1.0	0.0	0.0004285057053538616	9.026315789473685
1.0	2.0	0.0	0.0007931861396708604	6.052631578947368
1.0	1.0	0.0	0.0004285057053538616	9.026315789473685
1.0	2.0	0.0	0.0008651992965154271	7.552631578947368
1.0	2.0	0.0	0.0007931861396708604	6.052631578947368
1.0	2.0	0.0	0.0008651992965154271	7.552631578947368
1.0	3.0	0.0	0.0011097713939178162	8.736842105263158
1.0	2.0	0.0	0.0007618114717492532	7.684210526315789
1.0	3.0	0.0	0.0011097713939178162	8.736842105263158
1.0	2.0	0.0	0.0007618114717492532	7.684210526315789
1.0	3.0	0.0	0.0011119471107220661	8.868421052631579
1.0	2.0	0.0	0.0007733089905864522	9.763157894736842
1.0	2.0	0.0	0.0007829551573639761	10.473684210526315
1.0	2.0	0.0	0.0007726880781877387	9.631578947368421
1.0	2.0	0.0	0.0007638981410904818	8.342105263157896
1.0	3.0	0.0	0.0011376583613451835	8.052631578947368
1.0	3.0	0.0	0.0011119471107220661	8.868421052631579
1.0	2.0	0.0	0.0007733089905864522	9.763157894736842
1.0	2.0	0.0	0.0007829551573639761	10.473684210526315
1.0	2.0	0.0	0.0007726880781877387	9.631578947368421
1.0	3.0	0.0	0.0011045393297664484	7.421052631578948
1.0	3.0	0.0	0.0011033402994544486	6.973684210526316
1.0	2.0	0.0	0.0007638981410904818	8.342105263157896
1.0	3.0	0.0	0.0011376583613451835	8.052631578947368
1.0	2.0	0.0	0.0007677078321305921	7.026315789473684
1.0	2.0	0.0	0.0007583256941968064	6.578947368421052
1.0	3.0	0.0	0.0011045393297664484	7.421052631578948
1.0	3.0	0.0	0.0011348944009581551	6.184210526315789
1.0	3.0	0.0	0.0011617938457932843	6.631578947368421
1.0	3.0	0.0	0.0011033402994544486	6.973684210526316
1.0	2.0	0.0	0.0007677078321305921	7.026315789473684
1.0	2.0	0.0	0.0007583256941968064	6.578947368421052
1.0	3.0	0.0	0.0011348944009581551	6.184210526315789
1.0	3.0	0.0	0.0011617938457932843	6.631578947368421
1.0	2.0	0.0	0.0008133223717181489	5.973684210526316
1.0	2.0	0.0	0.0008186669525551548	5.947368421052632
1.0	2.0	0.0	0.0008133223717181489	5.973684210526316
1.0	1.0	0.0	0.0004763805887909378	8.526315789473685
1.0	1.0	0.0	0.0004763805887909378	8.526315789473685
1.0	1.0	0.0	0.00047277194334949176	4.88
1.0	1.0	0.0	0.00047277194334949176	4.88
1.0	1.0	0.0	0.00047277194334949176	4.88
1.0	1.0	0.0	0.0004513184552202559	5.76
1.0	1.0	0.0	0.000452122930340006	5.92
1.0	1.0	0.0	0.00043570905109985004	4.24
1.0	1.0	0.0	0.00043899088291423375	4.4
1.0	1.0	0.0	0.00043999493095520515	4.4
1.0	3.0	0.0	0.0011591203860900462	3.28
1.0	3.0	0.0	0.0011744924814001316	3.44
1.0	3.0	0.0	0.0011387051936824345	3.04
1.0	3.0	0.0	0.0011331423052569367	3.52
1.0	3.0	0.0	0.001134577141663555	3.68
1.0	3.0	0.0	0.0011654061343597023	3.2
1.0	3.0	0.0	0.0011737318518796813	3.44
1.0	2.0	0.0	0.000790622312274626	4.16
1.0	2.0	0.0	0.0007931523890173362	4.32
1.0	4.0	0.0	0.0017166029190611698	3.92
1.0	3.0	0.0	0.0011680374627230901	4.0
1.0	3.0	0.0	0.0012153230537718053	4.8
1.0	3.0	0.0	0.001213896147533016	4.96
1.0	2.0	0.0	0.0008080090134234793	4.8
1.0	2.0	0.0	0.0008080090134234793	4.8
1.0	2.0	0.0	0.0008246890193271118	5.6
1.0	2.0	0.0	0.0008246890193271118	5.6
1.0	2.0	0.0	0.0008287656559932809	6.4
1.0	2.0	0.0	0.0008820363816075049	5.035714285714286
1.0	1.0	0.0	0.0004307684334580485	4.857142857142857
1.0	1.0	0.0	0.0004335056685817289	5.321428571428571
1.0	1.0	0.0	0.0004564631552423256	5.178571428571429
1.0	2.0	0.0	0.000890003900070945	6.785714285714286
1.0	3.0	0.0	0.0010870567731314984	3.392857142857143
1.0	3.0	0.0	0.0010733966395873426	3.392857142857143
1.0	3.0	0.0	0.0010789085778709594	3.357142857142857
1.0	3.0	0.0	0.0011342718234812973	3.607142857142857
1.0	3.0	0.0	0.0011184072669361892	3.5357142857142856
1.0	3.0	0.0	0.0010882067047108352	3.857142857142857
1.0	3.0	0.0	0.0011097164856137148	4.392857142857143
1.0	3.0	0.0	0.0011449243068636342	3.892857142857143
1.0	3.0	0.0	0.001120614613484523	3.857142857142857
1.0	3.0	0.0	0.0011536549219730225	4.357142857142857
1.0	1.0	0.0	0.000427400256218925	4.571428571428571
1.0	2.0	0.0	0.0007695756722783395	4.678571428571429
1.0	3.0	0.0	0.0012318195933600957	4.214285714285714
1.0	2.0	0.0	0.0007767012671272092	5.214285714285714
1.0	2.0	0.0	0.0007850364250077315	4.535714285714286
1.0	2.0	0.0	0.0007850364250077315	4.535714285714286
1.0	2.0	0.0	0.0007900751450769972	5.5
1.0	2.0	0.0	0.0007926162131270862	6.035714285714286
1.0	2.0	0.0	0.0008044241348918331	5.214285714285714
1.0	2.0	0.0	0.0008044241348918331	5.214285714285714
1.0	3.0	0.0	0.0012110081125533937	5.892857142857143
1.0	2.0	0.0	0.000946997393716622	5.928571428571429
1.0	1.0	0.0	0.000512909470906664	6.892857142857143
1.0	1.0	0.0	0.00048755102025253074	7.75
1.0	2.0	0.0	0.0008827925545123885	4.925925925925926
1.0	1.0	0.0	0.00043142392712276046	4.777777777777778
1.0	1.0	0.0	0.0004339664796944934	5.222222222222222
1.0	1.0	0.0	0.00045695276546171387	5.074074074074074
1.0	3.0	0.0	0.0010967665505491723	3.3703703703703702
1.0	3.0	0.0	0.0010759680043444558	3.2962962962962963
1.0	3.0	0.0	0.0010830466171966033	3.2962962962962963
1.0	3.0	0.0	0.0011391135561737696	3.5555555555555554
1.0	3.0	0.0	0.001121187078640081	3.4444444444444446
1.0	3.0	0.0	0.0010894820788653727	3.740740740740741
1.0	2.0	0.0	0.0007615907067626115	3.888888888888889
1.0	3.0	0.0	0.0011108796255527094	4.2592592592592595
1.0	3.0	0.0	0.0011474044197968955	3.814814814814815
1.0	3.0	0.0	0.0011549354156214094	4.2592592592592595
1.0	1.0	0.0	0.00042895659370798374	4.518518518518518
1.0	3.0	0.0	0.0011512064202671012	4.481481481481482
1.0	2.0	0.0	0.0007702587357402107	4.555555555555555
1.0	3.0	0.0	0.0012333141586554667	4.111111111111111
1.0	2.0	0.0	0.0007771639479892537	5.074074074074074
1.0	2.0	0.0	0.0007905058806760616	5.37037037037037
1.0	2.0	0.0	0.0007931336420646108	5.888888888888889
1.0	2.0	0.0	0.0008009042946197124	5.296296296296297
1.0	2.0	0.0	0.0008009042946197124	5.296296296296297
1.0	2.0	0.0	0.0008188217723189013	6.111111111111111
1.0	2.0	0.0	0.0008188217723189013	6.111111111111111
1.0	2.0	0.0	0.000947490272371567	5.814814814814815
1.0	2.0	0.0	0.0008239808723796357	6.925925925925926
1.0	1.0	0.0	0.0005131760335921593	6.777777777777778
1.0	2.0	0.0	0.000794947541819375	9.73469387755102
1.0	2.0	0.0	0.000794947541819375	9.73469387755102
1.0	1.0	0.0	0.0004285533066038907	13.387755102040817
1.0	1.0	0.0	0.0004285533066038907	13.387755102040817
1.0	2.0	0.0	0.0008654408429145422	11.571428571428571
1.0	2.0	0.0	0.0008654408429145422	11.571428571428571
1.0	3.0	0.0	0.0011649883710023682	8.714285714285714
1.0	3.0	0.0	0.0011649883710023678	8.714285714285714
1.0	3.0	0.0	0.0011098613141226376	13.16326530612245
1.0	3.0	0.0	0.0011098613141226376	13.16326530612245
1.0	2.0	0.0	0.0007619694878904617	11.89795918367347
1.0	2.0	0.0	0.0007619694878904617	11.89795918367347
1.0	2.0	0.0	0.0007941983956835947	8.714285714285714
1.0	2.0	0.0	0.0007941983956835947	8.714285714285714
1.0	2.0	0.0	0.0007941983956835949	8.714285714285714
1.0	2.0	0.0	0.0007941983956835949	8.714285714285714
1.0	3.0	0.0	0.0011120324021206608	13.26530612244898
1.0	3.0	0.0	0.0011120324021206608	13.26530612244898
1.0	2.0	0.0	0.0007733456558284531	14.183673469387756
1.0	2.0	0.0	0.0007733456558284531	14.183673469387756
1.0	2.0	0.0	0.0007829943862740563	14.959183673469388
1.0	2.0	0.0	0.0007829943862740563	14.959183673469388
1.0	2.0	0.0	0.0007727244335611825	14.081632653061224
1.0	2.0	0.0	0.0007727244335611825	14.081632653061224
1.0	2.0	0.0	0.0008061286563552667	8.83673469387755
1.0	2.0	0.0	0.0008061286563552669	8.83673469387755
1.0	2.0	0.0	0.0008210290163703298	9.0
1.0	2.0	0.0	0.0008210290163703298	9.0
1.0	2.0	0.0	0.0007639716269815448	12.63265306122449
1.0	2.0	0.0	0.0007639716269815448	12.63265306122449
1.0	3.0	0.0	0.0011377709503069657	12.408163265306122
1.0	3.0	0.0	0.0011377709503069657	12.408163265306122
1.0	2.0	0.0	0.0008237307491614791	9.204081632653061
1.0	2.0	0.0	0.0008237307491614791	9.204081632653061
1.0	3.0	0.0	0.0011048294912620465	11.693877551020408
1.0	3.0	0.0	0.0011048294912620465	11.693877551020408
1.0	3.0	0.0	0.0011036229361759886	11.122448979591837
1.0	3.0	0.0	0.0011036229361759886	11.122448979591837
1.0	2.0	0.0	0.0008161249197735415	9.448979591836734
1.0	2.0	0.0	0.0008161249197735415	9.448979591836734
1.0	2.0	0.0	0.0007679166518637787	11.16326530612245
1.0	2.0	0.0	0.0007679166518637787	11.16326530612245
1.0	2.0	0.0	0.0007588055888030816	10.591836734693878
1.0	2.0	0.0	0.0007588055888030816	10.591836734693878
1.0	3.0	0.0	0.001135905356996416	10.061224489795919
1.0	3.0	0.0	0.001135905356996416	10.061224489795919
1.0	3.0	0.0	0.001162439097449244	10.63265306122449
1.0	3.0	0.0	0.001162439097449244	10.63265306122449
1.0	1.0	0.0	0.0004765315603666749	12.551020408163266
1.0	1.0	0.0	0.0004765315603666749	12.551020408163266
1.0	1.0	0.0	0.0004574835446973915	11.722222222222221
1.0	1.0	0.0	0.0004286376095338022	8.944444444444445
1.0	2.0	0.0	0.0007975720640592509	6.138888888888889
1.0	2.0	0.0	0.0008657016036720907	7.555555555555555
1.0	2.0	0.0	0.0008042184382103849	6.555555555555555
1.0	3.0	0.0	0.0011100106006635242	8.63888888888889
1.0	2.0	0.0	0.0007622354763599135	7.638888888888889
1.0	2.0	0.0	0.000794500735779854	7.611111111111111
1.0	2.0	0.0	0.0007882193149629116	8.5
1.0	3.0	0.0	0.001112167368430928	8.777777777777779
1.0	2.0	0.0	0.0007733938794485529	9.666666666666666
1.0	2.0	0.0	0.0007830614448611258	10.36111111111111
1.0	2.0	0.0	0.0007727697389081376	9.527777777777779
1.0	2.0	0.0	0.0007640564112269259	8.277777777777779
1.0	3.0	0.0	0.0011378896440855046	7.972222222222222
1.0	3.0	0.0	0.001105321510802813	7.361111111111111
1.0	3.0	0.0	0.0011039405784900942	6.944444444444445
1.0	2.0	0.0	0.0007681464994211318	7.0
1.0	2.0	0.0	0.0007595648334236575	6.583333333333333
1.0	3.0	0.0	0.0011634806839972106	6.638888888888889
1.0	3.0	0.0	0.001137164939693403	6.222222222222222
1.0	2.0	0.0	0.0008198326161916085	6.111111111111111
1.0	2.0	0.0	0.0008310687271348186	6.138888888888889
1.0	2.0	0.0	0.0008314679045904713	6.222222222222222
1.0	2.0	0.0	0.000824578468623439	6.361111111111111
1.0	1.0	0.0	0.00047678804908226046	8.527777777777779
1.0	3.0	0.0	0.001157575448289255	6.805555555555555
1.0	2.0	0.0	0.0007738803185080758	7.277777777777778
1.0	3.0	0.0	0.0011370594071949715	7.694444444444445
1.0	3.0	0.0	0.0011461052344510442	8.333333333333334
1.0	3.0	0.0	0.0012056891441882451	8.027777777777779
1.0	2.0	0.0	0.0008008491149246305	9.13888888888889
1.0	2.0	0.0	0.0008008491149246305	9.13888888888889
1.0	1.0	0.0	0.00044808798838808726	9.0
1.0	2.0	0.0	0.000816802376364759	9.944444444444445
1.0	2.0	0.0	0.000816802376364759	9.944444444444445
1.0	3.0	0.0	0.001237437270399675	10.75
1.0	1.0	0.0	0.0004372194711202301	5.2272727272727275
1.0	1.0	0.0	0.0004568877637144195	7.0
1.0	1.0	0.0	0.0004382180366480798	5.090909090909091
1.0	1.0	0.0	0.0004451012216132386	4.7727272727272725
1.0	3.0	0.0	0.0011257970350260539	3.4545454545454546
1.0	2.0	0.0	0.0007825734325052913	3.590909090909091
1.0	1.0	0.0	0.0004610045788464619	7.2272727272727275
1.0	3.0	0.0	0.0011161458805547119	3.590909090909091
1.0	3.0	0.0	0.001166895011057952	4.2727272727272725
1.0	3.0	0.0	0.0011688653698543347	4.136363636363637
1.0	3.0	0.0	0.001138257950247342	4.0
1.0	2.0	0.0	0.0007955446947334319	4.681818181818182
1.0	2.0	0.0	0.0007955446947334319	4.681818181818182
1.0	3.0	0.0	0.0011944674308934527	3.8181818181818183
1.0	2.0	0.0	0.0008148496860152052	5.363636363636363
1.0	2.0	0.0	0.0008148496860152052	5.363636363636363
1.0	3.0	0.0	0.0011755700507876635	4.2272727272727275
1.0	3.0	0.0	0.0012321462578700044	6.045454545454546
1.0	2.0	0.0	0.0008133202350621505	4.909090909090909
1.0	2.0	0.0	0.0008133202350621505	4.909090909090909
1.0	2.0	0.0	0.0008262389934336743	5.590909090909091
1.0	2.0	0.0	0.0008262389934336743	5.590909090909091
1.0	3.0	0.0	0.0012482795353133186	6.2727272727272725
1.0	2.0	0.0	0.0007956225226131632	3.0555555555555554
1.0	1.0	0.0	0.00045091123373609907	4.055555555555555
1.0	1.0	0.0	0.00044720810894096345	3.8333333333333335
1.0	1.0	0.0	0.00048714005578858567	5.0
1.0	1.0	0.0	0.0004501720623434653	4.277777777777778
1.0	3.0	0.0	0.001157575611691962	2.8333333333333335
1.0	2.0	0.0	0.0008221156312941708	3.9444444444444446
1.0	1.0	0.0	0.00045927981349219027	5.5
1.0	4.0	0.0	0.0016163555375673065	3.111111111111111
1.0	3.0	0.0	0.0011988124170974638	2.888888888888889
1.0	3.0	0.0	0.001208934324037765	3.2222222222222223
1.0	3.0	0.0	0.001153255542720233	2.6666666666666665
1.0	2.0	0.0	0.0008883641700347022	4.055555555555555
1.0	2.0	0.0	0.0008899164306315662	3.9444444444444446
1.0	2.0	0.0	0.0008053353208026038	3.4444444444444446
1.0	3.0	0.0	0.0012116585855150926	3.3333333333333335
1.0	2.0	0.0	0.000821037134469509	4.055555555555555
1.0	1.0	0.0	0.0004879144360581677	4.888888888888889
1.0	3.0	0.0	0.0012422775240470826	4.555555555555555
1.0	1.0	0.0	0.00043520804120276106	7.326530612244898
1.0	2.0	0.0	0.0008659394500281789	7.816326530612245
1.0	2.0	0.0	0.0008646367443419064	6.836734693877551
1.0	1.0	0.0	0.00043543176518883825	6.836734693877551
1.0	2.0	0.0	0.000878912499010687	7.979591836734694
1.0	2.0	0.0	0.0008789188267014155	7.489795918367347
1.0	1.0	0.0	0.00043973083536978625	7.081632653061225
1.0	3.0	0.0	0.0010553588166248191	4.714285714285714
1.0	3.0	0.0	0.0011083789516547079	5.857142857142857
1.0	2.0	0.0	0.0007821020138183502	5.571428571428571
1.0	1.0	0.0	0.0004637404276371163	7.122448979591836
1.0	2.0	0.0	0.0007632889309852776	7.448979591836735
1.0	2.0	0.0	0.0007736795611483248	8.26530612244898
1.0	3.0	0.0	0.001049809421453636	4.795918367346939
1.0	3.0	0.0	0.0010595499488633097	5.122448979591836
1.0	3.0	0.0	0.00108552735392758	5.530612244897959
1.0	3.0	0.0	0.0011059027736350718	5.204081632653061
1.0	3.0	0.0	0.001071680345760257	4.63265306122449
1.0	2.0	0.0	0.0007286143513251676	5.285714285714286
1.0	2.0	0.0	0.0007409232993084902	6.020408163265306
1.0	3.0	0.0	0.001081015802098944	5.612244897959184
1.0	3.0	0.0	0.001094891027874188	6.183673469387755
1.0	3.0	0.0	0.0010831131958571215	5.122448979591836
1.0	3.0	0.0	0.0010891755408912764	5.204081632653061
1.0	1.0	0.0	0.00042001617458221153	6.836734693877551
1.0	2.0	0.0	0.0007604736378537555	5.081632653061225
1.0	3.0	0.0	0.0011610579091495276	6.346938775510204
1.0	3.0	0.0	0.0011624977515812018	6.877551020408164
1.0	2.0	0.0	0.0008365769745198241	6.142857142857143
1.0	3.0	0.0	0.0011597853980536282	5.8979591836734695
1.0	3.0	0.0	0.0011619717423826718	5.857142857142857
1.0	3.0	0.0	0.0011880646075685922	7.040816326530612
1.0	3.0	0.0	0.0011947645994359966	7.612244897959184
1.0	3.0	0.0	0.0011936973153134599	6.63265306122449
1.0	3.0	0.0	0.0011878577089536253	6.551020408163265
1.0	1.0	0.0	0.0004452415759174502	8.591836734693878
1.0	1.0	0.0	0.0004448723376422044	7.612244897959184
1.0	3.0	0.0	0.0011744554645389414	6.1020408163265305
1.0	1.0	0.0	0.000476494780795408	8.795918367346939
1.0	1.0	0.0	0.0004758698774106417	7.816326530612245
1.0	1.0	0.0	0.0004822874795313504	8.959183673469388
1.0	3.0	0.0	0.0011319794953428713	6.714285714285714
1.0	1.0	0.0	0.00048222609520555203	8.46938775510204
1.0	2.0	0.0	0.0007751051877358415	7.530612244897959
1.0	3.0	0.0	0.0011211032203107974	8.183673469387756
1.0	3.0	0.0	0.0011253304703818952	9.0
1.0	2.0	0.0	0.0007839838276234546	9.081632653061224
1.0	2.0	0.0	0.0007853167865198836	9.89795918367347
1.0	2.0	0.0	0.0008005037950854399	9.979591836734693
1.0	2.0	0.0	0.0008010581325989038	10.795918367346939
1.0	1.0	0.0	0.00043520804120276106	7.326530612244898
1.0	2.0	0.0	0.0008659394500281789	7.816326530612245
1.0	2.0	0.0	0.0008646367443419064	6.836734693877551
1.0	1.0	0.0	0.00043543176518883825	6.836734693877551
1.0	2.0	0.0	0.000878912499010687	7.979591836734694
1.0	2.0	0.0	0.0008789188267014155	7.489795918367347
1.0	1.0	0.0	0.00043973083536978625	7.081632653061225
1.0	3.0	0.0	0.0010553588166248191	4.714285714285714
1.0	3.0	0.0	0.0011083789516547079	5.857142857142857
1.0	2.0	0.0	0.0007821020138183502	5.571428571428571
1.0	1.0	0.0	0.0004637404276371163	7.122448979591836
1.0	2.0	0.0	0.0007632889309852777	7.448979591836735
1.0	3.0	0.0	0.001049809421453636	4.795918367346939
1.0	3.0	0.0	0.0010595499488633097	5.122448979591836
1.0	3.0	0.0	0.00108552735392758	5.530612244897959
1.0	3.0	0.0	0.0011059027736350718	5.204081632653061
1.0	3.0	0.0	0.001071680345760257	4.63265306122449
1.0	2.0	0.0	0.0007286143513251676	5.285714285714286
1.0	2.0	0.0	0.0007409232993084902	6.020408163265306
1.0	3.0	0.0	0.001081015802098944	5.612244897959184
1.0	3.0	0.0	0.001094891027874188	6.183673469387755
1.0	3.0	0.0	0.0010831131958571215	5.122448979591836
1.0	3.0	0.0	0.0010891755408912764	5.204081632653061
1.0	1.0	0.0	0.00042001617458221153	6.836734693877551
1.0	2.0	0.0	0.0007604736378537555	5.081632653061225
1.0	3.0	0.0	0.0011610579091495276	6.346938775510204
1.0	3.0	0.0	0.0011624977515812018	6.877551020408164
1.0	2.0	0.0	0.0008365769745198241	6.142857142857143
1.0	3.0	0.0	0.0011597853980536282	5.8979591836734695
1.0	3.0	0.0	0.0011619717423826718	5.857142857142857
1.0	3.0	0.0	0.0011880646075685922	7.040816326530612
1.0	3.0	0.0	0.0011947645994359966	7.612244897959184
1.0	3.0	0.0	0.0011936973153134599	6.63265306122449
1.0	3.0	0.0	0.0011878577089536253	6.551020408163265
1.0	1.0	0.0	0.0004452415759174502	8.591836734693878
1.0	1.0	0.0	0.0004448723376422044	7.612244897959184
1.0	3.0	0.0	0.0011744554645389414	6.1020408163265305
1.0	1.0	0.0	0.000476494780795408	8.795918367346939
1.0	1.0	0.0	0.0004758698774106417	7.816326530612245
1.0	1.0	0.0	0.0004822874795313504	8.959183673469388
1.0	3.0	0.0	0.0011319794953428713	6.714285714285714
1.0	1.0	0.0	0.00048222609520555203	8.46938775510204
1.0	2.0	0.0	0.0007751051877358415	7.530612244897959
1.0	2.0	0.0	0.0007736795611483248	8.26530612244898
1.0	3.0	0.0	0.0011211032203107974	8.183673469387756
1.0	3.0	0.0	0.0011253304703818955	9.0
1.0	2.0	0.0	0.0007839838276234546	9.081632653061224
1.0	2.0	0.0	0.0007853167865198836	9.89795918367347
1.0	2.0	0.0	0.0008005037950854399	9.979591836734693
1.0	2.0	0.0	0.0008010581325989038	10.795918367346939
1.0	3.0	0.0	0.0010925409795717544	3.0
1.0	2.0	0.0	0.000734328638202033	3.263157894736842
1.0	2.0	0.0	0.0007315197380357863	3.4210526315789473
1.0	3.0	0.0	0.001104809462137827	2.6842105263157894
1.0	3.0	0.0	0.0010597311331938704	2.6842105263157894
1.0	2.0	0.0	0.0008246366415463312	3.4210526315789473
1.0	3.0	0.0	0.0010727444237063656	3.0526315789473686
1.0	3.0	0.0	0.0010653276817385918	2.9473684210526314
1.0	2.0	0.0	0.0009030975827744288	4.2631578947368425
1.0	3.0	0.0	0.0010926766439019998	3.263157894736842
1.0	3.0	0.0	0.0010824232045191264	3.4210526315789473
1.0	2.0	0.0	0.0007705462534494233	3.736842105263158
1.0	2.0	0.0	0.0007611746593583793	3.789473684210526
1.0	2.0	0.0	0.0007697097248975046	4.0
1.0	1.0	0.0	0.0004934331305773104	5.2105263157894735
1.0	2.0	0.0	0.0007646908825061738	4.157894736842105
1.0	2.0	0.0	0.0007886219633265701	4.473684210526316
1.0	2.0	0.0	0.0007825488887565613	4.526315789473684
1.0	2.0	0.0	0.0007891684480349245	4.7368421052631575
1.0	2.0	0.0	0.0007835188280619766	4.894736842105263
1.0	3.0	0.0	0.0014126314296865014	5.681818181818182
1.0	0.0	0.0	0.0	0.0
1.0	2.0	0.0	0.000899926651587037	4.909090909090909
1.0	1.0	0.0	0.0004729256292261164	4.954545454545454
1.0	1.0	0.0	0.00047171394602507985	5.0
1.0	1.0	0.0	0.0005116123097117586	7.2272727272727275
1.0	1.0	0.0	0.0005116123097117586	7.2272727272727275
1.0	1.0	0.0	0.0005137479352722006	7.045454545454546
1.0	1.0	0.0	0.0005137479352722006	7.045454545454546
1.0	2.0	0.0	0.000845152100339879	3.772727272727273
1.0	2.0	0.0	0.0008818302651955861	4.636363636363637
1.0	1.0	0.0	0.0004943732340619874	6.454545454545454
1.0	2.0	0.0	0.0008733624454148471	1.8
1.0	3.0	0.0	0.0012414758615762675	3.6363636363636362
1.0	2.0	0.0	0.0008870739988105726	4.909090909090909
1.0	2.0	0.0	0.0008714654196099812	4.409090909090909
1.0	3.0	0.0	0.0013543466846418532	5.5
1.0	2.0	0.0	0.000864710322533882	4.2272727272727275
1.0	3.0	0.0	0.0012867419373555928	4.0
1.0	3.0	0.0	0.0012801291855962552	4.045454545454546
1.0	3.0	0.0	0.0014168692908440332	6.2727272727272725
1.0	2.0	0.0	0.0009101123778837645	5.318181818181818
1.0	1.0	0.0	0.0005108041747296369	6.636363636363637
1.0	1.0	0.0	0.0005108041747296369	6.636363636363637
1.0	3.0	0.0	0.0014235290701398997	6.090909090909091
1.0	2.0	0.0	0.0008733624454148471	1.8
1.0	2.0	0.0	0.0008733624454148471	1.8
1.0	2.0	0.0	0.0008733624454148471	1.8
1.0	2.0	0.0	0.0008733624454148471	1.8
1.0	2.0	0.0	0.0008733624454148471	1.8
1.0	2.0	0.0	0.0008762356483781197	3.9444444444444446
1.0	2.0	0.0	0.0008867558155743679	4.277777777777778
1.0	1.0	0.0	0.00044382489599718644	4.0
1.0	1.0	0.0	0.0004451195233332776	4.333333333333333
1.0	1.0	0.0	0.0005038090809293709	5.611111111111111
1.0	3.0	0.0	0.001181006487887334	3.388888888888889
1.0	3.0	0.0	0.0011319073769988776	2.6666666666666665
1.0	3.0	0.0	0.0011388386825597206	3.0
1.0	3.0	0.0	0.0011536081876447062	2.8333333333333335
1.0	2.0	0.0	0.0007880020619801598	3.3333333333333335
1.0	3.0	0.0	0.0011876833576034938	3.0555555555555554
1.0	2.0	0.0	0.0008285308317161726	3.3333333333333335
1.0	3.0	0.0	0.0011930404013166457	3.388888888888889
1.0	1.0	0.0	0.0004416655131989586	4.333333333333333
1.0	3.0	0.0	0.0012062674549297592	3.4444444444444446
1.0	2.0	0.0	0.0008068230759806499	3.7777777777777777
1.0	3.0	0.0	0.001390402756561912	4.666666666666667
1.0	1.0	0.0	0.0004865562293620072	5.222222222222222
1.0	1.0	0.0	0.0005038090809293709	5.611111111111111
1.0	1.0	0.0	0.0005208270566723469	7.4
1.0	1.0	0.0	0.0005208270566723469	7.4
1.0	4.0	0.0	0.001681776151538362	4.28
1.0	2.0	0.0	0.0008265412549514814	4.04
1.0	1.0	0.0	0.00046564132660895167	5.24
1.0	2.0	0.0	0.000885817741196994	6.28
1.0	1.0	0.0	0.0004437452508722765	5.84
1.0	1.0	0.0	0.0004430462311704033	5.8
1.0	3.0	0.0	0.0011615619611503383	4.12
1.0	3.0	0.0	0.0012798553064716366	4.76
1.0	1.0	0.0	0.00046564132660895167	5.24
1.0	3.0	0.0	0.0011424723277101065	3.8
1.0	3.0	0.0	0.0011305538071959753	4.32
1.0	3.0	0.0	0.0011280788208961371	4.28
1.0	2.0	0.0	0.0008021504973044216	3.88
1.0	2.0	0.0	0.0007685146496802648	4.12
1.0	2.0	0.0	0.0009048818898359796	5.56
1.0	2.0	0.0	0.0009048818898359796	5.56
1.0	1.0	0.0	0.0004357516350413983	5.08
1.0	3.0	0.0	0.0011882292797570906	4.88
1.0	3.0	0.0	0.0011855571394160374	4.84
1.0	3.0	0.0	0.001203976625463421	5.4
1.0	2.0	0.0	0.0009631005268524637	6.44
1.0	2.0	0.0	0.0009631005268524637	6.44
1.0	2.0	0.0	0.0008048794324900617	5.44
1.0	1.0	0.0	0.0004860138685401314	7.24
1.0	1.0	0.0	0.0005208270566723469	7.4
1.0	1.0	0.0	0.0005208270566723469	7.4
1.0	4.0	0.0	0.001681776151538362	4.28
1.0	2.0	0.0	0.0008265412549514814	4.04
1.0	1.0	0.0	0.00046564132660895167	5.24
1.0	2.0	0.0	0.000885817741196994	6.28
1.0	1.0	0.0	0.0004437452508722765	5.84
1.0	1.0	0.0	0.0004430462311704033	5.8
1.0	3.0	0.0	0.0011615619611503383	4.12
1.0	3.0	0.0	0.0012798553064716366	4.76
1.0	1.0	0.0	0.00046564132660895167	5.24
1.0	3.0	0.0	0.0011424723277101065	3.8
1.0	3.0	0.0	0.0011305538071959753	4.32
1.0	3.0	0.0	0.0011280788208961371	4.28
1.0	2.0	0.0	0.0008021504973044216	3.88
1.0	2.0	0.0	0.0007685146496802648	4.12
1.0	2.0	0.0	0.0009048818898359796	5.56
1.0	2.0	0.0	0.0009048818898359796	5.56
1.0	1.0	0.0	0.0004357516350413983	5.08
1.0	3.0	0.0	0.0011882292797570906	4.88
1.0	3.0	0.0	0.0011855571394160374	4.84
1.0	3.0	0.0	0.001203976625463421	5.4
1.0	2.0	0.0	0.0009631005268524637	6.44
1.0	2.0	0.0	0.0009631005268524637	6.44
1.0	2.0	0.0	0.0008048794324900617	5.44
1.0	1.0	0.0	0.0004860138685401314	7.24
1.0	1.0	0.0	0.0005307137332435475	10.21951219512195
1.0	4.0	0.0	0.001573119272630898	5.146341463414634
1.0	1.0	0.0	0.00045629266172467415	9.902439024390244
1.0	2.0	0.0	0.0007668252896388787	6.341463414634147
1.0	1.0	0.0	0.00043974994135693746	7.487804878048781
1.0	2.0	0.0	0.0007955857713819922	5.341463414634147
1.0	2.0	0.0	0.000794025165814279	5.390243902439025
1.0	1.0	0.0	0.00044139430608326465	6.121951219512195
1.0	1.0	0.0	0.0004482767412862545	9.121951219512194
1.0	1.0	0.0	0.00045845842159896187	10.682926829268293
1.0	2.0	0.0	0.0008850112787550087	9.487804878048781
1.0	1.0	0.0	0.00044303512986621554	8.829268292682928
1.0	1.0	0.0	0.0004423380816509311	8.804878048780488
1.0	3.0	0.0	0.001145874820040733	7.365853658536586
1.0	3.0	0.0	0.001245439978688969	5.829268292682927
1.0	2.0	0.0	0.0008193989183437316	8.926829268292684
1.0	3.0	0.0	0.0011546529059496807	6.609756097560975
1.0	3.0	0.0	0.0011391243312155015	5.878048780487805
1.0	3.0	0.0	0.0011748527751687878	6.512195121951219
1.0	2.0	0.0	0.0007775463923721778	6.975609756097561
1.0	3.0	0.0	0.00112659714298944	6.780487804878049
1.0	2.0	0.0	0.000786960489521321	5.585365853658536
1.0	3.0	0.0	0.001204353300379065	8.146341463414634
1.0	2.0	0.0	0.0008003626574456387	8.146341463414634
1.0	2.0	0.0	0.000864255054337525	6.609756097560975
1.0	3.0	0.0	0.0012285144422986248	8.926829268292684
1.0	2.0	0.0	0.0008972069916650133	7.439024390243903
1.0	2.0	0.0	0.0007835320039422404	5.682926829268292
1.0	3.0	0.0	0.0011299150463280703	6.024390243902439
1.0	1.0	0.0	0.0004607980487250604	6.804878048780488
1.0	3.0	0.0	0.0012384532439323832	9.707317073170731
1.0	3.0	0.0	0.0011265471759690211	7.121951219512195
1.0	2.0	0.0	0.0009341707388560122	8.317073170731707
1.0	3.0	0.0	0.001123904701647143	7.097560975609756
1.0	2.0	0.0	0.0007634244283630759	6.609756097560975
1.0	1.0	0.0	0.0004337169494221824	7.585365853658536
1.0	3.0	0.0	0.0011858338581695795	7.853658536585366
1.0	3.0	0.0	0.0011831701517427719	7.829268292682927
1.0	2.0	0.0	0.0009860763817520863	9.24390243902439
1.0	3.0	0.0	0.001202371931131897	8.560975609756097
1.0	2.0	0.0	0.0008036869775219391	8.585365853658537
1.0	1.0	0.0	0.00048565507447205524	10.463414634146341
1.0	1.0	0.0	0.0005307540471278958	10.0
1.0	4.0	0.0	0.0015755477042027947	4.9743589743589745
1.0	1.0	0.0	0.00045630023585348966	9.512820512820513
1.0	2.0	0.0	0.0007669408321725402	6.0256410256410255
1.0	1.0	0.0	0.00043981586239613994	7.17948717948718
1.0	2.0	0.0	0.0007964438257040409	5.128205128205129
1.0	2.0	0.0	0.0007972208722009945	5.282051282051282
1.0	1.0	0.0	0.00044202410565941043	5.948717948717949
1.0	1.0	0.0	0.0004482850177219831	8.743589743589743
1.0	1.0	0.0	0.0004584626831288177	10.282051282051283
1.0	1.0	0.0	0.00043615259575369234	7.641025641025641
1.0	1.0	0.0	0.00044036881675459154	8.35897435897436
1.0	3.0	0.0	0.0011459255011533683	7.0
1.0	3.0	0.0	0.0012466554993308735	5.641025641025641
1.0	2.0	0.0	0.000819411456309316	8.538461538461538
1.0	3.0	0.0	0.001139486065105309	5.589743589743589
1.0	3.0	0.0	0.001175015702199229	6.205128205128205
1.0	2.0	0.0	0.0007776456596242153	6.641025641025641
1.0	3.0	0.0	0.0011267212090657678	6.435897435897436
1.0	2.0	0.0	0.0007873637627619794	5.333333333333333
1.0	3.0	0.0	0.001204389330386985	7.769230769230769
1.0	2.0	0.0	0.0008003884601695873	7.769230769230769
1.0	2.0	0.0	0.0008646422574488796	6.410256410256411
1.0	3.0	0.0	0.0012285324146208557	8.538461538461538
1.0	2.0	0.0	0.0008975830111963166	7.230769230769231
1.0	1.0	0.0	0.0004610839502047147	6.615384615384615
1.0	3.0	0.0	0.0012384745304957576	9.307692307692308
1.0	2.0	0.0	0.0007889767991363392	5.641025641025641
1.0	2.0	0.0	0.0009343123543720606	8.102564102564102
1.0	3.0	0.0	0.0011440335430162448	6.051282051282051
1.0	2.0	0.0	0.0009863001625314471	9.025641025641026
1.0	3.0	0.0	0.0011622585203366412	6.666666666666667
1.0	2.0	0.0	0.0007834324144375755	6.769230769230769
1.0	3.0	0.0	0.0011320039109527019	7.282051282051282
1.0	3.0	0.0	0.001135385746055447	8.0
1.0	3.0	0.0	0.0011772395872823604	7.384615384615385
1.0	2.0	0.0	0.0007888100459161762	8.153846153846153
1.0	2.0	0.0	0.0007904289137459582	8.871794871794872
1.0	2.0	0.0	0.0008047776033141714	9.025641025641026
1.0	2.0	0.0	0.0008049028067472091	9.743589743589743
1.0	1.0	0.0	0.0005308724232006253	9.742857142857142
1.0	4.0	0.0	0.001580193490951601	4.828571428571428
1.0	1.0	0.0	0.0004563085016800437	8.857142857142858
1.0	2.0	0.0	0.0007671654582486784	5.542857142857143
1.0	1.0	0.0	0.0004399037416738388	6.714285714285714
1.0	2.0	0.0	0.0007977701315103604	4.885714285714286
1.0	2.0	0.0	0.0008025596519680316	5.285714285714286
1.0	1.0	0.0	0.00044301594311240696	5.8
1.0	1.0	0.0	0.00044829865639616954	8.114285714285714
1.0	1.0	0.0	0.00045846950434581525	9.6
1.0	2.0	0.0	0.0008003873874540466	7.085714285714285
1.0	1.0	0.0	0.00048316193122667137	9.628571428571428
1.0	1.0	0.0	0.00048316193122667137	9.628571428571428
1.0	3.0	0.0	0.0011460109455998868	6.4
1.0	3.0	0.0	0.0012484698806675585	5.457142857142857
1.0	2.0	0.0	0.0008194319162005	7.885714285714286
1.0	3.0	0.0	0.0013199368339514355	8.657142857142857
1.0	3.0	0.0	0.0011400012317182105	5.171428571428572
1.0	3.0	0.0	0.0011753375607026191	5.742857142857143
1.0	2.0	0.0	0.0007777903537198691	6.114285714285714
1.0	3.0	0.0	0.001126906030258213	5.885714285714286
1.0	2.0	0.0	0.0007881671035390202	5.0
1.0	3.0	0.0	0.0012044338706338085	7.142857142857143
1.0	2.0	0.0	0.0008004210910651575	7.142857142857143
1.0	2.0	0.0	0.0008654649355205941	6.2
1.0	2.0	0.0	0.0008980627696466587	7.0
1.0	3.0	0.0	0.0012285617098504115	7.885714285714286
1.0	1.0	0.0	0.0004616683581036106	6.428571428571429
1.0	3.0	0.0	0.0012384972130399172	8.628571428571428
1.0	2.0	0.0	0.0009346690006176088	7.857142857142857
1.0	2.0	0.0	0.0007988688280818973	5.8
1.0	2.0	0.0	0.00098653490534785	8.771428571428572
1.0	3.0	0.0	0.001168304779950051	6.371428571428571
1.0	2.0	0.0	0.0008027754118967632	7.171428571428572
1.0	2.0	0.0	0.0008112109862135452	7.885714285714286
1.0	3.0	0.0	0.0012082535656143438	7.8
1.0	3.0	0.0	0.0013835013490304364	3.1666666666666665
1.0	2.0	0.0	0.0008655237515906953	2.5833333333333335
1.0	1.0	0.0	0.00048622165444422224	3.75
1.0	1.0	0.0	0.00048622165444422224	3.75
1.0	3.0	0.0	0.0012236095822298898	2.1666666666666665
1.0	3.0	0.0	0.001225749060576988	2.25
1.0	2.0	0.0	0.0008293253880018968	2.75
1.0	2.0	0.0	0.0008363127053639002	2.8333333333333335
1.0	2.0	0.0	0.0008417919742004429	3.3333333333333335
1.0	2.0	0.0	0.0008385981143689916	3.4166666666666665
1.0	1.0	0.0	0.0005003964117078597	4.083333333333333
1.0	1.0	0.0	0.0005003964117078597	4.083333333333333
1.0	3.0	0.0	0.001336063732725606	2.8333333333333335
1.0	1.0	0.0	0.0004513184552202559	5.76
1.0	1.0	0.0	0.000452122930340006	5.92
1.0	1.0	0.0	0.00047277194334949176	4.88
1.0	1.0	0.0	0.00047277194334949176	4.88
1.0	1.0	0.0	0.00047277194334949176	4.88
1.0	1.0	0.0	0.00043570905109985004	4.24
1.0	1.0	0.0	0.00043899088291423375	4.4
1.0	1.0	0.0	0.00043999493095520515	4.4
1.0	3.0	0.0	0.0011591203860900462	3.28
1.0	3.0	0.0	0.0011744924814001316	3.44
1.0	3.0	0.0	0.0011387051936824345	3.04
1.0	3.0	0.0	0.0011331423052569367	3.52
1.0	3.0	0.0	0.001134577141663555	3.68
1.0	3.0	0.0	0.0011654061343597023	3.2
1.0	3.0	0.0	0.0011737318518796813	3.44
1.0	2.0	0.0	0.000790622312274626	4.16
1.0	2.0	0.0	0.0007931523890173362	4.32
1.0	4.0	0.0	0.0017166029190611698	3.92
1.0	3.0	0.0	0.0011680374627230901	4.0
1.0	3.0	0.0	0.0012153230537718053	4.8
1.0	3.0	0.0	0.001213896147533016	4.96
1.0	2.0	0.0	0.0008080090134234793	4.8
1.0	2.0	0.0	0.0008080090134234793	4.8
1.0	2.0	0.0	0.0008246890193271118	5.6
1.0	2.0	0.0	0.0008246890193271118	5.6
1.0	2.0	0.0	0.0008287656559932809	6.4
1.0	1.0	0.0	0.00042140943491524214	4.9
1.0	1.0	0.0	0.0004403306959242358	5.7
1.0	2.0	0.0	0.0009126795916046806	5.633333333333334
1.0	1.0	0.0	0.00046448325883979207	5.7
1.0	3.0	0.0	0.0010617075805844493	3.466666666666667
1.0	3.0	0.0	0.001058728041680339	3.433333333333333
1.0	3.0	0.0	0.0010574410582126388	3.433333333333333
1.0	3.0	0.0	0.0010669183803984571	3.466666666666667
1.0	3.0	0.0	0.0010672794799965173	3.566666666666667
1.0	3.0	0.0	0.0011143078341316285	3.933333333333333
1.0	2.0	0.0	0.0007476849440177034	4.033333333333333
1.0	3.0	0.0	0.0011136384192112336	3.933333333333333
1.0	3.0	0.0	0.0010992901082634416	4.433333333333334
1.0	3.0	0.0	0.0011373585599628055	3.966666666666667
1.0	3.0	0.0	0.0010991829496121645	4.433333333333334
1.0	2.0	0.0	0.0007599397037349482	4.333333333333333
1.0	3.0	0.0	0.001141073077715376	4.666666666666667
1.0	3.0	0.0	0.0011776520123570188	4.733333333333333
1.0	2.0	0.0	0.00078205006033503	4.833333333333333
1.0	2.0	0.0	0.00077331768712166	5.266666666666667
1.0	2.0	0.0	0.0007732248392259989	5.266666666666667
1.0	1.0	0.0	0.00042157623671091455	4.9
1.0	3.0	0.0	0.0012583180373118568	4.733333333333333
1.0	2.0	0.0	0.0007914460746660607	6.1
1.0	2.0	0.0	0.0007914648119841578	6.1
1.0	2.0	0.0	0.0007959369292678292	5.5
1.0	2.0	0.0	0.0007959369292678292	5.5
1.0	2.0	0.0	0.0008154550103229669	6.333333333333333
1.0	2.0	0.0	0.0008154550103229669	6.333333333333333
1.0	2.0	0.0	0.0008205262576496881	7.166666666666667
1.0	1.0	0.0	0.0004984227925106245	6.6
1.0	0.0	0.0	0.0	0.0
1.0	1.0	0.0	0.0004240809403585906	5.714285714285714
1.0	1.0	0.0	0.00042602343890904706	6.057142857142857
1.0	2.0	0.0	0.0008664222868313542	6.828571428571428
1.0	3.0	0.0	0.0011614108658219249	6.571428571428571
1.0	3.0	0.0	0.0010585966277328984	4.685714285714286
1.0	3.0	0.0	0.0010483334192019824	4.285714285714286
1.0	2.0	0.0	0.0007133724143983957	4.742857142857143
1.0	3.0	0.0	0.0011307402592794238	5.142857142857143
1.0	3.0	0.0	0.00138563966464238	7.542857142857143
1.0	2.0	0.0	0.0008053465781033163	7.428571428571429
1.0	2.0	0.0	0.0008053465781033163	7.428571428571429
1.0	2.0	0.0	0.000774563175778158	5.885714285714286
1.0	3.0	0.0	0.001014365938394503	4.171428571428572
1.0	2.0	0.0	0.0008223959137225981	8.285714285714286
1.0	2.0	0.0	0.0008223959137225981	8.285714285714286
1.0	2.0	0.0	0.0008269835240677838	9.142857142857142
1.0	2.0	0.0	0.0007538125668086568	5.257142857142857
1.0	3.0	0.0	0.0010268023968303913	4.228571428571429
1.0	3.0	0.0	0.0010381381206593533	4.485714285714286
1.0	3.0	0.0	0.0010285745429376518	4.371428571428571
1.0	3.0	0.0	0.0010641092042579486	4.628571428571429
1.0	3.0	0.0	0.0010505708160241495	4.428571428571429
1.0	3.0	0.0	0.0010570948258269324	4.485714285714286
1.0	2.0	0.0	0.0007290120324796123	4.885714285714286
1.0	3.0	0.0	0.0011247413580213659	4.742857142857143
1.0	2.0	0.0	0.0007355565244216015	4.942857142857143
1.0	3.0	0.0	0.0011312487952338107	5.085714285714285
1.0	2.0	0.0	0.0008198790633980657	5.885714285714286
1.0	2.0	0.0	0.0007524030490270173	5.171428571428572
1.0	2.0	0.0	0.0007528772996353121	5.228571428571429
1.0	3.0	0.0	0.0011639257124555818	5.914285714285715
1.0	2.0	0.0	0.0008697593821371562	6.685714285714286
1.0	2.0	0.0	0.0007760924595894923	5.9714285714285715
1.0	1.0	0.0	0.0005017872575838855	8.514285714285714
1.0	1.0	0.0	0.0005017872575838855	8.514285714285714
1.0	1.0	0.0	0.0004768578309543479	7.8
1.0	4.0	0.0	0.0017532472956408517	6.095238095238095
1.0	1.0	0.0	0.0004803881811993493	7.0476190476190474
1.0	1.0	0.0	0.0004803881811993493	7.0476190476190474
1.0	2.0	0.0	0.0009335387513562033	6.9523809523809526
1.0	1.0	0.0	0.0004768596097798932	7.0476190476190474
1.0	2.0	0.0	0.0007952776167059689	4.190476190476191
1.0	1.0	0.0	0.0004803881811993493	7.0476190476190474
1.0	3.0	0.0	0.0012106742870971058	5.428571428571429
1.0	3.0	0.0	0.0011707633075126356	4.285714285714286
1.0	2.0	0.0	0.0008142215568120698	5.0476190476190474
1.0	2.0	0.0	0.0008142215568120698	5.0476190476190474
1.0	2.0	0.0	0.0008026445032143516	4.666666666666667
1.0	2.0	0.0	0.0008026445032143516	4.666666666666667
1.0	3.0	0.0	0.0011665956723301203	4.285714285714286
1.0	3.0	0.0	0.0012060540169151115	5.428571428571429
1.0	2.0	0.0	0.0008023047518519233	4.666666666666667
1.0	2.0	0.0	0.0008023047518519233	4.666666666666667
1.0	2.0	0.0	0.000796420266599816	4.190476190476191
1.0	2.0	0.0	0.0008097375446855211	5.0476190476190474
1.0	2.0	0.0	0.0008097375446855211	5.0476190476190474
1.0	3.0	0.0	0.0012981677508134082	6.095238095238095
1.0	1.0	0.0	0.0005073939676497411	7.904761904761905
1.0	2.0	0.0	0.0007575352614133119	5.0
1.0	1.0	0.0	0.00048275773906949614	6.818181818181818
1.0	2.0	0.0	0.0007485715293480356	3.3636363636363638
1.0	2.0	0.0	0.0007385088897491055	4.590909090909091
1.0	3.0	0.0	0.0010704817386413923	3.227272727272727
1.0	3.0	0.0	0.0010783652902196118	3.6363636363636362
1.0	3.0	0.0	0.001072296239859268	3.727272727272727
1.0	3.0	0.0	0.0010893511214774298	4.090909090909091
1.0	3.0	0.0	0.0010827715740291577	4.181818181818182
1.0	3.0	0.0	0.001137237744528602	3.590909090909091
1.0	2.0	0.0	0.0007645549673081771	4.409090909090909
1.0	2.0	0.0	0.000754794963286994	4.545454545454546
1.0	2.0	0.0	0.000767411155200408	4.863636363636363
1.0	2.0	0.0	0.0007846213011347811	5.181818181818182
1.0	2.0	0.0	0.0007678331525901097	5.181818181818182
1.0	2.0	0.0	0.0007899065881158357	4.090909090909091
1.0	2.0	0.0	0.0007899065881158357	4.090909090909091
1.0	2.0	0.0	0.000786349258871114	5.636363636363637
1.0	3.0	0.0	0.0012069821973285694	5.090909090909091
1.0	2.0	0.0	0.00080657181976641	4.590909090909091
1.0	2.0	0.0	0.00080657181976641	4.590909090909091
1.0	3.0	0.0	0.0013211975656519282	5.863636363636363
1.0	1.0	0.0	0.00048275773906949614	6.818181818181818
