Constant_feature	Degree	Clustering_coefficient	Pagerank	Aver_path_len
1.0	1.0	0.0	0.013593146985570709	5.269230769230769
1.0	2.0	0.0	0.02770259197964629	7.0
1.0	1.0	0.0	0.013423646245541113	5.115384615384615
1.0	1.0	0.0	0.013633068715750098	5.538461538461538
1.0	1.0	0.0	0.013767606763702821	6.115384615384615
1.0	1.0	0.0	0.013792715226524106	6.538461538461538
1.0	1.0	0.0	0.016416621437711196	9.653846153846153
1.0	1.0	0.0	0.015594443894408278	2.7777777777777777
1.0	1.0	0.0	0.015594443894408278	2.7777777777777777
1.0	1.0	0.0	0.0160457310170789	3.2222222222222223
1.0	1.0	0.0	0.0160457310170789	3.2222222222222223
1.0	1.0	0.0	0.0160457310170789	3.2222222222222223
1.0	1.0	0.0	0.0160457310170789	3.2222222222222223
1.0	3.0	0.0	0.03620196933809378	5.038461538461538
1.0	3.0	0.0	0.034883987506052344	4.0
1.0	2.0	0.0	0.024436645340830412	4.6923076923076925
1.0	2.0	0.0	0.024436645340830412	4.6923076923076925
1.0	2.0	0.0	0.024165477630968428	4.346153846153846
1.0	2.0	0.0	0.024165477630968428	4.346153846153846
1.0	2.0	0.0	0.025565714985176256	5.615384615384615
1.0	3.0	0.0	0.03477981649664111	3.8846153846153846
1.0	2.0	0.0	0.026674675871774144	6.269230769230769
1.0	3.0	0.0	0.035734856717763865	4.153846153846154
1.0	3.0	0.0	0.03629985290903091	4.3076923076923075
1.0	3.0	0.0	0.03506132313060088	4.423076923076923
1.0	3.0	0.0	0.03524099989017762	4.846153846153846
1.0	3.0	0.0	0.03643615963423484	4.576923076923077
1.0	3.0	0.0	0.03688145093561701	5.153846153846154
1.0	3.0	0.0	0.03696827790989509	5.576923076923077
1.0	2.0	0.0	0.028883425891459043	7.8076923076923075
1.0	2.0	0.0	0.025046499085091607	5.884615384615385
1.0	2.0	0.0	0.02506316998115496	6.3076923076923075
1.0	2.0	0.0	0.030473906148922328	8.692307692307692
1.0	3.0	0.0	0.04297247226475834	1.8888888888888888
1.0	3.0	0.0	0.04297247226475834	1.8888888888888888
1.0	3.0	0.0	0.044476756941810705	2.3333333333333335
1.0	3.0	0.0	0.044476756941810705	2.3333333333333335
