Constant_feature	Degree	Clustering_coefficient	Pagerank	Aver_path_len
1.0	1.0	0.0	0.016832875163039128	9.09375
1.0	1.0	0.0	0.016487910054249284	7.90625
1.0	2.0	0.0	0.028478597843695205	8.90625
1.0	1.0	0.0	0.016035525765914094	10.65625
1.0	3.0	0.0	0.046010823127637615	8.125
1.0	3.0	0.0	0.04753330294272404	8.90625
1.0	3.0	0.0	0.045229708686109774	7.46875
1.0	2.0	0.0	0.033644217014752405	9.8125
1.0	3.0	0.0	0.04486092682065504	6.9375
1.0	1.0	0.0	0.01729096779748598	9.875
1.0	1.0	0.0	0.016599893415542213	8.4375
1.0	3.0	0.0	0.04473527719191663	6.53125
1.0	1.0	0.0	0.01816953104903438	10.78125
1.0	1.0	0.0	0.016451542196123565	7.5
1.0	2.0	0.0	0.029871692261205948	6.25
1.0	3.0	0.0	0.044731890532905313	6.03125
1.0	3.0	0.0	0.04435796222995571	6.03125
1.0	2.0	0.0	0.02978895501831734	5.9375
1.0	2.0	0.0	0.029901444445018414	5.9375
1.0	1.0	0.0	0.01645045309538541	7.0
1.0	2.0	0.0	0.029890097921410248	5.90625
1.0	2.0	0.0	0.02937615431469751	6.25
1.0	1.0	0.0	0.016337963668684338	7.0
1.0	3.0	0.0	0.04346045193020301	6.53125
1.0	2.0	0.0	0.03158953241897822	7.4375
1.0	3.0	0.0	0.04147600897850873	8.125
1.0	2.0	0.0	0.028879460383298475	7.0
1.0	2.0	0.0	0.02846918944150343	7.53125
1.0	2.0	0.0	0.028488883026000472	8.96875
1.0	1.0	0.0	0.017245534616091244	8.40625
1.0	2.0	0.0	0.028922604379822123	9.75
1.0	2.0	0.0	0.02905103368383042	10.53125
1.0	3.0	0.0	0.04334958858530415	9.6875
