Constant_feature	Degree	Clustering_coefficient	Pagerank	Aver_path_len
1.0	0.0	0.0	0.0	0.0
1.0	2.0	0.0	0.05879749190092236	3.7333333333333334
1.0	2.0	0.0	0.05847639256457665	5.133333333333334
1.0	2.0	0.0	0.058476392564576665	5.133333333333334
1.0	2.0	0.0	0.05866066073586154	4.0
1.0	2.0	0.0	0.0596166537259791	3.7333333333333334
1.0	2.0	0.0	0.059709348821169704	5.333333333333333
1.0	2.0	0.0	0.059207857759538685	5.866666666666666
1.0	2.0	0.0	0.05920785775953868	5.866666666666666
1.0	3.0	0.0	0.08527564816006147	4.4
1.0	2.0	0.0	0.0596778688287045	3.6
1.0	2.0	0.0	0.05993339068737324	3.6
1.0	3.0	0.0	0.08563755167718433	4.0
1.0	2.0	0.0	0.05881185030807706	4.666666666666667
1.0	2.0	0.0	0.058811850308077056	4.666666666666667
1.0	2.0	0.0	0.059709348821169704	5.333333333333333
1.0	2.0	0.0	0.059989835377189216	6.0
