Constant_feature	Degree	Clustering_coefficient	Pagerank	Aver_path_len
1.0	2.0	0.0	0.053798040565584265	3.75
1.0	3.0	0.0	0.07483844790579255	2.625
1.0	2.0	0.0	0.05185874466153626	3.5
1.0	2.0	0.0	0.05376659025371043	3.8125
1.0	2.0	0.0	0.0547431404668735	4.4375
1.0	1.0	0.0	0.03054821082158965	5.3125
1.0	3.0	0.0	0.07444716802329432	2.875
1.0	2.0	0.0	0.051583994461786256	2.8125
1.0	3.0	0.0	0.07803324479851423	3.125
1.0	3.0	0.0	0.0752189892599896	3.3125
1.0	2.0	0.0	0.05232399900435103	3.5625
1.0	3.0	0.0	0.077498854059462	3.125
1.0	2.0	0.0	0.052595615416814887	4.0
1.0	1.0	0.0	0.029292383157174355	4.0625
1.0	2.0	0.0	0.053575895713593766	4.25
1.0	2.0	0.0	0.053657630193727386	4.6875
1.0	3.0	0.0	0.08221905123620528	4.375
