Constant_feature	Degree	Clustering_coefficient	Pagerank	Aver_path_len
1.0	0.0	0.0	0.0	0.0
1.0	1.0	0.0	0.027112583218056673	6.2
1.0	1.0	0.0	0.027112583218056673	6.2
1.0	2.0	0.0	0.04652777264067934	4.5
1.0	2.0	0.0	0.04905873070799141	6.25
1.0	1.0	0.0	0.024437376971393795	4.45
1.0	3.0	0.0	0.06558617398820407	3.5
1.0	3.0	0.0	0.06352317961904859	3.5
1.0	3.0	0.0	0.06419088122022461	3.75
1.0	2.0	0.0	0.043493828261403696	3.45
1.0	3.0	0.0	0.06471549491989459	3.85
1.0	2.0	0.0	0.04417122232203515	4.3
1.0	2.0	0.0	0.04417122232203515	4.3
1.0	2.0	0.0	0.04393977933004555	4.25
1.0	3.0	0.0	0.06714204955512645	5.4
1.0	2.0	0.0	0.04478100440521654	4.85
1.0	2.0	0.0	0.04478100440521654	4.85
1.0	2.0	0.0	0.04435722708011372	4.6
1.0	2.0	0.0	0.044715458696833035	5.0
1.0	2.0	0.0	0.04484353655836558	5.35
1.0	1.0	0.0	0.026838588168143704	7.2
1.0	3.0	0.0	0.07450030239191481	5.25
