Constant_feature	Degree	Clustering_coefficient	Pagerank	Aver_path_len
1.0	2.0	0.0	0.020946270753725266	9.30952380952381
1.0	1.0	0.0	0.012083898381245978	9.928571428571429
1.0	1.0	0.0	0.012092546431672938	10.880952380952381
1.0	1.0	0.0	0.012653074881945385	10.761904761904763
1.0	2.0	0.0	0.022096872009072482	15.666666666666666
1.0	1.0	0.0	0.012157922190478909	15.785714285714286
1.0	3.0	0.0	0.0310294009153075	9.071428571428571
1.0	3.0	0.0	0.031038975647368412	9.547619047619047
1.0	2.0	0.0	0.021155234327978382	9.642857142857142
1.0	2.0	0.0	0.02115709639847628	9.880952380952381
1.0	3.0	0.0	0.03252853340352889	8.952380952380953
1.0	3.0	0.0	0.03255684707875313	9.904761904761905
1.0	2.0	0.0	0.02226203603909193	8.928571428571429
1.0	2.0	0.0	0.022302274939272962	10.357142857142858
1.0	2.0	0.0	0.022619080776545328	8.952380952380953
1.0	2.0	0.0	0.02268873829136632	10.857142857142858
1.0	2.0	0.0	0.022832663211399384	9.023809523809524
1.0	2.0	0.0	0.0229482741837269	11.404761904761905
1.0	2.0	0.0	0.022954614052619338	9.142857142857142
1.0	2.0	0.0	0.02314071313152224	12.0
1.0	2.0	0.0	0.02300684922858416	9.30952380952381
1.0	2.0	0.0	0.02330597020940013	12.642857142857142
1.0	2.0	0.0	0.023006865916447183	9.523809523809524
1.0	3.0	0.0	0.0344222791538283	9.785714285714286
1.0	2.0	0.0	0.023484345537691742	13.333333333333334
1.0	2.0	0.0	0.023018277135608653	10.142857142857142
1.0	2.0	0.0	0.023711120065353853	14.071428571428571
1.0	2.0	0.0	0.023032053895350776	10.547619047619047
1.0	2.0	0.0	0.02299949449547259	11.0
1.0	2.0	0.0	0.024041798021777555	14.857142857142858
1.0	2.0	0.0	0.022906792888012062	11.5
1.0	2.0	0.0	0.02454402283347897	15.69047619047619
1.0	2.0	0.0	0.022739380078808463	12.047619047619047
1.0	2.0	0.0	0.022454752368680116	12.642857142857142
1.0	2.0	0.0	0.025335866204086906	16.571428571428573
1.0	2.0	0.0	0.02199407238128662	13.285714285714286
1.0	2.0	0.0	0.02658630548072327	17.5
1.0	3.0	0.0	0.03187738300874467	13.976190476190476
1.0	2.0	0.0	0.021827934362881052	14.833333333333334
1.0	1.0	0.0	0.014290280000313441	18.476190476190474
1.0	3.0	0.0	0.033129697415312326	15.666666666666666
1.0	3.0	0.0	0.032774861059116894	14.80952380952381
1.0	1.0	0.0	0.012264531213942413	16.642857142857142
