Constant_feature	Degree	Clustering_coefficient	Pagerank	Aver_path_len
1.0	4.0	0.0	0.045141772354685514	4.314285714285714
1.0	2.0	0.0	0.023673978014843763	6.457142857142857
1.0	2.0	0.0	0.023652180826158282	6.485714285714286
1.0	2.0	0.0	0.02467802927106157	7.942857142857143
1.0	2.0	0.0	0.025346027576306725	8.714285714285714
1.0	1.0	0.0	0.0139662215072433	8.82857142857143
1.0	2.0	0.0	0.02344639811946693	4.371428571428571
1.0	3.0	0.0	0.03534993820520543	5.0
1.0	3.0	0.0	0.03534993820520543	5.0
1.0	3.0	0.0	0.03534993820520543	5.0
1.0	3.0	0.0	0.03503680845762394	4.485714285714286
1.0	2.0	0.0	0.024904189106028624	5.857142857142857
1.0	2.0	0.0	0.024904189106028624	5.857142857142857
1.0	2.0	0.0	0.024904189106028624	5.857142857142857
1.0	2.0	0.0	0.024904189106028624	5.857142857142857
1.0	2.0	0.0	0.024904189106028624	5.857142857142857
1.0	2.0	0.0	0.024904189106028624	5.857142857142857
1.0	2.0	0.0	0.024120920847248845	4.771428571428571
1.0	2.0	0.0	0.024120920847248845	4.771428571428571
1.0	2.0	0.0	0.02560544074105544	6.714285714285714
1.0	2.0	0.0	0.02560544074105544	6.714285714285714
1.0	2.0	0.0	0.02560544074105544	6.714285714285714
1.0	2.0	0.0	0.02560544074105544	6.714285714285714
1.0	2.0	0.0	0.02560544074105544	6.714285714285714
1.0	2.0	0.0	0.02560544074105544	6.714285714285714
1.0	3.0	0.0	0.03479549982645396	5.3428571428571425
1.0	2.0	0.0	0.024070576858462644	5.057142857142857
1.0	2.0	0.0	0.024070576858462644	5.057142857142857
1.0	2.0	0.0	0.025821631078506085	7.571428571428571
1.0	2.0	0.0	0.025821631078506085	7.571428571428571
1.0	2.0	0.0	0.025821631078506085	7.571428571428571
1.0	3.0	0.0	0.03451304632173542	5.8
1.0	3.0	0.0	0.035139769955432304	7.057142857142857
1.0	3.0	0.0	0.0350691271256995	7.085714285714285
1.0	3.0	0.0	0.037296222899845216	7.857142857142857
1.0	2.0	0.0	0.025289435398381348	8.742857142857142
