Constant_feature	Degree	Clustering_coefficient	Pagerank	Aver_path_len
1.0	1.0	0.0	0.020079576177401873	6.730769230769231
1.0	1.0	0.0	0.020079576177401873	6.730769230769231
1.0	1.0	0.0	0.020079576177401873	6.730769230769231
1.0	1.0	0.0	0.020499466935390797	7.884615384615385
1.0	1.0	0.0	0.020499466935390797	7.884615384615385
1.0	3.0	0.0	0.0453803678768065	4.269230769230769
1.0	2.0	0.0	0.03123195800492854	3.9615384615384617
1.0	2.0	0.0	0.03190969027065172	4.038461538461538
1.0	3.0	0.0	0.04565764215503479	4.461538461538462
1.0	3.0	0.0	0.04540071998421939	4.1923076923076925
1.0	3.0	0.0	0.04602383106935661	4.038461538461538
1.0	3.0	0.0	0.04573742341040007	3.769230769230769
1.0	2.0	0.0	0.03190862435020899	5.115384615384615
1.0	2.0	0.0	0.03191482423772642	5.038461538461538
1.0	2.0	0.0	0.03229614319468523	4.961538461538462
1.0	2.0	0.0	0.032373061182100774	4.538461538461538
1.0	3.0	0.0	0.0495427113199427	5.038461538461538
1.0	2.0	0.0	0.03242435854738947	5.5
1.0	2.0	0.0	0.03309908750015371	5.461538461538462
1.0	3.0	0.0	0.04828055731057947	4.384615384615385
1.0	4.0	0.0	0.07277939526614267	5.769230769230769
1.0	2.0	0.0	0.033576675860587574	4.961538461538462
1.0	2.0	0.0	0.033576675860587574	4.961538461538462
1.0	2.0	0.0	0.03419467843125367	5.538461538461538
1.0	2.0	0.0	0.03419467843125367	5.538461538461538
1.0	3.0	0.0	0.05127604825830087	6.115384615384615
1.0	3.0	0.0	0.0559831850747022	6.923076923076923
