Constant_feature	Degree	Clustering_coefficient	Pagerank	Aver_path_len
1.0	1.0	0.0	0.01886771263622936	4.884615384615385
1.0	1.0	0.0	0.018960949485410165	5.115384615384615
1.0	1.0	0.0	0.019274495810859025	6.038461538461538
1.0	3.0	0.0	0.051041343851400425	4.423076923076923
1.0	2.0	0.0	0.03453174159256549	4.653846153846154
1.0	3.0	0.0	0.045624254090911434	3.3461538461538463
1.0	3.0	0.0	0.04591132708374551	3.8461538461538463
1.0	3.0	0.0	0.04591132708374551	3.8461538461538463
1.0	3.0	0.0	0.04634243634298026	4.346153846153846
1.0	3.0	0.0	0.04634243634298026	4.346153846153846
1.0	2.0	0.0	0.03150868048281678	4.846153846153846
1.0	2.0	0.0	0.03193966742929419	3.3846153846153846
1.0	3.0	0.0	0.04849819490250104	3.5
1.0	2.0	0.0	0.03248534714326423	4.653846153846154
1.0	2.0	0.0	0.03248534714326423	4.653846153846154
1.0	2.0	0.0	0.03263488931069421	5.153846153846154
1.0	2.0	0.0	0.03263488931069421	5.153846153846154
1.0	3.0	0.0	0.05054497628418378	3.923076923076923
1.0	3.0	0.0	0.050855796836961384	4.153846153846154
1.0	2.0	0.0	0.033350560853292806	5.461538461538462
1.0	2.0	0.0	0.033350560853292806	5.461538461538462
1.0	2.0	0.0	0.03339762252205208	5.961538461538462
1.0	2.0	0.0	0.03339762252205208	5.961538461538462
1.0	2.0	0.0	0.03689393177588922	5.230769230769231
1.0	3.0	0.0	0.05190081893818744	5.076923076923077
1.0	2.0	0.0	0.039730996406373426	6.115384615384615
1.0	1.0	0.0	0.021582072964358465	7.076923076923077
