Constant_feature	Degree	Clustering_coefficient	Pagerank	Aver_path_len
1.0	2.0	0.0	0.03925741078076812	4.3478260869565215
1.0	1.0	0.0	0.02188431788866277	5.565217391304348
1.0	1.0	0.0	0.022977125467403985	6.173913043478261
1.0	1.0	0.0	0.022977125467403985	6.173913043478261
1.0	1.0	0.0	0.023779605547018363	7.304347826086956
1.0	3.0	0.0	0.05690962598548503	5.565217391304348
1.0	2.0	0.0	0.04090368499947311	5.565217391304348
1.0	3.0	0.0	0.06270301150698683	5.217391304347826
1.0	2.0	0.0	0.039123649369460015	6.3478260869565215
1.0	2.0	0.0	0.039123649369460015	6.3478260869565215
1.0	2.0	0.0	0.039744040355204555	7.130434782608695
1.0	2.0	0.0	0.039744040355204555	7.130434782608695
1.0	2.0	0.0	0.039935586583228745	7.913043478260869
1.0	2.0	0.0	0.038956840633175074	5.043478260869565
1.0	3.0	0.0	0.05906012981095522	4.608695652173913
1.0	2.0	0.0	0.03860779538079703	4.173913043478261
1.0	3.0	0.0	0.055914879588977257	4.086956521739131
1.0	2.0	0.0	0.03811818760350094	4.260869565217392
1.0	2.0	0.0	0.038272902190451104	4.521739130434782
1.0	3.0	0.0	0.0572539535985393	4.434782608695652
1.0	3.0	0.0	0.05708174478243298	4.869565217391305
1.0	2.0	0.0	0.038513117470646084	4.695652173913044
1.0	3.0	0.0	0.06537796971774629	6.3478260869565215
1.0	1.0	0.0	0.023779605547018363	7.304347826086956
