Constant_feature	Degree	Clustering_coefficient	Pagerank	Aver_path_len
1.0	2.0	0.0	0.04356541702924013	5.136363636363637
1.0	2.0	0.0	0.0435657967160718	5.590909090909091
1.0	3.0	0.0	0.05427842418583283	3.4545454545454546
1.0	3.0	0.0	0.052968681167330695	2.909090909090909
1.0	2.0	0.0	0.037590186731311585	3.8636363636363638
1.0	2.0	0.0	0.03805287489979002	4.090909090909091
1.0	3.0	0.0	0.05381349773832238	3.1363636363636362
1.0	3.0	0.0	0.05397822130236675	3.090909090909091
1.0	2.0	0.0	0.037687437782734486	4.090909090909091
1.0	2.0	0.0	0.03871576918787471	4.454545454545454
1.0	3.0	0.0	0.054744850976587184	3.5454545454545454
1.0	2.0	0.0	0.038318810758788416	4.2727272727272725
1.0	3.0	0.0	0.05516548606300235	3.6363636363636362
1.0	2.0	0.0	0.038113163182962706	3.727272727272727
1.0	2.0	0.0	0.03820201635429453	3.6818181818181817
1.0	2.0	0.0	0.038432309239921164	4.136363636363637
1.0	2.0	0.0	0.038621292777702584	4.2272727272727275
1.0	3.0	0.0	0.05886633948478001	4.2727272727272725
1.0	2.0	0.0	0.03915978211228427	4.318181818181818
1.0	3.0	0.0	0.0588676680246991	4.7272727272727275
1.0	2.0	0.0	0.03938835714170745	4.818181818181818
1.0	1.0	0.0	0.023951638529140333	6.090909090909091
1.0	1.0	0.0	0.02395197861325447	6.545454545454546
