Constant_feature	Degree	Clustering_coefficient	Pagerank	Aver_path_len
1.0	1.0	0.0	0.01590742899829305	8.78125
1.0	2.0	0.0	0.026493910827301362	5.34375
1.0	2.0	0.0	0.02861097705106382	6.40625
1.0	2.0	0.0	0.026428495259134016	4.875
1.0	2.0	0.0	0.030408878066663605	7.40625
1.0	1.0	0.0	0.014987216387768502	5.84375
1.0	3.0	0.0	0.04895775151067658	8.75
1.0	3.0	0.0	0.037233061404847244	4.0625
1.0	3.0	0.0	0.03770090553643183	4.53125
1.0	3.0	0.0	0.03826142311880789	4.34375
1.0	3.0	0.0	0.0383544855567131	5.0625
1.0	3.0	0.0	0.0380506900563304	4.34375
1.0	2.0	0.0	0.02665168776230324	5.25
1.0	2.0	0.0	0.026733248253171284	4.8125
1.0	2.0	0.0	0.026733248253171284	4.8125
1.0	3.0	0.0	0.04035461193910175	5.75
1.0	2.0	0.0	0.026872673584547598	5.78125
1.0	2.0	0.0	0.03119202283399203	7.90625
1.0	3.0	0.0	0.03985519869110252	4.875
1.0	2.0	0.0	0.02994056111290188	7.125
1.0	2.0	0.0	0.02716758443444916	5.28125
1.0	2.0	0.0	0.02716758443444916	5.28125
1.0	3.0	0.0	0.04111779917409665	6.5
1.0	2.0	0.0	0.027359587230662404	5.96875
1.0	3.0	0.0	0.03994563040259205	5.46875
1.0	1.0	0.0	0.01771822016359908	9.71875
1.0	1.0	0.0	0.01771822016359908	9.71875
1.0	2.0	0.0	0.027801641427901536	6.25
1.0	2.0	0.0	0.027801641427901536	6.25
1.0	1.0	0.0	0.016713965756635647	8.375
1.0	2.0	0.0	0.028418505840630753	7.03125
1.0	2.0	0.0	0.028418505840630753	7.03125
1.0	3.0	0.0	0.04292263749852896	7.8125
