Constant_feature	Degree	Clustering_coefficient	Pagerank	Aver_path_len
1.0	1.0	0.0	0.03804838787235454	5.384615384615385
1.0	2.0	0.0	0.07071703637989227	3.230769230769231
1.0	1.0	0.0	0.04214998017661065	5.538461538461538
1.0	1.0	0.0	0.04214998017661065	5.538461538461538
1.0	2.0	0.0	0.0686337089656349	3.076923076923077
1.0	3.0	0.0	0.09889120271784362	3.076923076923077
1.0	2.0	0.0	0.07264409519077086	3.5384615384615383
1.0	2.0	0.0	0.07483940268734843	4.0
1.0	2.0	0.0	0.06762711310474205	3.5384615384615383
1.0	2.0	0.0	0.06762711310474205	3.5384615384615383
1.0	2.0	0.0	0.0684801822966991	4.0
1.0	2.0	0.0	0.0684801822966991	4.0
1.0	3.0	0.0	0.10301978430131489	4.461538461538462
1.0	3.0	0.0	0.11669183072873665	4.615384615384615
