Constant_feature	Degree	Clustering_coefficient	Pagerank	Aver_path_len
1.0	2.0	0.0	0.05384505036355667	3.25
1.0	2.0	0.0	0.05950646286372392	4.0625
1.0	1.0	0.0	0.03266062306481611	5.0
1.0	3.0	0.0	0.0679002044155605	2.5625
1.0	3.0	0.0	0.0679002044155605	2.5625
1.0	3.0	0.0	0.0679002044155605	2.5625
1.0	3.0	0.0	0.06778699020961465	2.75
1.0	3.0	0.0	0.06778699020961465	2.75
1.0	3.0	0.0	0.06778699020961465	2.75
1.0	4.0	0.0	0.09415140364186331	2.5625
1.0	3.0	0.0	0.06937372898179091	3.5
1.0	2.0	0.0	0.047437202867367044	2.75
1.0	2.0	0.0	0.047437202867367044	2.75
1.0	2.0	0.0	0.047437202867367044	2.75
1.0	2.0	0.0	0.04702984620220739	3.3125
1.0	2.0	0.0	0.04702984620220739	3.3125
1.0	2.0	0.0	0.04702984620220739	3.3125
