Constant_feature	Degree	Clustering_coefficient	Pagerank	Aver_path_len
1.0	1.0	0.0	0.0006186030975500602	5.315789473684211
1.0	1.0	0.0	0.0006301947436340995	4.157894736842105
1.0	1.0	0.0	0.0006212001709623332	4.684210526315789
1.0	3.0	0.0	0.0015916170673629239	2.789473684210526
1.0	2.0	0.0	0.0010911828521436811	3.5789473684210527
1.0	2.0	0.0	0.0011960032655530983	3.8421052631578947
1.0	3.0	0.0	0.0016762381055857765	3.5789473684210527
1.0	2.0	0.0	0.0010997054807906758	3.263157894736842
1.0	3.0	0.0	0.001554390009406399	2.8947368421052633
1.0	3.0	0.0	0.0016726736203628051	3.736842105263158
1.0	3.0	0.0	0.0015671976374314633	3.1052631578947367
1.0	1.0	0.0	0.000622354371245344	4.526315789473684
1.0	3.0	0.0	0.0017018762785934094	3.210526315789474
1.0	2.0	0.0	0.0010839703836739295	3.526315789473684
1.0	2.0	0.0	0.0010885857787314081	3.736842105263158
1.0	2.0	0.0	0.0011061850032070791	4.157894736842105
1.0	3.0	0.0	0.001664523677425968	4.368421052631579
1.0	2.0	0.0	0.0012569491526441697	4.578947368421052
1.0	2.0	0.0	0.0013324960902575728	5.421052631578948
1.0	1.0	0.0	0.0007189158179778126	6.368421052631579
1.0	2.0	0.0	0.0010030107635702226	4.2
1.0	2.0	0.0	0.001039158926936642	4.3
1.0	1.0	0.0	0.0005928503706839412	5.566666666666666
1.0	1.0	0.0	0.0005840869480380973	5.0
1.0	1.0	0.0	0.0005973516499910801	6.133333333333334
1.0	3.0	0.0	0.001453844546769474	3.8
1.0	2.0	0.0	0.0010504373050475289	5.033333333333333
1.0	3.0	0.0	0.001524157521107943	4.366666666666666
1.0	2.0	0.0	0.001085619968034212	5.933333333333334
1.0	3.0	0.0	0.001476212660565922	4.266666666666667
1.0	3.0	0.0	0.0014533443747925042	3.6333333333333333
1.0	3.0	0.0	0.0014913307319767658	4.466666666666667
1.0	3.0	0.0	0.0014876720082326518	3.7333333333333334
1.0	3.0	0.0	0.0015195545591785862	4.433333333333334
1.0	3.0	0.0	0.001548649923411381	4.033333333333333
1.0	3.0	0.0	0.001628358355712625	5.733333333333333
1.0	3.0	0.0	0.0015936215808283229	5.166666666666667
1.0	3.0	0.0	0.001555414945520574	4.933333333333334
1.0	3.0	0.0	0.0015778177432391998	4.6
1.0	2.0	0.0	0.0010704644420139599	5.266666666666667
1.0	2.0	0.0	0.0010704644420139599	5.266666666666667
1.0	2.0	0.0	0.0010876621010843645	5.7
1.0	2.0	0.0	0.0010876621010843645	5.7
1.0	1.0	0.0	0.000607742631065832	6.7
1.0	2.0	0.0	0.0011011151453730042	6.1
1.0	2.0	0.0	0.0011011151453730042	6.1
1.0	3.0	0.0	0.0016849329270524353	7.233333333333333
1.0	2.0	0.0	0.0011142269965585911	6.466666666666667
1.0	2.0	0.0	0.0011142269965585911	6.466666666666667
1.0	2.0	0.0	0.0011100689763160819	6.933333333333334
1.0	1.0	0.0	0.0006248602489051606	8.2
1.0	1.0	0.0	0.0006100874912269042	4.8076923076923075
1.0	2.0	0.0	0.0011846031657631272	5.461538461538462
1.0	2.0	0.0	0.001187396229947878	6.038461538461538
1.0	2.0	0.0	0.0012210904303345	6.038461538461538
1.0	2.0	0.0	0.0012255746041634446	6.6923076923076925
1.0	1.0	0.0	0.0006613380219259882	5.730769230769231
1.0	3.0	0.0	0.0015912601647996441	3.9615384615384617
1.0	3.0	0.0	0.0016001573478809897	4.153846153846154
1.0	3.0	0.0	0.0016317369608700842	3.8846153846153846
1.0	3.0	0.0	0.0016336538002608347	4.653846153846154
1.0	3.0	0.0	0.0016361065105405864	3.8461538461538463
1.0	2.0	0.0	0.0010873076380466527	4.3076923076923075
1.0	3.0	0.0	0.0016410654238523418	5.230769230769231
1.0	2.0	0.0	0.0010938810364362103	4.538461538461538
1.0	2.0	0.0	0.0011036892345988884	4.884615384615385
1.0	2.0	0.0	0.0010988365815510364	4.653846153846154
1.0	2.0	0.0	0.0011020114007665566	4.8076923076923075
1.0	3.0	0.0	0.0016661769260623602	5.153846153846154
1.0	3.0	0.0	0.0016730301782588806	5.8076923076923075
1.0	2.0	0.0	0.0011178348023067575	5.3076923076923075
1.0	2.0	0.0	0.0012771551550015293	6.346153846153846
1.0	2.0	0.0	0.001279851595236059	6.923076923076923
1.0	2.0	0.0	0.001204688183236209	4.769230769230769
1.0	1.0	0.0	0.0006943411963308242	7.3076923076923075
1.0	1.0	0.0	0.0006952441171540843	7.884615384615385
1.0	1.0	0.0	0.0006692439761101712	7.0
1.0	1.0	0.0	0.0006707023434664715	7.653846153846154
1.0	1.0	0.0	0.0006289327745648574	6.76
1.0	1.0	0.0	0.0006318513508098199	7.48
1.0	2.0	0.0	0.0010872327127753102	4.48
1.0	1.0	0.0	0.0006598672524253667	6.8
1.0	2.0	0.0	0.0011886558755058335	4.76
1.0	2.0	0.0	0.001133443091275913	4.12
1.0	2.0	0.0	0.0011062086069371885	5.12
1.0	1.0	0.0	0.0006598672524253667	6.8
1.0	4.0	0.0	0.0024919649301051697	5.48
1.0	1.0	0.0	0.0006792386018157728	6.44
1.0	1.0	0.0	0.0006792386018157728	6.44
1.0	1.0	0.0	0.0006792386018157728	6.44
1.0	3.0	0.0	0.0015927602343733848	3.56
1.0	3.0	0.0	0.001579798268464377	3.88
1.0	3.0	0.0	0.0016416031718464639	4.52
1.0	2.0	0.0	0.001090264651962884	3.8
1.0	2.0	0.0	0.0010935665910937978	4.12
1.0	3.0	0.0	0.0016469659073929826	5.04
1.0	1.0	0.0	0.0006121325867240569	5.48
1.0	3.0	0.0	0.0016143007952900677	4.52
1.0	2.0	0.0	0.0011128387845148098	5.16
1.0	2.0	0.0	0.0011128748037333358	5.24
1.0	3.0	0.0	0.0018013269557089458	5.84
1.0	3.0	0.0	0.0016993938638082216	5.8
1.0	2.0	0.0	0.0011330161164202315	5.88
1.0	3.0	0.0	0.001706739002296312	6.52
1.0	1.0	0.0	0.0006340857529833	6.75
1.0	1.0	0.0	0.000625002485667004	5.55
1.0	1.0	0.0	0.000625002485667004	5.55
1.0	1.0	0.0	0.0006340264259649461	4.85
1.0	2.0	0.0	0.0011396139256276041	5.25
1.0	2.0	0.0	0.0011396139256276041	5.25
1.0	3.0	0.0	0.001635693202324277	4.05
1.0	2.0	0.0	0.0011248602534492617	3.9
1.0	2.0	0.0	0.0011391889699779152	3.85
1.0	3.0	0.0	0.0016890866318673464	4.6
1.0	3.0	0.0	0.0016890866318673464	4.6
1.0	3.0	0.0	0.001717731626356384	3.9
1.0	3.0	0.0	0.0017195016183472992	5.8
1.0	2.0	0.0	0.001139318150677584	4.15
1.0	2.0	0.0	0.0011240340101704499	4.5
1.0	3.0	0.0	0.001636030222018209	4.95
1.0	2.0	0.0	0.001124456508789101	5.7
1.0	2.0	0.0	0.001124456508789101	5.7
1.0	2.0	0.0	0.00114091343857219	6.45
1.0	2.0	0.0	0.00114091343857219	6.45
1.0	2.0	0.0	0.0011469895214508954	7.2
1.0	1.0	0.0	0.0007003559385109463	7.428571428571429
1.0	1.0	0.0	0.0006206738066677599	4.892857142857143
1.0	3.0	0.0	0.0017109788914703647	4.392857142857143
1.0	2.0	0.0	0.0011086792530014117	4.321428571428571
1.0	2.0	0.0	0.0011939239800806785	4.892857142857143
1.0	2.0	0.0	0.001236599783236816	5.642857142857143
1.0	1.0	0.0	0.0007003559385109463	7.428571428571429
1.0	2.0	0.0	0.0012020934851287035	5.142857142857143
1.0	2.0	0.0	0.0012020934851287035	5.142857142857143
1.0	2.0	0.0	0.0011237325782157493	4.0
1.0	3.0	0.0	0.0019068292866145024	5.964285714285714
1.0	3.0	0.0	0.0019068292866145024	5.964285714285714
1.0	3.0	0.0	0.0016445291495484394	3.6785714285714284
1.0	1.0	0.0	0.0006901169605565631	6.928571428571429
1.0	1.0	0.0	0.0006901169605565631	6.928571428571429
1.0	1.0	0.0	0.0006901169605565631	6.928571428571429
1.0	1.0	0.0	0.0006901169605565631	6.928571428571429
1.0	3.0	0.0	0.001719760154938943	4.214285714285714
1.0	3.0	0.0	0.001667376934886645	3.9285714285714284
1.0	1.0	0.0	0.0006364495321585932	5.178571428571429
1.0	3.0	0.0	0.0016239223637048062	4.785714285714286
1.0	3.0	0.0	0.0016811414615157212	5.464285714285714
1.0	2.0	0.0	0.0011193489242259187	5.535714285714286
1.0	2.0	0.0	0.0011363944186462862	6.214285714285714
1.0	3.0	0.0	0.0017138275858364451	6.964285714285714
1.0	2.0	0.0	0.0011357529939815922	6.285714285714286
1.0	1.0	0.0	0.0006230193392383352	6.428571428571429
1.0	1.0	0.0	0.000632849392430651	7.928571428571429
1.0	3.0	0.0	0.0019395649700633005	6.464285714285714
1.0	1.0	0.0	0.0006229369022680428	9.325
1.0	1.0	0.0	0.0006060999225040109	7.475
1.0	1.0	0.0	0.0005831657606331031	6.125
1.0	1.0	0.0	0.000658162706319152	8.975
1.0	1.0	0.0	0.000658162706319152	8.975
1.0	3.0	0.0	0.0016515761244136585	7.05
1.0	3.0	0.0	0.0014904050315601445	5.2
1.0	2.0	0.0	0.0010194384229836482	5.125
1.0	3.0	0.0	0.001797325809097583	8.0
1.0	1.0	0.0	0.0007137014101284698	10.65
1.0	1.0	0.0	0.0007137014101284698	10.65
1.0	3.0	0.0	0.0015594977092574535	5.25
1.0	3.0	0.0	0.0015877137770317557	6.475
1.0	3.0	0.0	0.0015747626315470481	5.025
1.0	3.0	0.0	0.0016191753934269668	5.625
1.0	3.0	0.0	0.0015141189596684069	4.9
1.0	2.0	0.0	0.0010806242294531638	6.05
1.0	2.0	0.0	0.0011749319211241437	7.875
1.0	2.0	0.0	0.0011749319211241437	7.875
1.0	2.0	0.0	0.0010731506835314918	5.675
1.0	2.0	0.0	0.001077795261113151	6.1
1.0	3.0	0.0	0.001485887146933841	5.15
1.0	3.0	0.0	0.001545980590670037	5.15
1.0	1.0	0.0	0.0005916627536746127	6.0
1.0	1.0	0.0	0.000604806274984127	6.6
1.0	3.0	0.0	0.001538849258582675	5.875
1.0	3.0	0.0	0.001533739424768699	5.675
1.0	2.0	0.0	0.0012418433385894307	8.75
1.0	2.0	0.0	0.0012418433385894307	8.75
1.0	2.0	0.0	0.0010720250078076559	6.4
1.0	3.0	0.0	0.0016233609252130428	6.5
1.0	2.0	0.0	0.0010801554440661083	6.7
1.0	2.0	0.0	0.0010801554440661083	6.7
1.0	3.0	0.0	0.0016388535477887577	7.125
1.0	2.0	0.0	0.0011047729877531123	7.225
1.0	2.0	0.0	0.0011090172627465577	7.525
1.0	2.0	0.0	0.0011090172627465577	7.525
1.0	2.0	0.0	0.0011091640686421954	7.95
1.0	3.0	0.0	0.0016782648226297777	8.35
1.0	2.0	0.0	0.0013218453727105706	9.675
1.0	2.0	0.0	0.0013218453727105706	9.675
1.0	2.0	0.0	0.0011037351235834356	5.714285714285714
1.0	1.0	0.0	0.0006629062556992556	8.107142857142858
1.0	1.0	0.0	0.0006285751477230619	5.178571428571429
1.0	1.0	0.0	0.000632046441345463	5.214285714285714
1.0	1.0	0.0	0.0006221424578364271	5.642857142857143
1.0	2.0	0.0	0.0011104485881727679	4.321428571428571
1.0	2.0	0.0	0.001117819209857129	6.392857142857143
1.0	1.0	0.0	0.0006629062556992556	8.107142857142858
1.0	3.0	0.0	0.0016455210774880416	5.107142857142857
1.0	3.0	0.0	0.0016455210774880416	5.107142857142857
1.0	3.0	0.0	0.0018024276495543093	5.928571428571429
1.0	3.0	0.0	0.0018024276495543093	5.928571428571429
1.0	3.0	0.0	0.001608585281551926	4.5
1.0	2.0	0.0	0.001122251326017462	5.928571428571429
1.0	2.0	0.0	0.001122251326017462	5.928571428571429
1.0	1.0	0.0	0.0006594122965638501	6.892857142857143
1.0	1.0	0.0	0.0006594122965638501	6.892857142857143
1.0	1.0	0.0	0.0006594122965638501	6.892857142857143
1.0	1.0	0.0	0.0006594122965638501	6.892857142857143
1.0	2.0	0.0	0.001127944993971671	6.535714285714286
1.0	3.0	0.0	0.0016984779900656639	4.214285714285714
1.0	3.0	0.0	0.0017075002482184135	4.25
1.0	2.0	0.0	0.0011347145861591902	4.428571428571429
1.0	3.0	0.0	0.0016751336282292348	4.678571428571429
1.0	3.0	0.0	0.001618366246748281	5.071428571428571
1.0	3.0	0.0	0.0016649677465894756	5.75
1.0	3.0	0.0	0.0016625682695028232	6.321428571428571
1.0	1.0	0.0	0.0006190115000812631	6.714285714285714
1.0	3.0	0.0	0.0018116515131732487	7.142857142857143
1.0	1.0	0.0	0.0007017367352223297	6.916666666666667
1.0	1.0	0.0	0.0006243171401991183	4.458333333333333
1.0	3.0	0.0	0.0018035244262645518	4.541666666666667
1.0	2.0	0.0	0.0011138172089677533	3.7916666666666665
1.0	2.0	0.0	0.0011987626630937166	4.458333333333333
1.0	2.0	0.0	0.0012408974987940253	5.166666666666667
1.0	1.0	0.0	0.0007017367352223297	6.916666666666667
1.0	3.0	0.0	0.0016671873116654368	3.375
1.0	2.0	0.0	0.0011605078432213528	3.9166666666666665
1.0	2.0	0.0	0.001290885754477801	5.416666666666667
1.0	2.0	0.0	0.001290885754477801	5.416666666666667
1.0	3.0	0.0	0.001734401619300806	3.8333333333333335
1.0	3.0	0.0	0.0016820214016734572	3.5
1.0	1.0	0.0	0.000700342144064697	6.375
1.0	1.0	0.0	0.000700342144064697	6.375
1.0	3.0	0.0	0.0016305152260215105	4.166666666666667
1.0	1.0	0.0	0.0006400300333311607	4.791666666666667
1.0	3.0	0.0	0.0016847676981499886	4.875
1.0	3.0	0.0	0.0016847676981499886	4.875
1.0	2.0	0.0	0.0011399175735717672	5.666666666666667
1.0	2.0	0.0	0.0011399175735717672	5.666666666666667
1.0	1.0	0.0	0.0006245326321906652	5.833333333333333
1.0	1.0	0.0	0.0006245326321906652	5.833333333333333
1.0	2.0	0.0	0.0011461584257544395	6.375
1.0	3.0	0.0	0.0019420723820331844	5.958333333333333
1.0	1.0	0.0	0.0006035975725139647	6.054054054054054
1.0	2.0	0.0	0.0010164696702135646	4.8108108108108105
1.0	3.0	0.0	0.0015417181079444536	4.54054054054054
1.0	2.0	0.0	0.0010333867938800156	5.351351351351352
1.0	2.0	0.0	0.0010359080503522839	5.135135135135135
1.0	2.0	0.0	0.0010858781267688612	5.72972972972973
1.0	2.0	0.0	0.001081810336570669	5.027027027027027
1.0	3.0	0.0	0.0014851906877062766	5.027027027027027
1.0	3.0	0.0	0.0014909778004058977	5.5675675675675675
1.0	3.0	0.0	0.001534679676257339	5.72972972972973
1.0	3.0	0.0	0.0015385336323594325	6.27027027027027
1.0	3.0	0.0	0.0015063709085236141	4.594594594594595
1.0	2.0	0.0	0.0010779381047510959	6.594594594594595
1.0	2.0	0.0	0.0010779381047510959	6.594594594594595
1.0	2.0	0.0	0.0010790570679067293	7.135135135135135
1.0	2.0	0.0	0.0010790570679067293	7.135135135135135
1.0	2.0	0.0	0.0011061373402182846	7.45945945945946
1.0	2.0	0.0	0.0011061373402182846	7.45945945945946
1.0	2.0	0.0	0.001107620484684134	8.0
1.0	2.0	0.0	0.001107620484684134	8.0
1.0	2.0	0.0	0.0011152702390307206	8.324324324324325
1.0	2.0	0.0	0.001115929941055279	8.864864864864865
1.0	3.0	0.0	0.0016149858668004623	5.081081081081081
1.0	3.0	0.0	0.0016090935757601085	6.4324324324324325
1.0	2.0	0.0	0.0011107073337568072	7.297297297297297
1.0	2.0	0.0	0.0011107073337568072	7.297297297297297
1.0	2.0	0.0	0.001132049713071272	8.162162162162161
1.0	2.0	0.0	0.001132049713071272	8.162162162162161
1.0	3.0	0.0	0.0016278446988209215	7.513513513513513
1.0	2.0	0.0	0.0011092298936245264	5.5675675675675675
1.0	2.0	0.0	0.001137379245981121	9.027027027027026
1.0	2.0	0.0	0.001110752378717278	6.8108108108108105
1.0	2.0	0.0	0.0011191561518722902	6.162162162162162
1.0	2.0	0.0	0.0011194187592441355	8.378378378378379
1.0	2.0	0.0	0.0011194187592441355	8.378378378378379
1.0	2.0	0.0	0.0011384301368889775	9.243243243243244
1.0	2.0	0.0	0.0011384301368889775	9.243243243243244
1.0	2.0	0.0	0.0011433577124240805	10.108108108108109
1.0	1.0	0.0	0.0006334776032238082	7.454545454545454
1.0	1.0	0.0	0.00062749128902807	4.636363636363637
1.0	1.0	0.0	0.0006229639722876389	5.0
1.0	2.0	0.0	0.0011121963775514885	3.727272727272727
1.0	2.0	0.0	0.0011309809482930088	3.8181818181818183
1.0	3.0	0.0	0.0016179456905528354	3.8636363636363638
1.0	3.0	0.0	0.0016599024919001374	4.454545454545454
1.0	3.0	0.0	0.0016599024919001374	4.454545454545454
1.0	2.0	0.0	0.0012196555907473755	5.318181818181818
1.0	2.0	0.0	0.0012196555907473755	5.318181818181818
1.0	2.0	0.0	0.0011292968664429331	5.2272727272727275
1.0	2.0	0.0	0.0011292968664429331	5.2272727272727275
1.0	2.0	0.0	0.0011345359775314728	5.818181818181818
1.0	1.0	0.0	0.0006676665711223325	6.2727272727272725
1.0	1.0	0.0	0.0006676665711223325	6.2727272727272725
1.0	3.0	0.0	0.0016959457140575257	3.6818181818181817
1.0	3.0	0.0	0.0016811401083721195	4.045454545454546
1.0	3.0	0.0	0.0016316850128932111	4.454545454545454
1.0	2.0	0.0	0.001122805287383671	5.136363636363637
1.0	2.0	0.0	0.001122805287383671	5.136363636363637
1.0	2.0	0.0	0.0011378381235265943	5.818181818181818
1.0	2.0	0.0	0.0011378381235265943	5.818181818181818
1.0	3.0	0.0	0.001716399439183745	6.5
1.0	1.0	0.0	0.0006247008696690505	5.157894736842105
1.0	1.0	0.0	0.0006315158178346466	5.684210526315789
1.0	1.0	0.0	0.0006338363493335032	6.2105263157894735
1.0	1.0	0.0	0.0006282363714597316	6.842105263157895
1.0	2.0	0.0	0.001116157948653497	5.2105263157894735
1.0	1.0	0.0	0.0006288318448443631	4.526315789473684
1.0	2.0	0.0	0.001118637818489998	3.5789473684210527
1.0	2.0	0.0	0.0011161157811849917	5.2631578947368425
1.0	2.0	0.0	0.0011304836275371861	5.947368421052632
1.0	2.0	0.0	0.001131229833671983	3.789473684210526
1.0	2.0	0.0	0.0011164578925405826	4.105263157894737
1.0	3.0	0.0	0.0016978848801259333	3.5789473684210527
1.0	3.0	0.0	0.0016263872860975107	4.526315789473684
1.0	3.0	0.0	0.0016326841323125922	3.6842105263157894
1.0	3.0	0.0	0.0016840975232670606	4.2105263157894735
1.0	2.0	0.0	0.0011213217914802815	4.2105263157894735
1.0	3.0	0.0	0.0017067875193906858	4.7368421052631575
1.0	2.0	0.0	0.0011390629059798536	4.7368421052631575
1.0	3.0	0.0	0.0017145579797521052	5.2631578947368425
1.0	3.0	0.0	0.0016958744309144556	5.894736842105263
1.0	1.0	0.0	0.0006285889401094028	4.0625
1.0	2.0	0.0	0.0012107147859930652	3.625
1.0	1.0	0.0	0.0006262004705600273	4.0
1.0	1.0	0.0	0.0007226538209329342	6.0625
1.0	1.0	0.0	0.0006324284284011739	4.5
1.0	3.0	0.0	0.0016451532239504915	2.625
1.0	2.0	0.0	0.0011391545859385011	3.5
1.0	2.0	0.0	0.0011961155458722176	3.375
1.0	2.0	0.0	0.0012868971888441	4.1875
1.0	1.0	0.0	0.0006981618643285077	5.125
1.0	2.0	0.0	0.0011584939754298068	3.0625
1.0	3.0	0.0	0.0016611613115544736	2.6875
1.0	3.0	0.0	0.001690367109635966	3.0625
1.0	2.0	0.0	0.0012677600943184577	4.3125
1.0	3.0	0.0	0.0016957061228374765	3.125
1.0	3.0	0.0	0.0017111943140055892	3.5625
1.0	2.0	0.0	0.0013398814311468175	5.125
1.0	1.0	0.0	0.0006896467611174884	5.428571428571429
1.0	2.0	0.0	0.0012398863159207131	4.0
1.0	2.0	0.0	0.0013396137127332686	5.285714285714286
1.0	3.0	0.0	0.0018135615411991393	3.357142857142857
1.0	2.0	0.0	0.001218848769647092	3.5714285714285716
1.0	2.0	0.0	0.0012402380197091237	3.9285714285714284
1.0	2.0	0.0	0.0012652800967400068	4.428571428571429
1.0	2.0	0.0	0.0012124383467660253	3.4285714285714284
1.0	3.0	0.0	0.001968975466641661	5.071428571428571
1.0	1.0	0.0	0.0006621987919628005	4.285714285714286
1.0	2.0	0.0	0.0012254708505608017	3.642857142857143
1.0	1.0	0.0	0.0007086301190557152	6.0
1.0	1.0	0.0	0.0007086301190557152	6.0
1.0	3.0	0.0	0.001904323014483493	4.5
1.0	1.0	0.0	0.0007234050278119655	6.214285714285714
1.0	1.0	0.0	0.0006151088040949365	8.114285714285714
1.0	1.0	0.0	0.0006151088040949365	8.114285714285714
1.0	3.0	0.0	0.0015795863026476253	6.8
1.0	3.0	0.0	0.0015795863026476253	6.8
1.0	2.0	0.0	0.001122610686697033	7.6
1.0	2.0	0.0	0.001122610686697033	7.6
1.0	2.0	0.0	0.0011277761704872524	8.114285714285714
1.0	2.0	0.0	0.0011277761704872524	8.114285714285714
1.0	2.0	0.0	0.0011222156243725443	10.228571428571428
1.0	2.0	0.0	0.0011222156243725443	10.228571428571428
1.0	3.0	0.0	0.0015372552454245743	6.285714285714286
1.0	3.0	0.0	0.0015372552454245743	6.285714285714286
1.0	2.0	0.0	0.0010628849923643572	6.457142857142857
1.0	2.0	0.0	0.0010628849923643572	6.457142857142857
1.0	2.0	0.0	0.0010628849923643572	6.457142857142857
1.0	2.0	0.0	0.0010628849923643572	6.457142857142857
1.0	2.0	0.0	0.0010716639792218083	6.628571428571429
1.0	2.0	0.0	0.0010716639792218083	6.628571428571429
1.0	2.0	0.0	0.0010716639792218083	6.628571428571429
1.0	2.0	0.0	0.0010716639792218083	6.628571428571429
1.0	3.0	0.0	0.0016521451058513846	7.142857142857143
1.0	3.0	0.0	0.0016521451058513846	7.142857142857143
1.0	3.0	0.0	0.00167710736000244	8.685714285714285
1.0	3.0	0.0	0.00167710736000244	8.685714285714285
1.0	1.0	0.0	0.0006225976663753043	9.657142857142857
1.0	1.0	0.0	0.0006225976663753043	9.657142857142857
1.0	3.0	0.0	0.0016325548356950072	9.371428571428572
1.0	3.0	0.0	0.0016325548356950072	9.371428571428572
1.0	2.0	0.0	0.0011222156243725443	10.228571428571428
1.0	2.0	0.0	0.0011222156243725443	10.228571428571428
1.0	2.0	0.0	0.0011398574746787375	11.085714285714285
1.0	2.0	0.0	0.0011398574746787375	11.085714285714285
1.0	2.0	0.0	0.0011398574746787375	11.085714285714285
1.0	2.0	0.0	0.0011398574746787375	11.085714285714285
1.0	2.0	0.0	0.0011453900255355587	11.942857142857143
1.0	2.0	0.0	0.0011453900255355587	11.942857142857143
1.0	1.0	0.0	0.0006099683670119	4.714285714285714
1.0	2.0	0.0	0.001074030325481264	3.857142857142857
1.0	2.0	0.0	0.001074030325481264	3.857142857142857
1.0	2.0	0.0	0.0010595121743855655	5.809523809523809
1.0	2.0	0.0	0.0010595121743855655	5.809523809523809
1.0	2.0	0.0	0.0010737889478880662	6.523809523809524
1.0	2.0	0.0	0.0010737889478880662	6.523809523809524
1.0	3.0	0.0	0.001523116188189604	5.0
1.0	3.0	0.0	0.001523116188189604	5.0
1.0	3.0	0.0	0.0015280157517437354	5.619047619047619
1.0	3.0	0.0	0.0015280157517437354	5.619047619047619
1.0	3.0	0.0	0.0015474440227831608	4.0476190476190474
1.0	3.0	0.0	0.0015474440227831608	4.0476190476190474
1.0	2.0	0.0	0.001040371151411917	4.523809523809524
1.0	2.0	0.0	0.001040371151411917	4.523809523809524
1.0	2.0	0.0	0.0010541245972584133	5.142857142857143
1.0	2.0	0.0	0.0010541245972584133	5.142857142857143
1.0	2.0	0.0	0.0010577614304562383	4.666666666666667
1.0	2.0	0.0	0.0010577614304562383	4.666666666666667
1.0	2.0	0.0	0.0010611785301179956	6.428571428571429
1.0	2.0	0.0	0.0010611785301179956	6.428571428571429
1.0	3.0	0.0	0.001635694258550195	3.761904761904762
1.0	2.0	0.0	0.0010684532908791277	3.875
1.0	1.0	0.0	0.0005891827693092395	4.458333333333333
1.0	1.0	0.0	0.0006004178850159572	4.625
1.0	1.0	0.0	0.0006093222227400606	5.208333333333333
1.0	3.0	0.0	0.0015554662540611754	3.75
1.0	3.0	0.0	0.0016137300870974454	4.083333333333333
1.0	3.0	0.0	0.0018411743093448086	5.25
1.0	3.0	0.0	0.0018653477235428626	5.583333333333333
1.0	3.0	0.0	0.001497622159105918	3.1666666666666665
1.0	3.0	0.0	0.001512776409669534	3.7916666666666665
1.0	3.0	0.0	0.001497942778893949	3.5
1.0	3.0	0.0	0.001565460997398558	3.5
1.0	2.0	0.0	0.0011380751515747667	4.458333333333333
1.0	3.0	0.0	0.001530478790161481	3.2916666666666665
1.0	2.0	0.0	0.0010613569004263872	4.583333333333333
1.0	2.0	0.0	0.0010558594428769922	4.291666666666667
1.0	3.0	0.0	0.0016029228145883435	3.6666666666666665
1.0	2.0	0.0	0.00116287459188487	4.791666666666667
1.0	2.0	0.0	0.0010840399940899624	5.375
1.0	2.0	0.0	0.0010826422144065136	5.083333333333333
1.0	3.0	0.0	0.0016325620874196	4.25
1.0	1.0	0.0	0.0006715702494561259	6.208333333333333
1.0	1.0	0.0	0.0006715702494561259	6.208333333333333
1.0	1.0	0.0	0.0006788644411376056	6.541666666666667
1.0	1.0	0.0	0.0006788644411376056	6.541666666666667
1.0	1.0	0.0	0.0006961109537565746	8.363636363636363
1.0	2.0	0.0	0.001031891353823014	4.333333333333333
1.0	2.0	0.0	0.0012095944035028824	6.363636363636363
1.0	2.0	0.0	0.0012093421598261167	6.454545454545454
1.0	2.0	0.0	0.0012150685394861408	7.090909090909091
1.0	2.0	0.0	0.0012150344917754143	7.181818181818182
1.0	1.0	0.0	0.0006417495058417737	5.96969696969697
1.0	1.0	0.0	0.0006417495058417737	5.96969696969697
1.0	3.0	0.0	0.0017417478673048665	5.0
1.0	2.0	0.0	0.0011703793252485196	5.757575757575758
1.0	2.0	0.0	0.0012221594710131217	6.545454545454546
1.0	1.0	0.0	0.0006961109537565746	8.363636363636363
1.0	3.0	0.0	0.0014935547621155976	3.8181818181818183
1.0	3.0	0.0	0.0014916463329907373	3.909090909090909
1.0	3.0	0.0	0.0015330239603958621	4.242424242424242
1.0	3.0	0.0	0.0015546667301751388	4.151515151515151
1.0	3.0	0.0	0.0015322934887550012	4.333333333333333
1.0	3.0	0.0	0.0015507769543825955	4.363636363636363
1.0	2.0	0.0	0.0010721705596847978	4.848484848484849
1.0	2.0	0.0	0.0010739322951112034	4.96969696969697
1.0	2.0	0.0	0.0010717271452411763	4.9393939393939394
1.0	2.0	0.0	0.001073471107030586	5.0606060606060606
1.0	3.0	0.0	0.0016420817048111414	5.454545454545454
1.0	3.0	0.0	0.0016419204425423273	5.545454545454546
1.0	2.0	0.0	0.001098630933608765	5.575757575757576
1.0	3.0	0.0	0.0016534925623013668	6.181818181818182
1.0	2.0	0.0	0.001098481875661918	5.666666666666667
1.0	3.0	0.0	0.0016530854004021946	6.2727272727272725
1.0	2.0	0.0	0.0011104692921209344	5.03030303030303
1.0	1.0	0.0	0.0006637165666006597	7.333333333333333
1.0	1.0	0.0	0.0006636959663976994	7.424242424242424
1.0	1.0	0.0	0.0006663278794957618	8.06060606060606
1.0	1.0	0.0	0.0006662190777942562	8.151515151515152
1.0	3.0	0.0	0.0019249428589215266	7.393939393939394
1.0	1.0	0.0	0.0006055317964774581	4.0588235294117645
1.0	2.0	0.0	0.0010889476233619105	3.411764705882353
1.0	2.0	0.0	0.0012338450380340216	4.705882352941177
1.0	1.0	0.0	0.0006143104540605657	4.529411764705882
1.0	2.0	0.0	0.001081270051098404	3.235294117647059
1.0	3.0	0.0	0.001620170149722916	3.1176470588235294
1.0	3.0	0.0	0.001603673807534325	3.4705882352941178
1.0	3.0	0.0	0.0015821210800024271	3.0
1.0	2.0	0.0	0.001109011667878018	4.176470588235294
1.0	2.0	0.0	0.001109011667878018	4.176470588235294
1.0	3.0	0.0	0.0016236451241799868	3.411764705882353
1.0	3.0	0.0	0.0016496150598519865	3.588235294117647
1.0	2.0	0.0	0.001129931622143745	4.882352941176471
1.0	2.0	0.0	0.001129931622143745	4.882352941176471
1.0	2.0	0.0	0.001136373917685507	5.588235294117647
1.0	2.0	0.0	0.0011619967977335402	4.0
1.0	2.0	0.0	0.0013149407764523286	5.529411764705882
1.0	1.0	0.0	0.0007110480878471104	6.470588235294118
1.0	1.0	0.0	0.0006222802874330815	4.7
1.0	1.0	0.0	0.0006642920701125223	7.0
1.0	1.0	0.0	0.0006642920701125223	7.0
1.0	2.0	0.0	0.0011093865579288268	3.9
1.0	2.0	0.0	0.0011060905802180892	3.8
1.0	2.0	0.0	0.0011172247078947177	4.8
1.0	3.0	0.0	0.0018201827490111062	6.05
1.0	3.0	0.0	0.0017073225870745815	5.35
1.0	3.0	0.0	0.0016287369726131677	4.15
1.0	2.0	0.0	0.0011172247078947177	4.8
1.0	3.0	0.0	0.0017073225870745815	5.35
1.0	2.0	0.0	0.0011407625617752448	6.0
1.0	3.0	0.0	0.0016170555499480288	3.95
1.0	1.0	0.0	0.0006301184373989724	6.3
1.0	2.0	0.0	0.0011065722128031502	4.4
1.0	2.0	0.0	0.0011065722128031502	4.4
1.0	3.0	0.0	0.0016807242252649523	3.75
1.0	3.0	0.0	0.001670867284103407	5.3
1.0	1.0	0.0	0.0006301184373989724	6.3
1.0	2.0	0.0	0.001121229467951609	4.85
1.0	2.0	0.0	0.001121229467951609	4.85
1.0	1.0	0.0	0.000647429780063275	4.961538461538462
1.0	1.0	0.0	0.0006820401952346514	5.769230769230769
1.0	1.0	0.0	0.0006820401952346514	5.769230769230769
1.0	1.0	0.0	0.0006606031916825813	5.115384615384615
1.0	1.0	0.0	0.0006606031916825813	5.115384615384615
1.0	3.0	0.0	0.0014982505771360068	3.3461538461538463
1.0	2.0	0.0	0.0010587187731182271	3.423076923076923
1.0	2.0	0.0	0.001037440029609911	4.115384615384615
1.0	2.0	0.0	0.0010410674218799692	4.730769230769231
1.0	3.0	0.0	0.0018039748943360166	4.153846153846154
1.0	3.0	0.0	0.001540647682224977	3.0
1.0	3.0	0.0	0.0014992342210342312	3.8846153846153846
1.0	3.0	0.0	0.0015900977585587472	3.923076923076923
1.0	3.0	0.0	0.0015158360024074167	4.576923076923077
1.0	3.0	0.0	0.0016594780390036185	4.653846153846154
1.0	3.0	0.0	0.0016507346790988553	3.3461538461538463
1.0	2.0	0.0	0.001056699439525063	4.6923076923076925
1.0	2.0	0.0	0.0011032670225694348	4.730769230769231
1.0	2.0	0.0	0.0010625093603573385	5.384615384615385
1.0	2.0	0.0	0.0011272983116979328	5.461538461538462
1.0	2.0	0.0	0.0010832771398846539	5.5
1.0	1.0	0.0	0.0006172649010796789	5.615384615384615
1.0	2.0	0.0	0.0010850605079101624	6.1923076923076925
1.0	2.0	0.0	0.0011259278477383397	5.538461538461538
1.0	2.0	0.0	0.0011335409919393741	6.269230769230769
1.0	3.0	0.0	0.001760076009700102	4.0
1.0	3.0	0.0	0.0018749463514212195	4.8076923076923075
1.0	1.0	0.0	0.0006312957652972473	7.190476190476191
1.0	2.0	0.0	0.0010485436253710378	3.8095238095238093
1.0	1.0	0.0	0.0006015885392838424	4.9523809523809526
1.0	1.0	0.0	0.0006108721536010984	4.809523809523809
1.0	3.0	0.0	0.0015384091453873269	4.0
1.0	3.0	0.0	0.0015620601631114255	4.476190476190476
1.0	3.0	0.0	0.001559083413289271	3.5714285714285716
1.0	2.0	0.0	0.001063081848388055	4.238095238095238
1.0	3.0	0.0	0.0016067403595735785	4.0
1.0	2.0	0.0	0.0010784481568452235	3.6666666666666665
1.0	3.0	0.0	0.0016118801021177782	4.238095238095238
1.0	2.0	0.0	0.0010901677870792299	5.238095238095238
1.0	2.0	0.0	0.0010901677870792299	5.238095238095238
1.0	3.0	0.0	0.0016392043151243697	3.857142857142857
1.0	2.0	0.0	0.0011133130522195953	4.904761904761905
1.0	2.0	0.0	0.0011133130522195953	4.904761904761905
1.0	2.0	0.0	0.0011155972248877758	6.0
1.0	2.0	0.0	0.0011155972248877758	6.0
1.0	2.0	0.0	0.001123568237933322	6.761904761904762
1.0	2.0	0.0	0.0011317997395555873	5.571428571428571
1.0	2.0	0.0	0.0011317997395555873	5.571428571428571
1.0	3.0	0.0	0.0017078174321860638	6.238095238095238
1.0	1.0	0.0	0.0006136167048628781	5.038461538461538
1.0	1.0	0.0	0.0005875917942636444	4.846153846153846
1.0	3.0	0.0	0.0015182664035099417	3.4615384615384617
1.0	2.0	0.0	0.0010234935582189098	4.153846153846154
1.0	2.0	0.0	0.001068938451583574	3.730769230769231
1.0	2.0	0.0	0.00109887189454215	4.576923076923077
1.0	3.0	0.0	0.0014976640121885487	3.6538461538461537
1.0	3.0	0.0	0.0015219073175170772	4.384615384615385
1.0	3.0	0.0	0.0015150171026368248	4.576923076923077
1.0	3.0	0.0	0.0015599819076513991	3.8846153846153846
1.0	3.0	0.0	0.0015417210787416306	4.230769230769231
1.0	2.0	0.0	0.001065861503028259	5.1923076923076925
1.0	2.0	0.0	0.0010637381487495722	5.384615384615385
1.0	2.0	0.0	0.001080670328588068	5.038461538461538
1.0	2.0	0.0	0.001080670328588068	5.038461538461538
1.0	2.0	0.0	0.001088862050308054	6.0
1.0	2.0	0.0	0.0010879883088709807	6.1923076923076925
1.0	3.0	0.0	0.001648136550720737	4.076923076923077
1.0	2.0	0.0	0.0011086711385906553	5.846153846153846
1.0	2.0	0.0	0.0011086711385906553	5.846153846153846
1.0	2.0	0.0	0.0011170620204686188	6.653846153846154
1.0	3.0	0.0	0.001618911742638653	5.153846153846154
1.0	2.0	0.0	0.0011152185598837896	5.961538461538462
1.0	2.0	0.0	0.0011152185598837896	5.961538461538462
1.0	2.0	0.0	0.0011354307420581035	6.769230769230769
1.0	2.0	0.0	0.0011354307420581035	6.769230769230769
1.0	2.0	0.0	0.0011404524273863357	7.576923076923077
1.0	1.0	0.0	0.0005812051439227521	5.28125
1.0	1.0	0.0	0.0005908090454847915	6.59375
1.0	3.0	0.0	0.001481183363924834	4.125
1.0	2.0	0.0	0.0010127412669485463	4.46875
1.0	2.0	0.0	0.001015676387417675	4.53125
1.0	2.0	0.0	0.0010465518749723894	6.3125
1.0	3.0	0.0	0.0018088069868344226	8.0625
1.0	3.0	0.0	0.0014808029788236671	4.3125
1.0	3.0	0.0	0.0014965574321960853	4.875
1.0	3.0	0.0	0.0014999038180999224	5.5
1.0	3.0	0.0	0.0015071754178125388	4.375
1.0	3.0	0.0	0.0015387544413002763	4.3125
1.0	3.0	0.0	0.001532838526784202	4.96875
1.0	3.0	0.0	0.0015191898658989795	6.21875
1.0	2.0	0.0	0.0010411595332376507	4.78125
1.0	3.0	0.0	0.001567068922905988	5.25
1.0	3.0	0.0	0.0015710973984566304	5.625
1.0	2.0	0.0	0.001057238426978124	6.34375
1.0	3.0	0.0	0.0016561258888421982	7.21875
1.0	2.0	0.0	0.0010639087168223245	7.0625
1.0	2.0	0.0	0.0010864708176130224	5.90625
1.0	2.0	0.0	0.0010864708176130224	5.90625
1.0	2.0	0.0	0.0010768400299306078	5.8125
1.0	2.0	0.0	0.0010768400299306078	5.8125
1.0	2.0	0.0	0.001106246552482855	6.5625
1.0	2.0	0.0	0.001106246552482855	6.5625
1.0	2.0	0.0	0.0010839030851285316	7.1875
1.0	2.0	0.0	0.0010860263375705162	7.90625
1.0	2.0	0.0	0.001105565265453351	6.65625
1.0	2.0	0.0	0.001105565265453351	6.65625
1.0	2.0	0.0	0.0011144840088099983	7.5
1.0	1.0	0.0	0.000661534548679155	9.03125
1.0	1.0	0.0	0.000661534548679155	9.03125
1.0	1.0	0.0	0.0006304613079261812	7.0
1.0	1.0	0.0	0.000601861719383305	5.1
1.0	2.0	0.0	0.0010819137268834869	3.75
1.0	3.0	0.0	0.0015316296297889155	3.45
1.0	2.0	0.0	0.0010829883538360187	4.5
1.0	2.0	0.0	0.0010690358546229174	4.1
1.0	3.0	0.0	0.0015411256956429237	3.35
1.0	3.0	0.0	0.0015590217086466625	3.9
1.0	2.0	0.0	0.001068318492620961	3.5
1.0	3.0	0.0	0.0016081548130579648	4.15
1.0	2.0	0.0	0.0010884438982034523	4.65
1.0	2.0	0.0	0.0010884438982034523	4.65
1.0	3.0	0.0	0.0016041019789806794	4.1
1.0	2.0	0.0	0.0011146752995132303	5.4
1.0	2.0	0.0	0.0011146752995132303	5.4
1.0	2.0	0.0	0.001122313601558365	6.15
1.0	2.0	0.0	0.0011095693901671637	4.75
1.0	2.0	0.0	0.0011095693901671637	4.75
1.0	2.0	0.0	0.0011294620358523859	5.4
1.0	2.0	0.0	0.0011294620358523859	5.4
1.0	3.0	0.0	0.0017043776043461707	6.05
1.0	1.0	0.0	0.0006063292836468053	4.444444444444445
1.0	2.0	0.0	0.0010362637726628581	2.888888888888889
1.0	2.0	0.0	0.0012467320299395855	4.0
1.0	1.0	0.0	0.0006343654267968978	4.111111111111111
1.0	2.0	0.0	0.0010687508561381608	3.2222222222222223
1.0	2.0	0.0	0.0010600815091029016	3.111111111111111
1.0	3.0	0.0	0.0015505392247443495	2.5555555555555554
1.0	4.0	0.0	0.002059122625992796	2.611111111111111
1.0	3.0	0.0	0.0015154411916155361	2.5
1.0	3.0	0.0	0.0015037612322896907	2.7777777777777777
1.0	1.0	0.0	0.0005818958855140556	3.5555555555555554
1.0	3.0	0.0	0.0015174834252214527	3.0555555555555554
1.0	3.0	0.0	0.0017192432260691435	3.1666666666666665
1.0	3.0	0.0	0.001625791752903683	3.5
1.0	2.0	0.0	0.001060094645467637	3.5
1.0	2.0	0.0	0.001062070576552117	3.7777777777777777
1.0	2.0	0.0	0.0010838694960654059	4.222222222222222
1.0	2.0	0.0	0.0010868957226467487	4.5
1.0	1.0	0.0	0.0006813875909431879	4.944444444444445
1.0	1.0	0.0	0.0006307987355335226	3.5833333333333335
1.0	1.0	0.0	0.0006375610954070582	4.416666666666667
1.0	1.0	0.0	0.0006961587781903956	4.583333333333333
1.0	1.0	0.0	0.0006961587781903956	4.583333333333333
1.0	3.0	0.0	0.0019271398751343016	3.6666666666666665
1.0	3.0	0.0	0.0016689729297343198	2.4166666666666665
1.0	3.0	0.0	0.0017091045659619062	2.6666666666666665
1.0	2.0	0.0	0.0011401274501170343	2.8333333333333335
1.0	2.0	0.0	0.0011488855179178808	3.0833333333333335
1.0	2.0	0.0	0.0011492101616496027	3.25
1.0	2.0	0.0	0.0011732360345666022	2.6666666666666665
1.0	3.0	0.0	0.0017316228643993368	3.5
1.0	2.0	0.0	0.0012226839061486485	3.0833333333333335
1.0	1.0	0.0	0.0006232407583735499	4.352941176470588
1.0	2.0	0.0	0.0012331617822717961	5.764705882352941
1.0	2.0	0.0	0.0011088503193598164	3.411764705882353
1.0	2.0	0.0	0.0011112598125697253	3.6470588235294117
1.0	3.0	0.0	0.001620798000148891	3.5294117647058822
1.0	3.0	0.0	0.0016289807607418052	4.0
1.0	2.0	0.0	0.0011116101939237174	4.0
1.0	2.0	0.0	0.0011116101939237174	4.0
1.0	3.0	0.0	0.001686834833639475	4.9411764705882355
1.0	2.0	0.0	0.0011269927252635663	4.470588235294118
1.0	2.0	0.0	0.0011269927252635663	4.470588235294118
1.0	3.0	0.0	0.0016814010664635117	3.411764705882353
1.0	2.0	0.0	0.0011193529980139077	4.705882352941177
1.0	2.0	0.0	0.0011193529980139077	4.705882352941177
1.0	2.0	0.0	0.0011389807038461614	5.411764705882353
1.0	2.0	0.0	0.0011389807038461614	5.411764705882353
1.0	2.0	0.0	0.0011431935746127643	6.117647058823529
1.0	1.0	0.0	0.0006737821938099734	6.705882352941177
1.0	1.0	0.0	0.0006235618413807227	4.055555555555555
1.0	1.0	0.0	0.0006284030902003748	4.444444444444445
1.0	2.0	0.0	0.0012252396330976432	3.9444444444444446
1.0	2.0	0.0	0.0012322390956651125	4.333333333333333
1.0	1.0	0.0	0.0008152953215505163	1.6666666666666667
1.0	1.0	0.0	0.0008152953215505163	1.6666666666666667
1.0	1.0	0.0	0.0006515030225271488	4.333333333333333
1.0	1.0	0.0	0.0006984768622561385	5.666666666666667
1.0	1.0	0.0	0.0008152953215505163	1.6666666666666667
1.0	1.0	0.0	0.0008152953215505163	1.6666666666666667
1.0	2.0	0.0	0.0011428186852948238	3.0
1.0	3.0	0.0	0.0016408019042326338	2.7222222222222223
1.0	3.0	0.0	0.001670217346393282	3.111111111111111
1.0	3.0	0.0	0.001677384571099945	3.111111111111111
1.0	3.0	0.0	0.001690317742509891	3.5
1.0	3.0	0.0	0.0016992415257452522	3.5
1.0	2.0	0.0	0.0011346612795513418	3.888888888888889
1.0	3.0	0.0	0.001777228186191951	3.388888888888889
1.0	2.0	0.0	0.0012305055717605872	4.0
1.0	3.0	0.0	0.0019342702903412867	4.722222222222222
1.0	1.0	0.0	0.000669972906447932	4.888888888888889
1.0	1.0	0.0	0.0006747990573608015	5.277777777777778
1.0	1.0	0.0	0.0006984768622561385	5.666666666666667
1.0	3.0	0.0	0.002333086556256454	1.0
1.0	3.0	0.0	0.002333086556256454	1.0
1.0	1.0	0.0	0.0008152953215505163	1.6666666666666667
1.0	1.0	0.0	0.0008152953215505163	1.6666666666666667
1.0	2.0	0.0	0.001064010589996185	3.0
1.0	2.0	0.0	0.0010621513299182272	3.625
1.0	2.0	0.0	0.001054699106956412	4.0
1.0	2.0	0.0	0.0010614524761484536	4.4375
1.0	2.0	0.0	0.001059556468167423	4.5
1.0	3.0	0.0	0.0016030933278846542	3.5
1.0	2.0	0.0	0.0011085815038403978	4.1875
1.0	2.0	0.0	0.0011085815038403978	4.1875
1.0	2.0	0.0	0.0011298096277809187	4.875
1.0	2.0	0.0	0.0011298096277809187	4.875
1.0	2.0	0.0	0.001136053765698731	5.5625
1.0	2.0	0.0	0.001079031139697146	3.1875
1.0	3.0	0.0	0.0015294740611360527	2.9375
1.0	3.0	0.0	0.001511168081419856	3.25
1.0	3.0	0.0	0.0015272256190228587	3.75
1.0	2.0	0.0	0.0010750398211994327	4.125
1.0	2.0	0.0	0.001070895163370948	4.625
1.0	4.0	0.0	0.0029022582692711813	1.0
1.0	1.0	0.0	0.0005752664491147771	11.0
1.0	1.0	0.0	0.0005752664491147771	11.0
1.0	1.0	0.0	0.0007678643454659559	1.75
1.0	1.0	0.0	0.0007678643454659559	1.75
1.0	1.0	0.0	0.0007678643454659559	1.75
1.0	3.0	0.0	0.0014399457240036732	10.622222222222222
1.0	3.0	0.0	0.0014399457240036732	10.622222222222222
1.0	2.0	0.0	0.0010729235784452007	8.688888888888888
1.0	2.0	0.0	0.0010729235784452007	8.688888888888888
1.0	2.0	0.0	0.0011714815535111178	8.066666666666666
1.0	2.0	0.0	0.0011714815535111178	8.066666666666666
1.0	2.0	0.0	0.0010064031616901685	11.488888888888889
1.0	2.0	0.0	0.0010064031616901685	11.488888888888889
1.0	2.0	0.0	0.0010108941161214098	11.577777777777778
1.0	2.0	0.0	0.0010108941161214098	11.577777777777778
1.0	3.0	0.0	0.0014535611105264972	9.355555555555556
1.0	3.0	0.0	0.0014535611105264972	9.355555555555556
1.0	3.0	0.0	0.001426206050243304	9.977777777777778
1.0	3.0	0.0	0.001426206050243304	9.977777777777778
1.0	3.0	0.0	0.001501833810668622	8.955555555555556
1.0	3.0	0.0	0.001501833810668622	8.955555555555556
1.0	3.0	0.0	0.0014662754192370177	11.28888888888889
1.0	3.0	0.0	0.0014662754192370177	11.28888888888889
1.0	2.0	0.0	0.0011178110416064841	8.466666666666667
1.0	2.0	0.0	0.0011178110416064841	8.466666666666667
1.0	2.0	0.0	0.0011453613781462703	8.28888888888889
1.0	2.0	0.0	0.0011453613781462703	8.28888888888889
1.0	3.0	0.0	0.0014868701643479213	10.666666666666666
1.0	3.0	0.0	0.0014868701643479213	10.666666666666666
1.0	3.0	0.0	0.0014617495216439806	10.8
1.0	3.0	0.0	0.0014617495216439806	10.8
1.0	3.0	0.0	0.001519574621512381	10.022222222222222
1.0	3.0	0.0	0.001519574621512381	10.022222222222222
1.0	2.0	0.0	0.0011621254189125628	8.155555555555555
1.0	2.0	0.0	0.0011621254189125626	8.155555555555555
1.0	2.0	0.0	0.0010295349761119954	9.777777777777779
1.0	2.0	0.0	0.0010295349761119954	9.777777777777779
1.0	2.0	0.0	0.0011757477070208134	8.022222222222222
1.0	2.0	0.0	0.0011757477070208132	8.022222222222222
1.0	2.0	0.0	0.001021384054866636	10.4
1.0	2.0	0.0	0.001021384054866636	10.4
1.0	2.0	0.0	0.0010411916837559524	12.177777777777777
1.0	2.0	0.0	0.0010411916837559524	12.177777777777777
1.0	2.0	0.0	0.0010486448333293422	11.555555555555555
1.0	2.0	0.0	0.0010486448333293422	11.555555555555555
1.0	2.0	0.0	0.0010711218163633508	13.066666666666666
1.0	2.0	0.0	0.0010711218163633508	13.066666666666666
1.0	2.0	0.0	0.0010731838040415388	12.444444444444445
1.0	2.0	0.0	0.0010731838040415388	12.444444444444445
1.0	1.0	0.0	0.0007678643454659559	1.75
1.0	1.0	0.0	0.0006096152385303439	11.395348837209303
1.0	0.0	0.0	0.0	0.0
1.0	1.0	0.0	0.0005751795209889245	9.44186046511628
1.0	2.0	0.0	0.0011978464584005565	10.55813953488372
1.0	3.0	0.0	0.00172928907100557	6.744186046511628
1.0	3.0	0.0	0.0014397428196825887	9.046511627906977
1.0	2.0	0.0	0.0010705827595508424	7.209302325581396
1.0	2.0	0.0	0.0010693525636226082	7.209302325581396
1.0	2.0	0.0	0.0010106832531256626	10.0
1.0	2.0	0.0	0.001021852062947553	9.348837209302326
1.0	3.0	0.0	0.0014257264414656336	8.418604651162791
1.0	3.0	0.0	0.001452928316336442	7.813953488372093
1.0	2.0	0.0	0.0011503925663863546	6.790697674418604
1.0	2.0	0.0	0.001138272542540165	6.883720930232558
1.0	2.0	0.0	0.0011502918797835697	6.790697674418604
1.0	3.0	0.0	0.0015000993376124213	7.441860465116279
1.0	2.0	0.0	0.0011133739882044267	7.023255813953488
1.0	2.0	0.0	0.001137818329086347	6.883720930232558
1.0	3.0	0.0	0.0014660396141807687	9.69767441860465
1.0	3.0	0.0	0.0014614098708664299	9.232558139534884
1.0	3.0	0.0	0.0014867294040888821	9.093023255813954
1.0	3.0	0.0	0.001519106745152709	8.465116279069768
1.0	2.0	0.0	0.0011129234387121628	7.023255813953488
1.0	2.0	0.0	0.0010289277617943102	8.255813953488373
1.0	2.0	0.0	0.001020902532769089	8.86046511627907
1.0	2.0	0.0	0.001006236081187688	9.906976744186046
1.0	1.0	0.0	0.0006382236009698967	7.72093023255814
1.0	3.0	0.0	0.001498023211410001	7.441860465116279
1.0	2.0	0.0	0.00104114742772106	10.581395348837209
1.0	2.0	0.0	0.001048501467724362	9.976744186046512
1.0	3.0	0.0	0.0014931280348368507	8.046511627906977
1.0	3.0	0.0	0.0014956213984696379	8.093023255813954
1.0	2.0	0.0	0.0010710069863144544	11.465116279069768
1.0	3.0	0.0	0.0015034086217983159	8.69767441860465
1.0	2.0	0.0	0.0010731513784623457	10.86046511627907
1.0	3.0	0.0	0.0015064326621436358	8.744186046511627
1.0	2.0	0.0	0.0010533660168190234	8.837209302325581
1.0	2.0	0.0	0.0010569807511208364	8.930232558139535
1.0	2.0	0.0	0.0010562837006331425	9.488372093023257
1.0	2.0	0.0	0.0010612501182056457	9.581395348837209
1.0	3.0	0.0	0.0016180338086143429	9.627906976744185
1.0	2.0	0.0	0.0010807721368604598	10.279069767441861
1.0	2.0	0.0	0.0010849590174198522	9.767441860465116
1.0	3.0	0.0	0.001634859925871139	10.418604651162791
1.0	1.0	0.0	0.0006582248665709798	11.534883720930232
