Constant_feature	Degree	Clustering_coefficient	Pagerank	Aver_path_len
1.0	1.0	0.0	0.0005910915308657845	4.05
1.0	3.0	0.0	0.0014854516479426451	3.0
1.0	3.0	0.0	0.0015935144989894993	3.9
1.0	2.0	0.0	0.0010103897253495389	3.2
1.0	2.0	0.0	0.001018261519509408	3.25
1.0	1.0	0.0	0.0006492868007992284	5.05
1.0	3.0	0.0	0.0015162712654941024	3.2
1.0	3.0	0.0	0.0014671284256046787	2.85
1.0	3.0	0.0	0.0014892301944320486	2.9
1.0	3.0	0.0	0.0015754350503286226	3.25
1.0	2.0	0.0	0.001046369435732922	3.75
1.0	2.0	0.0	0.001068681892124139	4.2
1.0	3.0	0.0	0.0015714455685816899	3.1
1.0	3.0	0.0	0.001502381841189398	3.55
1.0	1.0	0.0	0.0005978489638311472	4.85
1.0	3.0	0.0	0.0015049863053568932	3.6
1.0	2.0	0.0	0.001057950188331007	4.3
1.0	2.0	0.0	0.001059275343861831	4.35
1.0	2.0	0.0	0.0011769372657924875	4.1
1.0	2.0	0.0	0.001083861147514211	5.05
1.0	2.0	0.0	0.001083901987171109	5.1
1.0	1.0	0.0	0.0006322942664704215	12.0
1.0	2.0	0.0	0.0010881955483213169	6.242424242424242
1.0	2.0	0.0	0.0010429380955621899	6.03030303030303
1.0	1.0	0.0	0.0006241678687308281	7.757575757575758
1.0	1.0	0.0	0.0006617637775344614	10.181818181818182
1.0	1.0	0.0	0.0006617637775344614	10.181818181818182
1.0	2.0	0.0	0.001108926916345289	7.212121212121212
1.0	2.0	0.0	0.0010781484084567527	7.515151515151516
1.0	3.0	0.0	0.0018101801049149092	9.212121212121213
1.0	2.0	0.0	0.001053244075105495	6.454545454545454
1.0	2.0	0.0	0.0010606543034683787	6.484848484848484
1.0	3.0	0.0	0.0016190213028698804	7.696969696969697
1.0	3.0	0.0	0.0015270576481609193	6.121212121212121
1.0	3.0	0.0	0.0016536806154332196	8.363636363636363
1.0	3.0	0.0	0.0015631408877905223	7.03030303030303
1.0	2.0	0.0	0.0010569607479909127	6.424242424242424
1.0	2.0	0.0	0.0010569607479909127	6.424242424242424
1.0	3.0	0.0	0.0015212931685680202	6.0
1.0	2.0	0.0	0.0010639620651221907	6.7272727272727275
1.0	2.0	0.0	0.0010639620651221907	6.7272727272727275
1.0	2.0	0.0	0.0011140211308753895	8.545454545454545
1.0	2.0	0.0	0.001129303179393804	9.212121212121213
1.0	2.0	0.0	0.0011134894047015401	6.484848484848484
1.0	3.0	0.0	0.0016836355059072702	6.787878787878788
1.0	2.0	0.0	0.0011344798729986463	9.393939393939394
1.0	2.0	0.0	0.0011364198735452258	10.06060606060606
1.0	3.0	0.0	0.0016109876173800537	8.666666666666666
1.0	3.0	0.0	0.0015554694006984977	6.0606060606060606
1.0	2.0	0.0	0.0010888920089574892	8.06060606060606
1.0	2.0	0.0	0.0011137569378690494	9.454545454545455
1.0	2.0	0.0	0.0011137569378690494	9.454545454545455
1.0	2.0	0.0	0.0011330753599714369	10.242424242424242
1.0	2.0	0.0	0.0011330753599714369	10.242424242424242
1.0	3.0	0.0	0.001709883892619334	11.030303030303031
1.0	2.0	0.0	0.0010936775398130729	4.76
1.0	2.0	0.0	0.0010573543297827716	5.12
1.0	1.0	0.0	0.0006254423479946658	5.8
1.0	1.0	0.0	0.0006655769471294341	8.28
1.0	1.0	0.0	0.0006655769471294341	8.28
1.0	2.0	0.0	0.0011112064011301848	5.08
1.0	2.0	0.0	0.001068581429864109	5.68
1.0	2.0	0.0	0.0010716843630255604	5.4
1.0	3.0	0.0	0.0018196145525093714	7.32
1.0	2.0	0.0	0.001064321767429131	5.88
1.0	3.0	0.0	0.001594006472722221	6.44
1.0	3.0	0.0	0.001555665610589134	5.4
1.0	3.0	0.0	0.0016191070672895557	5.4
1.0	2.0	0.0	0.0011051073267933998	7.24
1.0	2.0	0.0	0.0011051073267933998	7.24
1.0	2.0	0.0	0.0011071934126310405	5.96
1.0	3.0	0.0	0.0016720358077836066	6.52
1.0	2.0	0.0	0.0011136883726287088	6.2
1.0	2.0	0.0	0.0011175909673232162	4.76
1.0	2.0	0.0	0.0011281525931816161	8.04
1.0	2.0	0.0	0.0011281525931816161	8.04
1.0	3.0	0.0	0.0016856193986726337	4.84
1.0	3.0	0.0	0.0015699890609324968	4.84
1.0	2.0	0.0	0.0011345309564430625	8.84
1.0	2.0	0.0	0.0011295931999467947	7.32
1.0	2.0	0.0	0.0011291477581779664	6.76
1.0	1.0	0.0	0.0006084509054367082	3.6842105263157894
1.0	1.0	0.0	0.0006198468005927135	4.315789473684211
1.0	2.0	0.0	0.0011113714520121737	3.473684210526316
1.0	2.0	0.0	0.0010922702649350437	3.473684210526316
1.0	2.0	0.0	0.0011839127054816465	3.473684210526316
1.0	2.0	0.0	0.0011839127054816465	3.473684210526316
1.0	2.0	0.0	0.001277959465000189	4.315789473684211
1.0	2.0	0.0	0.001277959465000189	4.315789473684211
1.0	1.0	0.0	0.000694767747770126	5.2631578947368425
1.0	1.0	0.0	0.000694767747770126	5.2631578947368425
1.0	4.0	0.0	0.0021741915867592525	2.736842105263158
1.0	3.0	0.0	0.0016289065060093317	2.736842105263158
1.0	3.0	0.0	0.0015746619088470235	2.8421052631578947
1.0	3.0	0.0	0.0016668239129388493	3.3684210526315788
1.0	3.0	0.0	0.0015825109172997454	3.263157894736842
1.0	2.0	0.0	0.0011001848758917486	4.0
1.0	2.0	0.0	0.0011001848758917486	4.0
1.0	2.0	0.0	0.0011240876982525519	4.7368421052631575
1.0	2.0	0.0	0.0011240876982525519	4.7368421052631575
1.0	2.0	0.0	0.0011312365687598707	5.473684210526316
1.0	1.0	0.0	0.0006089091992890447	3.3333333333333335
1.0	4.0	0.0	0.0022532607091164934	2.8333333333333335
1.0	4.0	0.0	0.0022532607091164934	2.8333333333333335
1.0	2.0	0.0	0.0011468946654321034	3.5
1.0	2.0	0.0	0.0011468946654321034	3.5
1.0	1.0	0.0	0.0006266274527215268	3.7777777777777777
1.0	1.0	0.0	0.0006266274527215268	3.7777777777777777
1.0	1.0	0.0	0.0006266274527215268	3.7777777777777777
1.0	1.0	0.0	0.0006266274527215268	3.7777777777777777
1.0	4.0	0.0	0.0021734115028216342	2.388888888888889
1.0	2.0	0.0	0.0010937121370344222	2.6666666666666665
1.0	3.0	0.0	0.001615560133354624	3.0555555555555554
1.0	2.0	0.0	0.0011562050274344328	4.055555555555555
1.0	2.0	0.0	0.0011562050274344328	4.055555555555555
1.0	2.0	0.0	0.0011155932897481137	3.7777777777777777
1.0	2.0	0.0	0.0011155932897481137	3.7777777777777777
1.0	2.0	0.0	0.0011353303130762007	4.5
1.0	2.0	0.0	0.0011353303130762007	4.5
1.0	2.0	0.0	0.0011418202249635565	5.222222222222222
1.0	2.0	0.0	0.0010796786760739648	3.870967741935484
1.0	2.0	0.0	0.0011960847071894917	4.806451612903226
1.0	2.0	0.0	0.0012141187701765893	4.935483870967742
1.0	2.0	0.0	0.0012183750366293869	5.258064516129032
1.0	1.0	0.0	0.0006288576763198905	5.064516129032258
1.0	2.0	0.0	0.0012235450457662187	5.129032258064516
1.0	1.0	0.0	0.0006316935550788089	5.387096774193548
1.0	1.0	0.0	0.0006350645275681731	5.258064516129032
1.0	3.0	0.0	0.0015029460449436194	3.5161290322580645
1.0	3.0	0.0	0.0014838758276449952	3.2903225806451615
1.0	3.0	0.0	0.0014946117598891176	3.870967741935484
1.0	3.0	0.0	0.0015498304523031594	3.3870967741935485
1.0	3.0	0.0	0.001515299472577882	4.580645161290323
1.0	2.0	0.0	0.0010395002549082174	4.225806451612903
1.0	3.0	0.0	0.0015666272348193154	3.7096774193548385
1.0	2.0	0.0	0.0010422436249743255	4.806451612903226
1.0	2.0	0.0	0.0010555345494452782	4.709677419354839
1.0	3.0	0.0	0.0015859637926571033	3.5806451612903225
1.0	2.0	0.0	0.001062876667532161	5.419354838709677
1.0	3.0	0.0	0.0016141873301589254	3.903225806451613
1.0	3.0	0.0	0.0016973222668024454	4.096774193548387
1.0	2.0	0.0	0.0010832666592783839	5.548387096774194
1.0	2.0	0.0	0.0010854409753126221	6.258064516129032
1.0	3.0	0.0	0.0017072453567866257	4.419354838709677
1.0	3.0	0.0	0.001717859700019753	4.290322580645161
1.0	2.0	0.0	0.001300977477632765	5.838709677419355
1.0	2.0	0.0	0.0013044748565878604	6.161290322580645
1.0	1.0	0.0	0.0006581242630052677	5.774193548387097
1.0	2.0	0.0	0.001308022200599754	6.032258064516129
1.0	1.0	0.0	0.0007050215728986148	6.806451612903226
1.0	1.0	0.0	0.0007064419605924943	7.129032258064516
1.0	1.0	0.0	0.0007082409972399617	7.0
1.0	1.0	0.0	0.0006253622050264136	7.392857142857143
1.0	1.0	0.0	0.0006272818379899561	7.178571428571429
1.0	1.0	0.0	0.0006522351499367069	5.678571428571429
1.0	3.0	0.0	0.0015107296853786117	3.392857142857143
1.0	2.0	0.0	0.0010527960401077014	4.035714285714286
1.0	3.0	0.0	0.001512619537011508	3.642857142857143
1.0	2.0	0.0	0.0010531328129320834	4.285714285714286
1.0	3.0	0.0	0.0015458685301309452	3.4285714285714284
1.0	3.0	0.0	0.0015988669172301276	4.428571428571429
1.0	3.0	0.0	0.0017718641303431893	5.25
1.0	2.0	0.0	0.0011158587045869708	4.035714285714286
1.0	3.0	0.0	0.0015512953248896374	4.178571428571429
1.0	3.0	0.0	0.0015678107640733632	3.9642857142857144
1.0	3.0	0.0	0.001774956268287434	4.714285714285714
1.0	1.0	0.0	0.0006512460591801235	6.214285714285714
1.0	1.0	0.0	0.0006512460591801235	6.214285714285714
1.0	3.0	0.0	0.001886600577454565	5.535714285714286
1.0	2.0	0.0	0.0010870250070134375	4.928571428571429
1.0	2.0	0.0	0.0010870250070134375	4.928571428571429
1.0	2.0	0.0	0.001094377570531786	4.714285714285714
1.0	2.0	0.0	0.001094377570531786	4.714285714285714
1.0	2.0	0.0	0.0011142949762400901	5.678571428571429
1.0	2.0	0.0	0.0011142949762400901	5.678571428571429
1.0	1.0	0.0	0.0006857210390126441	6.5
1.0	1.0	0.0	0.0006857210390126441	6.5
1.0	2.0	0.0	0.0011194952031805476	5.464285714285714
1.0	2.0	0.0	0.0011194952031805476	5.464285714285714
1.0	3.0	0.0	0.0016862194920056286	6.428571428571429
1.0	3.0	0.0	0.001692721234453584	6.214285714285714
1.0	1.0	0.0	0.0006356705981103814	7.25
1.0	0.0	0.0	0.0	0.0
1.0	1.0	0.0	0.0006354764004229644	4.55
1.0	3.0	0.0	0.0016406039037005903	4.45
1.0	2.0	0.0	0.0011241535358734443	4.0
1.0	4.0	0.0	0.002281705254291432	3.65
1.0	2.0	0.0	0.0011255336119655257	5.2
1.0	2.0	0.0	0.0011255336119655257	5.2
1.0	2.0	0.0	0.0011444073110882694	5.95
1.0	2.0	0.0	0.0011444073110882694	5.95
1.0	2.0	0.0	0.001148285817674147	6.7
1.0	1.0	0.0	0.0006326430722659502	4.6
1.0	1.0	0.0	0.0006326430722659502	4.6
1.0	3.0	0.0	0.0017177627959220148	3.6
1.0	2.0	0.0	0.0011418761286212673	3.75
1.0	2.0	0.0	0.001125013404601758	4.0
1.0	3.0	0.0	0.0016390085023496033	4.35
1.0	2.0	0.0	0.0011254280571885247	5.0
1.0	2.0	0.0	0.0011254280571885247	5.0
1.0	2.0	0.0	0.0011420947456650735	5.65
1.0	2.0	0.0	0.0011420947456650735	5.65
1.0	3.0	0.0	0.0017199306608881092	6.3
1.0	1.0	0.0	0.0005895568103747053	5.72972972972973
1.0	1.0	0.0	0.0005895568103747053	5.72972972972973
1.0	1.0	0.0	0.000602528781763041	5.54054054054054
1.0	2.0	0.0	0.0012241290361212154	7.378378378378378
1.0	2.0	0.0	0.0012241290361212154	7.378378378378378
1.0	3.0	0.0	0.0014742735629716987	4.162162162162162
1.0	3.0	0.0	0.0014747520427888725	3.864864864864865
1.0	3.0	0.0	0.0014742735629716987	4.162162162162162
1.0	3.0	0.0	0.0014746378733388773	4.621621621621622
1.0	3.0	0.0	0.0014746378733388771	4.621621621621622
1.0	2.0	0.0	0.0010448739604376539	4.1891891891891895
1.0	2.0	0.0	0.0010447865877328227	5.486486486486487
1.0	2.0	0.0	0.0010447865877328227	5.486486486486487
1.0	3.0	0.0	0.0015662684568691207	4.756756756756757
1.0	3.0	0.0	0.0015662684568691202	4.756756756756757
1.0	3.0	0.0	0.001609709558854383	4.5675675675675675
1.0	2.0	0.0	0.001072578376259237	6.351351351351352
1.0	2.0	0.0	0.001072578376259237	6.351351351351352
1.0	3.0	0.0	0.0015779292543690174	5.45945945945946
1.0	3.0	0.0	0.0015779292543690174	5.45945945945946
1.0	3.0	0.0	0.0015901586260330203	5.054054054054054
1.0	2.0	0.0	0.0010984325847696432	6.324324324324325
1.0	2.0	0.0	0.0010984325847696432	6.324324324324325
1.0	2.0	0.0	0.0010984325847696432	6.324324324324325
1.0	2.0	0.0	0.0010984325847696432	6.324324324324325
1.0	2.0	0.0	0.0010977681014319371	5.8108108108108105
1.0	2.0	0.0	0.0010977681014319371	5.8108108108108105
1.0	3.0	0.0	0.0016686522713564246	6.45945945945946
1.0	3.0	0.0	0.0016686522713564246	6.45945945945946
1.0	2.0	0.0	0.0011223977073100719	7.1891891891891895
1.0	2.0	0.0	0.0011223977073100719	7.1891891891891895
1.0	2.0	0.0	0.0011223977073100719	7.1891891891891895
1.0	2.0	0.0	0.0011223977073100719	7.1891891891891895
1.0	2.0	0.0	0.0011213362745444496	7.216216216216216
1.0	2.0	0.0	0.0011301443235800259	8.054054054054054
1.0	2.0	0.0	0.0011301443235800259	8.054054054054054
1.0	1.0	0.0	0.0006704261571888486	8.35135135135135
1.0	1.0	0.0	0.0006704261571888486	8.35135135135135
1.0	1.0	0.0	0.0005993226540685282	5.090909090909091
1.0	1.0	0.0	0.0006230743514861628	6.181818181818182
1.0	1.0	0.0	0.0006013554519881014	4.954545454545454
1.0	1.0	0.0	0.000610799265879515	4.636363636363637
1.0	1.0	0.0	0.0006223962145749946	5.7272727272727275
1.0	3.0	0.0	0.0015452325040493983	3.3181818181818183
1.0	2.0	0.0	0.001073462050138559	3.4545454545454546
1.0	3.0	0.0	0.0015300076983725058	3.4545454545454546
1.0	3.0	0.0	0.001601570004447781	4.136363636363637
1.0	3.0	0.0	0.0016023008918746638	4.0
1.0	3.0	0.0	0.0015631853729691026	3.8636363636363638
1.0	2.0	0.0	0.0010910966115310965	4.545454545454546
1.0	2.0	0.0	0.0010902946233276984	4.636363636363637
1.0	3.0	0.0	0.0016397902143583975	3.6818181818181817
1.0	3.0	0.0	0.0016808734097308311	5.2272727272727275
1.0	2.0	0.0	0.001118795043695589	5.318181818181818
1.0	3.0	0.0	0.0016151825135335418	4.090909090909091
1.0	2.0	0.0	0.0011255862357270115	6.0
1.0	3.0	0.0	0.001678441441220192	4.7727272727272725
1.0	2.0	0.0	0.0011169871979335498	4.863636363636363
1.0	2.0	0.0	0.0011361681989565187	5.545454545454546
1.0	2.0	0.0	0.0011352799755443886	5.636363636363637
1.0	2.0	0.0	0.00114370825423259	6.318181818181818
1.0	1.0	0.0	0.000598469629383679	5.375
1.0	1.0	0.0	0.000600605226766288	5.333333333333333
1.0	1.0	0.0	0.0006105943533747957	5.125
1.0	1.0	0.0	0.0006223532875102545	6.291666666666667
1.0	1.0	0.0	0.0006617062272629589	7.375
1.0	1.0	0.0	0.0006617062272629589	7.375
1.0	3.0	0.0	0.001542428904923316	3.6666666666666665
1.0	2.0	0.0	0.001072504419864869	3.875
1.0	3.0	0.0	0.0018094954359449892	6.416666666666667
1.0	3.0	0.0	0.001525165435683375	3.7083333333333335
1.0	3.0	0.0	0.0015984153711628055	4.416666666666667
1.0	3.0	0.0	0.001600114778587426	4.375
1.0	3.0	0.0	0.0015521336084974632	4.0
1.0	2.0	0.0	0.001080289714778469	4.541666666666667
1.0	2.0	0.0	0.001080289714778469	4.541666666666667
1.0	3.0	0.0	0.001638868651945949	4.166666666666667
1.0	2.0	0.0	0.001103607420044139	5.083333333333333
1.0	2.0	0.0	0.001103607420044139	5.083333333333333
1.0	3.0	0.0	0.0016531932191168192	5.625
1.0	3.0	0.0	0.0016148838720443069	4.625
1.0	3.0	0.0	0.0016781063565260192	5.333333333333333
1.0	2.0	0.0	0.001116744184415407	5.416666666666667
1.0	2.0	0.0	0.0011361006470265655	6.125
1.0	2.0	0.0	0.0011352045487594	6.208333333333333
1.0	2.0	0.0	0.0011435311047741795	6.916666666666667
1.0	1.0	0.0	0.000590479241256393	4.869565217391305
1.0	1.0	0.0	0.0005889082278476067	4.869565217391305
1.0	1.0	0.0	0.000659359565029019	6.260869565217392
1.0	1.0	0.0	0.000659359565029019	6.260869565217392
1.0	3.0	0.0	0.0014949890694506503	3.217391304347826
1.0	2.0	0.0	0.0010340162785313534	4.782608695652174
1.0	3.0	0.0	0.001799882310687669	5.304347826086956
1.0	3.0	0.0	0.001478569543020238	3.217391304347826
1.0	3.0	0.0	0.0015684477456158453	3.9130434782608696
1.0	3.0	0.0	0.0015643831004281059	3.9130434782608696
1.0	3.0	0.0	0.0014715035268278937	3.4782608695652173
1.0	3.0	0.0	0.0015350450964001935	3.4782608695652173
1.0	3.0	0.0	0.0014867995775783125	3.9565217391304346
1.0	2.0	0.0	0.0010264214442553556	4.217391304347826
1.0	3.0	0.0	0.0015078048693373534	4.608695652173913
1.0	2.0	0.0	0.0010730733119525039	4.0
1.0	2.0	0.0	0.0010519869964048484	4.739130434782608
1.0	2.0	0.0	0.001077153288568594	4.260869565217392
1.0	2.0	0.0	0.0010592026882573825	5.391304347826087
1.0	3.0	0.0	0.001640597290180294	4.521739130434782
1.0	2.0	0.0	0.0010802332942023212	5.521739130434782
1.0	2.0	0.0	0.0011028447204636728	4.782608695652174
1.0	2.0	0.0	0.001082565967083124	6.173913043478261
1.0	2.0	0.0	0.0011088882516521266	5.304347826086956
1.0	1.0	0.0	0.0005981852914778287	5.086956521739131
1.0	1.0	0.0	0.0005969018800134902	5.086956521739131
1.0	1.0	0.0	0.0006604189320486907	6.478260869565218
1.0	1.0	0.0	0.0006604189320486907	6.478260869565218
1.0	1.0	0.0	0.0006264411823060284	6.304347826086956
1.0	3.0	0.0	0.0015293537700635732	3.4347826086956523
1.0	2.0	0.0	0.0010535449297083394	3.6956521739130435
1.0	2.0	0.0	0.001102032708099861	4.739130434782608
1.0	2.0	0.0	0.001102032708099861	4.739130434782608
1.0	3.0	0.0	0.0018022742762346029	5.521739130434782
1.0	3.0	0.0	0.0015193060219025225	3.4347826086956523
1.0	3.0	0.0	0.0015929078957717668	4.130434782608695
1.0	3.0	0.0	0.0015921273790850078	4.130434782608695
1.0	3.0	0.0	0.0015481623270446796	3.6956521739130435
1.0	2.0	0.0	0.0010776529573814384	4.217391304347826
1.0	2.0	0.0	0.001082070305062886	4.478260869565218
1.0	3.0	0.0	0.0015888036330346774	4.043478260869565
1.0	3.0	0.0	0.001645746202927352	4.739130434782608
1.0	2.0	0.0	0.001107103693667441	5.0
1.0	2.0	0.0	0.0011115403493695247	5.521739130434782
1.0	3.0	0.0	0.0016929632634177226	5.3478260869565215
1.0	2.0	0.0	0.0011331218855701408	6.043478260869565
1.0	3.0	0.0	0.0016929632634177226	5.3478260869565215
1.0	1.0	0.0	0.0006264411823060285	6.304347826086956
1.0	2.0	0.0	0.0011975655140276141	6.34375
1.0	2.0	0.0	0.0011975655140276141	6.34375
1.0	2.0	0.0	0.0011975655140276141	6.34375
1.0	1.0	0.0	0.0006693127023476757	6.84375
1.0	1.0	0.0	0.0006693127023476757	6.84375
1.0	1.0	0.0	0.0006693127023476757	6.84375
1.0	3.0	0.0	0.0016641390278866782	4.96875
1.0	3.0	0.0	0.0016641390278866782	4.96875
1.0	3.0	0.0	0.0016641390278866782	4.96875
1.0	2.0	0.0	0.001067436117490055	4.78125
1.0	2.0	0.0	0.001067436117490055	4.78125
1.0	2.0	0.0	0.001067436117490055	4.78125
1.0	1.0	0.0	0.0007295309276404385	9.84375
1.0	1.0	0.0	0.0007295309276404385	9.84375
1.0	1.0	0.0	0.0007295309276404385	9.84375
1.0	3.0	0.0	0.0015817337921826212	4.5
1.0	3.0	0.0	0.0015817337921826212	4.5
1.0	3.0	0.0	0.0015817337921826212	4.5
1.0	2.0	0.0	0.0011592877044252375	5.625
1.0	2.0	0.0	0.0011592877044252375	5.625
1.0	2.0	0.0	0.0011592877044252375	5.625
1.0	2.0	0.0	0.0012227465856521522	5.875
1.0	2.0	0.0	0.0012227465856521522	5.875
1.0	2.0	0.0	0.0012227465856521522	5.875
1.0	2.0	0.0	0.0012389307213005974	7.125
1.0	2.0	0.0	0.0012389307213005974	7.125
1.0	2.0	0.0	0.0012389307213005974	7.125
1.0	2.0	0.0	0.0012863474563112032	7.96875
1.0	2.0	0.0	0.0012863474563112032	7.96875
1.0	2.0	0.0	0.0012863474563112032	7.96875
1.0	2.0	0.0	0.0013566221453465057	8.875
1.0	2.0	0.0	0.0013566221453465057	8.875
1.0	2.0	0.0	0.0013566221453465057	8.875
1.0	2.0	0.0	0.001035526950056518	4.8
1.0	2.0	0.0	0.001023294646266519	3.55
1.0	2.0	0.0	0.0010286215192097088	4.3
1.0	2.0	0.0	0.00105159599474792	4.0
1.0	2.0	0.0	0.001035754467886924	3.9
1.0	2.0	0.0	0.0010425994494643643	4.0
1.0	3.0	0.0	0.0014894246566600749	4.0
1.0	3.0	0.0	0.0014762157454949938	3.6
1.0	3.0	0.0	0.0015096498537945982	4.6
1.0	3.0	0.0	0.0014892360303347934	3.45
1.0	2.0	0.0	0.001053112394162402	4.75
1.0	2.0	0.0	0.0010601641246580096	5.35
1.0	2.0	0.0	0.001081171362709378	5.5
1.0	2.0	0.0	0.0010833623620038972	6.1
1.0	3.0	0.0	0.0015843558517939895	4.45
1.0	3.0	0.0	0.0015229394935253918	3.65
1.0	2.0	0.0	0.0011007109491969081	5.2
1.0	2.0	0.0	0.0011007109491969081	5.2
1.0	2.0	0.0	0.0011248544873691006	5.95
1.0	2.0	0.0	0.0011248544873691006	5.95
1.0	2.0	0.0	0.0011315448229008932	6.7
1.0	1.0	0.0	0.0006347426619763168	7.380952380952381
1.0	2.0	0.0	0.0010567325413079497	5.190476190476191
1.0	1.0	0.0	0.0006101358608116782	4.714285714285714
1.0	1.0	0.0	0.0006224535015098621	5.0
1.0	2.0	0.0	0.0010583252590946814	4.666666666666667
1.0	2.0	0.0	0.0011166034705737274	3.761904761904762
1.0	2.0	0.0	0.0011246344967959954	3.857142857142857
1.0	3.0	0.0	0.0015246361256907553	4.380952380952381
1.0	3.0	0.0	0.0015355954671950995	5.0
1.0	3.0	0.0	0.0015438897600573791	3.9523809523809526
1.0	2.0	0.0	0.0010693259018411511	5.142857142857143
1.0	2.0	0.0	0.0010730418885609337	5.761904761904762
1.0	3.0	0.0	0.001633926579910741	3.761904761904762
1.0	2.0	0.0	0.0010935329782882789	5.904761904761905
1.0	2.0	0.0	0.0010947697888907075	6.523809523809524
1.0	3.0	0.0	0.0016324983949975438	4.428571428571429
1.0	3.0	0.0	0.0016772041304560928	4.0476190476190474
1.0	2.0	0.0	0.0011235483171010852	5.095238095238095
1.0	2.0	0.0	0.0011235483171010852	5.095238095238095
1.0	2.0	0.0	0.0011397651087201577	5.761904761904762
1.0	2.0	0.0	0.0011397651087201577	5.761904761904762
1.0	3.0	0.0	0.0017186297296201765	6.428571428571429
1.0	2.0	0.0	0.001216557496449345	3.5294117647058822
1.0	1.0	0.0	0.0006214365780130183	4.470588235294118
1.0	1.0	0.0	0.0006305676830047126	3.764705882352941
1.0	1.0	0.0	0.0006203206173021299	4.588235294117647
1.0	4.0	0.0	0.0020810747346703363	2.3529411764705883
1.0	3.0	0.0	0.001575396626565466	2.4705882352941178
1.0	2.0	0.0	0.00108950750183351	2.9411764705882355
1.0	2.0	0.0	0.0010888817707086396	2.9411764705882355
1.0	3.0	0.0	0.0016451616443600124	2.9411764705882355
1.0	2.0	0.0	0.001110919237528761	3.411764705882353
1.0	2.0	0.0	0.0011095194082006454	3.5294117647058822
1.0	3.0	0.0	0.0016748765621665267	3.5294117647058822
1.0	3.0	0.0	0.0017054268130691531	2.823529411764706
1.0	2.0	0.0	0.0010921462185534954	3.0588235294117645
1.0	3.0	0.0	0.0016711737140541311	3.6470588235294117
1.0	1.0	0.0	0.0006140959353037449	3.8823529411764706
1.0	2.0	0.0	0.0013040733932747324	4.352941176470588
1.0	1.0	0.0	0.0007057502924865485	5.294117647058823
1.0	2.0	0.0	0.0010486136445354574	5.714285714285714
1.0	2.0	0.0	0.0010751482495774856	5.142857142857143
1.0	1.0	0.0	0.0005950198887279807	7.0
1.0	2.0	0.0	0.0012787900274941998	8.714285714285714
1.0	1.0	0.0	0.0006531087520601337	8.785714285714286
1.0	2.0	0.0	0.0010270173132422167	5.107142857142857
1.0	3.0	0.0	0.0015349176118204808	4.714285714285714
1.0	3.0	0.0	0.001498645304170567	4.785714285714286
1.0	3.0	0.0	0.0015128191336358555	5.392857142857143
1.0	2.0	0.0	0.0010303081154414218	4.75
1.0	2.0	0.0	0.001064486775217856	4.892857142857143
1.0	2.0	0.0	0.0010515471456209909	5.321428571428571
1.0	2.0	0.0	0.0010463129635320263	5.357142857142857
1.0	3.0	0.0	0.0015238014815921002	5.428571428571429
1.0	3.0	0.0	0.0015572648165384317	6.035714285714286
1.0	3.0	0.0	0.0015850913753069614	6.035714285714286
1.0	3.0	0.0	0.0015892679464907242	5.464285714285714
1.0	2.0	0.0	0.001088325908452089	6.857142857142857
1.0	2.0	0.0	0.001088325908452089	6.857142857142857
1.0	2.0	0.0	0.0010945585211829985	6.0
1.0	2.0	0.0	0.0010945585211829985	6.0
1.0	3.0	0.0	0.0016495319446910817	7.071428571428571
1.0	2.0	0.0	0.001107550542621332	6.535714285714286
1.0	2.0	0.0	0.001107550542621332	6.535714285714286
1.0	2.0	0.0	0.0011155129039741312	7.678571428571429
1.0	2.0	0.0	0.0011155129039741312	7.678571428571429
1.0	2.0	0.0	0.0011231161320044297	8.5
1.0	3.0	0.0	0.0017784328005158371	7.821428571428571
1.0	1.0	0.0	0.0006954017474783459	9.678571428571429
1.0	0.0	0.0	0.0	0.0
1.0	2.0	0.0	0.0011263276174940584	3.7333333333333334
1.0	2.0	0.0	0.0011204557046227866	5.133333333333334
1.0	2.0	0.0	0.0011204557046227866	5.133333333333334
1.0	2.0	0.0	0.0011238989099260314	4.0
1.0	2.0	0.0	0.0011425454967977835	3.7333333333333334
1.0	2.0	0.0	0.0011445254194205326	5.333333333333333
1.0	2.0	0.0	0.0011345350482997176	5.866666666666666
1.0	2.0	0.0	0.0011345350482997176	5.866666666666666
1.0	3.0	0.0	0.0016341376481339796	4.4
1.0	2.0	0.0	0.0011438187552658633	3.6
1.0	2.0	0.0	0.0011481810920102877	3.6
1.0	3.0	0.0	0.001641515618882882	4.0
1.0	2.0	0.0	0.0011265527194202628	4.666666666666667
1.0	2.0	0.0	0.0011265527194202626	4.666666666666667
1.0	2.0	0.0	0.0011445254194205328	5.333333333333333
1.0	2.0	0.0	0.0011491137246691066	6.0
1.0	1.0	0.0	0.0006343518954715043	5.318181818181818
1.0	1.0	0.0	0.0006559836373943521	5.681818181818182
1.0	1.0	0.0	0.0006559836373943521	5.681818181818182
1.0	2.0	0.0	0.0010215980455146256	3.909090909090909
1.0	3.0	0.0	0.0017884447995873565	4.7272727272727275
1.0	3.0	0.0	0.0014964417574661452	3.1363636363636362
1.0	3.0	0.0	0.0014860404629615616	3.1363636363636362
1.0	3.0	0.0	0.0015094970636949341	3.590909090909091
1.0	3.0	0.0	0.0014976522050130711	3.6363636363636362
1.0	3.0	0.0	0.0015822999040135193	3.772727272727273
1.0	3.0	0.0	0.0017164529808295671	4.363636363636363
1.0	3.0	0.0	0.0015943457918661374	3.5454545454545454
1.0	2.0	0.0	0.0010405868192532633	3.4545454545454546
1.0	3.0	0.0	0.001602044075780096	4.0
1.0	2.0	0.0	0.0012223807608162068	5.136363636363637
1.0	2.0	0.0	0.001048762444483319	3.9545454545454546
1.0	2.0	0.0	0.0010668356406157745	4.2727272727272725
1.0	3.0	0.0	0.0016233885735490524	3.9545454545454546
1.0	2.0	0.0	0.0010878650112179562	4.409090909090909
1.0	2.0	0.0	0.0013077008088035213	6.0
1.0	1.0	0.0	0.0005978729327604755	4.5
1.0	1.0	0.0	0.0006005915867673054	4.954545454545454
1.0	1.0	0.0	0.0007077893443866186	6.954545454545454
1.0	1.0	0.0	0.0005838814136557727	5.806451612903226
1.0	1.0	0.0	0.0005847555539766788	6.258064516129032
1.0	1.0	0.0	0.0005905033540422878	5.806451612903226
1.0	1.0	0.0	0.0005986267147263698	6.387096774193548
1.0	3.0	0.0	0.001516037698670856	5.129032258064516
1.0	3.0	0.0	0.0015128520866799756	4.516129032258065
1.0	2.0	0.0	0.0010524847840243092	5.096774193548387
1.0	3.0	0.0	0.001546912348803287	5.193548387096774
1.0	3.0	0.0	0.0014899813942659472	4.516129032258065
1.0	3.0	0.0	0.0014970863459615484	4.967741935483871
1.0	2.0	0.0	0.0010154814818202362	4.451612903225806
1.0	3.0	0.0	0.0014958351504182912	4.387096774193548
1.0	3.0	0.0	0.0015469606108389764	4.838709677419355
1.0	2.0	0.0	0.001034121771001058	4.903225806451613
1.0	3.0	0.0	0.001549898984353752	5.290322580645161
1.0	2.0	0.0	0.0010338548155206426	4.838709677419355
1.0	3.0	0.0	0.0015569317726187933	5.709677419354839
1.0	3.0	0.0	0.0015691099231552987	4.838709677419355
1.0	3.0	0.0	0.00159616094517036	5.419354838709677
1.0	3.0	0.0	0.00164128261650597	6.483870967741935
1.0	2.0	0.0	0.0010893605261880724	6.548387096774194
1.0	2.0	0.0	0.0010611082065417176	5.774193548387097
1.0	2.0	0.0	0.00111847271489379	7.32258064516129
1.0	1.0	0.0	0.0006120493095572337	7.451612903225806
1.0	2.0	0.0	0.0011163032475402224	7.387096774193548
1.0	3.0	0.0	0.0015911977219427087	6.419354838709677
1.0	2.0	0.0	0.0011256160659234688	8.161290322580646
1.0	2.0	0.0	0.0011041720998224546	7.258064516129032
1.0	2.0	0.0	0.0011041720998224546	7.258064516129032
1.0	2.0	0.0	0.0011270775622943155	8.096774193548388
1.0	2.0	0.0	0.0011270775622943155	8.096774193548388
1.0	2.0	0.0	0.0011339864103820055	8.935483870967742
1.0	2.0	0.0	0.0010408592684881379	5.6521739130434785
1.0	2.0	0.0	0.001040455728284467	5.434782608695652
1.0	1.0	0.0	0.0005752496912864952	4.565217391304348
1.0	2.0	0.0	0.0011986539178446198	6.086956521739131
1.0	2.0	0.0	0.000991837209241742	3.4782608695652173
1.0	3.0	0.0	0.0014720893605286128	3.5217391304347827
1.0	2.0	0.0	0.0010262709147033536	3.9565217391304346
1.0	3.0	0.0	0.0014514362063486207	3.3043478260869565
1.0	2.0	0.0	0.001032140248203584	4.217391304347826
1.0	3.0	0.0	0.001477078313135502	3.5652173913043477
1.0	3.0	0.0	0.001503304635562125	4.0
1.0	3.0	0.0	0.0014641853888171827	3.782608695652174
1.0	3.0	0.0	0.001518907877832157	3.608695652173913
1.0	3.0	0.0	0.0014566728333726604	3.5652173913043477
1.0	2.0	0.0	0.0010562047686611775	4.608695652173913
1.0	2.0	0.0	0.0010478695081392968	4.173913043478261
1.0	2.0	0.0	0.0010049127745764045	4.304347826086956
1.0	2.0	0.0	0.001001946434097484	4.086956521739131
1.0	3.0	0.0	0.001485530482956327	4.826086956521739
1.0	3.0	0.0	0.0014847453019591805	4.608695652173913
1.0	3.0	0.0	0.0016196739343399549	5.217391304347826
1.0	2.0	0.0	0.0010767538380042044	4.782608695652174
1.0	2.0	0.0	0.0010563498676303563	5.956521739130435
1.0	1.0	0.0	0.0006593864660462303	7.043478260869565
1.0	2.0	0.0	0.0010432750898294895	3.6956521739130435
1.0	1.0	0.0	0.0005917899243471657	4.739130434782608
1.0	1.0	0.0	0.0007001791844065828	6.3478260869565215
1.0	1.0	0.0	0.0007001791844065828	6.3478260869565215
1.0	3.0	0.0	0.0016665869732075322	3.739130434782609
1.0	3.0	0.0	0.0015054473474576664	3.4347826086956523
1.0	2.0	0.0	0.0010736163695639568	4.0
1.0	2.0	0.0	0.0010568278468680121	3.9130434782608696
1.0	3.0	0.0	0.001554002038891917	3.3043478260869565
1.0	3.0	0.0	0.001505235388305935	3.217391304347826
1.0	2.0	0.0	0.0011999219494944777	4.521739130434782
1.0	2.0	0.0	0.0011999219494944777	4.521739130434782
1.0	3.0	0.0	0.0014984977543073326	3.217391304347826
1.0	2.0	0.0	0.0012904657640888438	5.391304347826087
1.0	2.0	0.0	0.0012904657640888438	5.391304347826087
1.0	3.0	0.0	0.00157376161151819	3.782608695652174
1.0	3.0	0.0	0.0015475880503577994	3.9565217391304346
1.0	3.0	0.0	0.0016247647165691622	4.0
1.0	2.0	0.0	0.0010840919005208776	4.739130434782608
1.0	2.0	0.0	0.0010840919005208776	4.739130434782608
1.0	1.0	0.0	0.0006072678566556169	4.956521739130435
1.0	2.0	0.0	0.0011121539744774545	5.521739130434782
1.0	2.0	0.0	0.0011121539744774545	5.521739130434782
1.0	2.0	0.0	0.0011202284562036283	6.304347826086956
1.0	2.0	0.0	0.0010739840392420081	10.971014492753623
1.0	2.0	0.0	0.0010901811323706916	10.043478260869565
1.0	2.0	0.0	0.0011099150762040612	12.565217391304348
1.0	2.0	0.0	0.001075808553939519	8.73913043478261
1.0	1.0	0.0	0.0006126249539822352	12.130434782608695
1.0	1.0	0.0	0.0006026264317732827	10.710144927536232
1.0	1.0	0.0	0.0006206699718643557	13.521739130434783
1.0	1.0	0.0	0.0006294800735096363	14.36231884057971
1.0	1.0	0.0	0.0006323029609152374	15.231884057971014
1.0	2.0	0.0	0.0011159947136272909	7.927536231884058
1.0	1.0	0.0	0.0006243048250055183	9.0
1.0	2.0	0.0	0.0011222885069649164	8.507246376811594
1.0	1.0	0.0	0.0006276897180976545	9.231884057971014
1.0	1.0	0.0	0.00063571475321783	10.855072463768115
1.0	1.0	0.0	0.0006970722350102199	15.376811594202898
1.0	1.0	0.0	0.0006442362933864135	12.826086956521738
1.0	1.0	0.0	0.0006838165945187792	13.057971014492754
1.0	2.0	0.0	0.0011542482465189694	10.478260869565217
1.0	2.0	0.0	0.0011789499533864094	12.623188405797102
1.0	3.0	0.0	0.001579156057673476	10.27536231884058
1.0	3.0	0.0	0.0016414278670326293	11.144927536231885
1.0	3.0	0.0	0.0016079604229549504	9.72463768115942
1.0	3.0	0.0	0.001659626747299001	10.594202898550725
1.0	3.0	0.0	0.0015784706567168634	9.173913043478262
1.0	3.0	0.0	0.0016041030532625458	11.695652173913043
1.0	3.0	0.0	0.0016686880774922984	12.53623188405797
1.0	3.0	0.0	0.0017000331982440372	13.376811594202898
1.0	3.0	0.0	0.0017075171266509085	14.246376811594203
1.0	3.0	0.0	0.001698469548794029	13.405797101449275
1.0	1.0	0.0	0.0006171840414521353	11.579710144927537
1.0	3.0	0.0	0.0016127149068085236	8.333333333333334
1.0	1.0	0.0	0.0006290094181557752	14.391304347826088
1.0	2.0	0.0	0.0011294504510312667	9.144927536231885
1.0	2.0	0.0	0.0011073558089845646	8.159420289855072
1.0	2.0	0.0	0.0011721226925893507	9.985507246376812
1.0	2.0	0.0	0.001205505564522054	10.855072463768115
1.0	3.0	0.0	0.0016848251131756906	8.014492753623188
1.0	2.0	0.0	0.00124434798658368	11.753623188405797
1.0	2.0	0.0	0.0012897818973524036	12.681159420289855
1.0	3.0	0.0	0.0016422186962376404	7.869565217391305
1.0	2.0	0.0	0.0011414277961153574	8.681159420289855
1.0	2.0	0.0	0.001359516674754618	13.63768115942029
1.0	2.0	0.0	0.001119379606719427	8.043478260869565
1.0	2.0	0.0	0.0011800596115334227	9.521739130434783
1.0	2.0	0.0	0.0012101473004277612	10.391304347826088
1.0	2.0	0.0	0.0012477585203435472	11.289855072463768
1.0	3.0	0.0	0.0016960564744160338	8.246376811594203
1.0	1.0	0.0	0.0007306757998825701	14.623188405797102
1.0	3.0	0.0	0.0016509707730528156	8.797101449275363
1.0	2.0	0.0	0.0011455396723193973	9.608695652173912
1.0	2.0	0.0	0.0012916990084385536	12.217391304347826
1.0	2.0	0.0	0.0011822573668842733	10.44927536231884
1.0	2.0	0.0	0.0011303135420850919	9.318840579710145
1.0	2.0	0.0	0.0012118813044875968	11.318840579710145
1.0	2.0	0.0	0.0012485823018822378	12.217391304347826
1.0	2.0	0.0	0.0013613806848519626	13.173913043478262
1.0	3.0	0.0	0.0017207251740186096	9.869565217391305
1.0	2.0	0.0	0.0012925262176985176	13.144927536231885
1.0	3.0	0.0	0.0017851999049608303	13.434782608695652
1.0	2.0	0.0	0.0012355120023588334	14.333333333333334
1.0	3.0	0.0	0.0019402679850880366	15.26086956521739
1.0	3.0	0.0	0.001727727113453179	11.115942028985508
1.0	1.0	0.0	0.0007312896155043773	14.159420289855072
1.0	2.0	0.0	0.0013617472152042973	14.101449275362318
1.0	3.0	0.0	0.0017497436387928025	11.840579710144928
1.0	2.0	0.0	0.0012809396563945009	14.391304347826088
1.0	1.0	0.0	0.0007007983423588377	16.246376811594203
1.0	1.0	0.0	0.0007007983423588377	16.246376811594203
1.0	2.0	0.0	0.0012539495197430826	12.072463768115941
1.0	1.0	0.0	0.0007315857966630565	15.08695652173913
1.0	1.0	0.0	0.0006007859611467041	4.142857142857143
1.0	1.0	0.0	0.0006034622928929829	4.238095238095238
1.0	1.0	0.0	0.0006780271701407237	5.380952380952381
1.0	2.0	0.0	0.0011349322454798643	3.380952380952381
1.0	2.0	0.0	0.0011580110481404866	3.6666666666666665
1.0	4.0	0.0	0.0024982014130716635	4.619047619047619
1.0	2.0	0.0	0.0011893444005475148	3.9523809523809526
1.0	1.0	0.0	0.0006801119735143974	5.571428571428571
1.0	1.0	0.0	0.0006801119735143974	5.571428571428571
1.0	1.0	0.0	0.0006801119735143974	5.571428571428571
1.0	3.0	0.0	0.0015900022661795845	2.9047619047619047
1.0	3.0	0.0	0.0016041767018518751	3.0
1.0	3.0	0.0	0.0016075696585237693	3.1904761904761907
1.0	3.0	0.0	0.0015545280339369894	3.4761904761904763
1.0	3.0	0.0	0.0015594314554736336	3.5714285714285716
1.0	3.0	0.0	0.001608331768020672	3.2857142857142856
1.0	2.0	0.0	0.0010848949919740106	4.238095238095238
1.0	2.0	0.0	0.0010829396800648104	4.333333333333333
1.0	2.0	0.0	0.0011033408693424786	5.0
1.0	2.0	0.0	0.0011058103150901296	5.095238095238095
1.0	3.0	0.0	0.0018651520266597479	4.428571428571429
1.0	1.0	0.0	0.0006780271701407237	5.380952380952381
1.0	3.0	0.0	0.001568400315422384	5.2727272727272725
1.0	2.0	0.0	0.001059153859738436	4.136363636363637
1.0	3.0	0.0	0.001517231919044635	4.5
1.0	2.0	0.0	0.001046750001237862	5.2272727272727275
1.0	2.0	0.0	0.001048403233949569	5.7727272727272725
1.0	2.0	0.0	0.0011267860927853864	7.590909090909091
1.0	2.0	0.0	0.0011192767402747447	6.818181818181818
1.0	2.0	0.0	0.0011192767402747447	6.818181818181818
1.0	2.0	0.0	0.001093640731950151	6.045454545454546
1.0	2.0	0.0	0.001093640731950151	6.045454545454546
1.0	3.0	0.0	0.0015463500001215403	4.7727272727272725
1.0	2.0	0.0	0.0010627568930961736	4.545454545454546
1.0	2.0	0.0	0.0010627568930961736	4.545454545454546
1.0	3.0	0.0	0.0015543665200540883	4.090909090909091
1.0	2.0	0.0	0.0010640740101107286	4.318181818181818
1.0	2.0	0.0	0.0010640740101107286	4.318181818181818
1.0	2.0	0.0	0.0010516589277882267	4.2727272727272725
1.0	3.0	0.0	0.0015109145183920306	4.954545454545454
1.0	3.0	0.0	0.0015254239156689134	5.590909090909091
1.0	2.0	0.0	0.001062946162741771	5.7272727272727275
1.0	2.0	0.0	0.0010680158327868723	6.363636363636363
1.0	2.0	0.0	0.001088721081725653	6.5
1.0	2.0	0.0	0.0010902910473197538	7.136363636363637
1.0	1.0	0.0	0.0006256589769185029	7.92
1.0	2.0	0.0	0.0010272894134319538	4.04
1.0	1.0	0.0	0.0005906386826671612	4.88
1.0	3.0	0.0	0.0015998909413668188	4.36
1.0	3.0	0.0	0.0015399009930659891	4.16
1.0	2.0	0.0	0.0010417558050731916	4.32
1.0	2.0	0.0	0.0010439051387262593	4.6
1.0	3.0	0.0	0.0015942355846716885	4.12
1.0	3.0	0.0	0.0015210687133384118	3.68
1.0	3.0	0.0	0.0015698383054870697	3.92
1.0	3.0	0.0	0.0015651292638663669	4.72
1.0	1.0	0.0	0.0005996606420065117	5.32
1.0	1.0	0.0	0.0005980498529479922	5.08
1.0	3.0	0.0	0.0015072438748201223	3.76
1.0	2.0	0.0	0.0010920899141287185	5.52
1.0	2.0	0.0	0.0010920899141287185	5.52
1.0	3.0	0.0	0.001518487419959167	4.32
1.0	2.0	0.0	0.001118196133957475	6.32
1.0	2.0	0.0	0.001118196133957475	6.32
1.0	3.0	0.0	0.0015540909982564122	4.8
1.0	2.0	0.0	0.0011256950543470558	7.12
1.0	2.0	0.0	0.0010884099136521687	5.52
1.0	2.0	0.0	0.0010884099136521687	5.52
1.0	2.0	0.0	0.0011151300977133192	6.24
1.0	2.0	0.0	0.0011151300977133192	6.24
1.0	3.0	0.0	0.0016875327710441645	6.96
1.0	1.0	0.0	0.0006251745388496442	6.888888888888889
1.0	1.0	0.0	0.0006244084358051434	6.962962962962963
1.0	1.0	0.0	0.0005994006761183624	5.925925925925926
1.0	1.0	0.0	0.000601160809890775	5.777777777777778
1.0	1.0	0.0	0.0006147792178647738	6.222222222222222
1.0	1.0	0.0	0.0006072228728203937	5.2592592592592595
1.0	1.0	0.0	0.0006834588559150132	8.666666666666666
1.0	3.0	0.0	0.0015435881799497723	4.074074074074074
1.0	2.0	0.0	0.0010693881277128716	4.148148148148148
1.0	2.0	0.0	0.0011765879426190154	6.888888888888889
1.0	3.0	0.0	0.0015311488875993878	4.222222222222222
1.0	3.0	0.0	0.0016017093974373653	4.962962962962963
1.0	3.0	0.0	0.0016017321559984358	4.814814814814815
1.0	3.0	0.0	0.0015681568649814912	4.592592592592593
1.0	3.0	0.0	0.0016472009555373876	5.2592592592592595
1.0	2.0	0.0	0.0010939913923936908	5.333333333333333
1.0	3.0	0.0	0.001628403180779538	4.296296296296297
1.0	3.0	0.0	0.0016875703698463892	5.925925925925926
1.0	3.0	0.0	0.0016850178166157362	6.0
1.0	2.0	0.0	0.0011298224956128714	6.666666666666667
1.0	3.0	0.0	0.0015924681039463447	4.592592592592593
1.0	2.0	0.0	0.0010973409276908968	5.111111111111111
1.0	2.0	0.0	0.0010973409276908968	5.111111111111111
1.0	2.0	0.0	0.0011055121813088938	5.62962962962963
1.0	2.0	0.0	0.0011055121813088938	5.62962962962963
1.0	3.0	0.0	0.0016479259069757056	6.148148148148148
1.0	3.0	0.0	0.0018834518725518185	7.703703703703703
1.0	1.0	0.0	0.0006834588559150132	8.666666666666666
1.0	1.0	0.0	0.0005995851831946982	5.2272727272727275
1.0	1.0	0.0	0.0006008603516482594	5.090909090909091
1.0	1.0	0.0	0.000610500684652675	4.7727272727272725
1.0	3.0	0.0	0.0015435699391310785	3.4545454545454546
1.0	2.0	0.0	0.0010733291159136322	3.590909090909091
1.0	1.0	0.0	0.0006323729048960578	7.2272727272727275
1.0	3.0	0.0	0.001530629259857772	3.590909090909091
1.0	3.0	0.0	0.0015999973121844063	4.2727272727272725
1.0	3.0	0.0	0.0016029832235802616	4.136363636363637
1.0	3.0	0.0	0.001560866878437738	4.0
1.0	2.0	0.0	0.0010908550896577196	4.681818181818182
1.0	2.0	0.0	0.0010908550896577196	4.681818181818182
1.0	2.0	0.0	0.0011174376610569247	5.363636363636363
1.0	2.0	0.0	0.0011174376610569247	5.363636363636363
1.0	3.0	0.0	0.0016374649954829976	3.8181818181818183
1.0	3.0	0.0	0.0016894734976102446	6.045454545454546
1.0	3.0	0.0	0.0016125656570292063	4.2272727272727275
1.0	1.0	0.0	0.0006265539338332608	7.0
1.0	2.0	0.0	0.0011148584793262617	4.909090909090909
1.0	2.0	0.0	0.0011148584793262617	4.909090909090909
1.0	2.0	0.0	0.0011334053910843234	5.590909090909091
1.0	2.0	0.0	0.0011334053910843234	5.590909090909091
1.0	3.0	0.0	0.0017110439999379683	6.2727272727272725
1.0	1.0	0.0	0.000598417550387097	5.458333333333333
1.0	1.0	0.0	0.0006005257349744067	5.416666666666667
1.0	1.0	0.0	0.0006100983280634487	5.208333333333333
1.0	1.0	0.0	0.0006617064457831241	7.458333333333333
1.0	1.0	0.0	0.0006617064457831241	7.458333333333333
1.0	3.0	0.0	0.001542003639330158	3.75
1.0	2.0	0.0	0.00107188648636422	3.9583333333333335
1.0	3.0	0.0	0.0018094525097715113	6.5
1.0	1.0	0.0	0.000632241516475457	7.791666666666667
1.0	3.0	0.0	0.0015249660865796735	3.7916666666666665
1.0	3.0	0.0	0.0015982098295447029	4.5
1.0	3.0	0.0	0.0015998780247114825	4.458333333333333
1.0	3.0	0.0	0.0015520105914782058	4.083333333333333
1.0	2.0	0.0	0.0010802573083874556	4.625
1.0	2.0	0.0	0.0010802573083874556	4.625
1.0	3.0	0.0	0.0016372448251901358	4.25
1.0	2.0	0.0	0.0011035633266317292	5.166666666666667
1.0	2.0	0.0	0.0011035633266317292	5.166666666666667
1.0	3.0	0.0	0.0016531793486905927	5.708333333333333
1.0	3.0	0.0	0.001611798260466874	4.708333333333333
1.0	2.0	0.0	0.0011149064221866148	5.416666666666667
1.0	2.0	0.0	0.0011149064221866148	5.416666666666667
1.0	2.0	0.0	0.0011330914826771699	6.125
1.0	2.0	0.0	0.0011330914826771699	6.125
1.0	3.0	0.0	0.0017111570571188843	6.833333333333333
1.0	1.0	0.0	0.0005993169955847118	5.142857142857143
1.0	1.0	0.0	0.0006010006147764384	4.9523809523809526
1.0	1.0	0.0	0.000610372488307577	4.571428571428571
1.0	3.0	0.0	0.0015439228497992185	3.3333333333333335
1.0	2.0	0.0	0.0010729592868259248	3.4285714285714284
1.0	1.0	0.0	0.0006323130005186509	6.9523809523809526
1.0	3.0	0.0	0.0015296282194225512	3.5238095238095237
1.0	3.0	0.0	0.0016003793514578783	4.190476190476191
1.0	3.0	0.0	0.001602235566962139	4.0
1.0	3.0	0.0	0.00156079337143584	4.0
1.0	2.0	0.0	0.0010895543623180366	4.761904761904762
1.0	2.0	0.0	0.0010895543623180366	4.761904761904762
1.0	3.0	0.0	0.0016377474138299139	3.619047619047619
1.0	2.0	0.0	0.0011167970168367578	5.523809523809524
1.0	2.0	0.0	0.0011167970168367578	5.523809523809524
1.0	3.0	0.0	0.0016122881507324004	4.0
1.0	2.0	0.0	0.0011238993949551739	6.285714285714286
1.0	2.0	0.0	0.0011149930657202724	4.666666666666667
1.0	2.0	0.0	0.0011149930657202724	4.666666666666667
1.0	2.0	0.0	0.0011332708317310627	5.333333333333333
1.0	2.0	0.0	0.0011332708317310627	5.333333333333333
1.0	3.0	0.0	0.0017112181314008763	6.0
1.0	1.0	0.0	0.000608660159523932	3.5294117647058822
1.0	1.0	0.0	0.0006160776096152466	3.764705882352941
1.0	2.0	0.0	0.0010876352605235634	2.9411764705882355
1.0	2.0	0.0	0.0011880990127028646	3.2941176470588234
1.0	2.0	0.0	0.0012795868063148687	4.117647058823529
1.0	1.0	0.0	0.0006963313284911337	5.0588235294117645
1.0	4.0	0.0	0.002182156640444085	2.588235294117647
1.0	2.0	0.0	0.0012090576968008093	3.411764705882353
1.0	3.0	0.0	0.0016323272548185272	2.588235294117647
1.0	3.0	0.0	0.0015713023972295085	2.7058823529411766
1.0	3.0	0.0	0.0016570321860945457	2.823529411764706
1.0	3.0	0.0	0.0015745900935407913	2.9411764705882355
1.0	1.0	0.0	0.0006630607346011468	4.352941176470588
1.0	2.0	0.0	0.0010931399062563555	3.2941176470588234
1.0	2.0	0.0	0.0010923350057786764	3.5294117647058822
1.0	3.0	0.0	0.0016728548382708777	4.117647058823529
1.0	2.0	0.0	0.0011118619416676193	3.8823529411764706
1.0	1.0	0.0	0.0006207773548703595	5.0588235294117645
