Constant_feature	Degree	Clustering_coefficient	Pagerank	Aver_path_len
1.0	2.0	0.0	0.050809543212749345	4.105263157894737
1.0	1.0	0.0	0.0254651603999851	3.6842105263157894
1.0	1.0	0.0	0.025987425865745012	4.526315789473684
1.0	1.0	0.0	0.026329501529831066	5.157894736842105
1.0	1.0	0.0	0.02786478129193669	5.052631578947368
1.0	3.0	0.0	0.06692846772794273	2.736842105263158
1.0	3.0	0.0	0.06740014458770738	2.9473684210526314
1.0	3.0	0.0	0.06821711912420662	2.736842105263158
1.0	3.0	0.0	0.06910671403234153	3.263157894736842
1.0	3.0	0.0	0.06910671403234153	3.263157894736842
1.0	3.0	0.0	0.06995666576820672	3.5789473684210527
1.0	2.0	0.0	0.046549175927648095	3.5789473684210527
1.0	2.0	0.0	0.04702802899905878	4.0
1.0	2.0	0.0	0.04702802899905878	4.0
1.0	2.0	0.0	0.047326201531817116	4.526315789473684
1.0	3.0	0.0	0.07110044422726458	4.2105263157894735
1.0	2.0	0.0	0.047443212767738815	4.2105263157894735
1.0	2.0	0.0	0.04767834546973387	4.842105263157895
1.0	2.0	0.0	0.050809543212749345	4.105263157894737
1.0	1.0	0.0	0.02786478129193669	5.052631578947368
