Constant_feature	Degree	Clustering_coefficient	Pagerank	Aver_path_len
1.0	1.0	0.0	0.024671215624672768	4.904761904761905
1.0	1.0	0.0	0.024671215624672768	4.904761904761905
1.0	1.0	0.0	0.023406397766738404	6.0476190476190474
1.0	1.0	0.0	0.022825483075223085	4.238095238095238
1.0	2.0	0.0	0.039715210183949544	3.2857142857142856
1.0	3.0	0.0	0.06044094513727974	3.1904761904761907
1.0	3.0	0.0	0.05863652467508074	3.761904761904762
1.0	3.0	0.0	0.05882937006615963	3.0
1.0	3.0	0.0	0.0584019313414155	3.5714285714285716
1.0	2.0	0.0	0.04026823934367142	3.4761904761904763
1.0	3.0	0.0	0.060932468613525234	3.2857142857142856
1.0	2.0	0.0	0.04099694961194818	4.428571428571429
1.0	3.0	0.0	0.06708599450156638	3.9523809523809526
1.0	2.0	0.0	0.04087732335397087	4.238095238095238
1.0	3.0	0.0	0.06065362978911126	3.761904761904762
1.0	3.0	0.0	0.06287195118794053	5.095238095238095
1.0	2.0	0.0	0.041800668679560164	4.904761904761905
1.0	2.0	0.0	0.04202994175871041	4.523809523809524
1.0	2.0	0.0	0.04202994175871041	4.523809523809524
1.0	2.0	0.0	0.04286566791230292	5.285714285714286
1.0	2.0	0.0	0.04286566791230292	5.285714285714286
1.0	2.0	0.0	0.04312326208148687	6.0476190476190474
