Constant_feature	Degree	Clustering_coefficient	Pagerank	Aver_path_len
1.0	2.0	0.0	0.04013611908260686	5.458333333333333
1.0	1.0	0.0	0.021687274224236393	5.541666666666667
1.0	1.0	0.0	0.021687274224236393	5.541666666666667
1.0	2.0	0.0	0.03666465118880052	3.5833333333333335
1.0	3.0	0.0	0.064193952736283	5.708333333333333
1.0	2.0	0.0	0.034261981711330616	4.0
1.0	3.0	0.0	0.058956572365765986	4.583333333333333
1.0	3.0	0.0	0.050642436618332856	3.0416666666666665
1.0	3.0	0.0	0.050245514846747566	3.25
1.0	3.0	0.0	0.05022824567406621	3.3333333333333335
1.0	2.0	0.0	0.038828635635002995	4.208333333333333
1.0	3.0	0.0	0.0504448408336736	3.7083333333333335
1.0	3.0	0.0	0.05043075983436396	3.7916666666666665
1.0	2.0	0.0	0.04072983933935107	4.916666666666667
1.0	3.0	0.0	0.05306800203822026	3.7916666666666665
1.0	2.0	0.0	0.035349806203328026	3.9583333333333335
1.0	2.0	0.0	0.03544948186905861	4.5
1.0	2.0	0.0	0.03542960245436478	4.416666666666667
1.0	3.0	0.0	0.05426868404971214	4.583333333333333
1.0	2.0	0.0	0.03623644896219692	4.583333333333333
1.0	2.0	0.0	0.036224632152024455	5.041666666666667
1.0	2.0	0.0	0.03625931318833512	5.041666666666667
1.0	1.0	0.0	0.023257513869682365	6.666666666666667
1.0	1.0	0.0	0.023257513869682365	6.666666666666667
1.0	1.0	0.0	0.022060903028596753	6.416666666666667
