Constant_feature	Degree	Clustering_coefficient	Pagerank	Aver_path_len
1.0	1.0	0.0	0.016889880481445692	9.742857142857142
1.0	4.0	0.0	0.050266984486325224	4.828571428571428
1.0	1.0	0.0	0.014506891813662307	8.857142857142858
1.0	2.0	0.0	0.02440465645523787	5.542857142857143
1.0	1.0	0.0	0.013992399032422744	6.714285714285714
1.0	2.0	0.0	0.0253704795453032	4.885714285714286
1.0	2.0	0.0	0.025523011699262126	5.285714285714286
1.0	1.0	0.0	0.014088234349068252	5.8
1.0	1.0	0.0	0.014264342081443187	8.114285714285714
1.0	1.0	0.0	0.01458851824029755	9.6
1.0	2.0	0.0	0.025455436649835544	7.085714285714285
1.0	1.0	0.0	0.015369949342326768	9.628571428571428
1.0	1.0	0.0	0.015369949342326768	9.628571428571428
1.0	3.0	0.0	0.036464635703208376	6.4
1.0	3.0	0.0	0.03969745919256219	5.457142857142857
1.0	2.0	0.0	0.02607508254396296	7.885714285714286
1.0	3.0	0.0	0.04197421577397289	8.657142857142857
1.0	3.0	0.0	0.036257024056770115	5.171428571428572
1.0	3.0	0.0	0.03738215729758888	5.742857142857143
1.0	2.0	0.0	0.02474234448492146	6.114285714285714
1.0	3.0	0.0	0.03583447136615148	5.885714285714286
1.0	2.0	0.0	0.02507110854367926	5.0
1.0	3.0	0.0	0.038291159036133594	7.142857142857143
1.0	2.0	0.0	0.02544694064012645	7.142857142857143
1.0	2.0	0.0	0.027533808001239356	6.2
1.0	2.0	0.0	0.028551152562345743	7.0
1.0	3.0	0.0	0.03909419344312114	7.885714285714286
1.0	1.0	0.0	0.01468650065107087	6.428571428571429
1.0	3.0	0.0	0.039372087299722934	8.628571428571428
1.0	2.0	0.0	0.02973718783161418	7.857142857142857
1.0	2.0	0.0	0.025410167995370672	5.8
1.0	2.0	0.0	0.03136205142580698	8.771428571428572
1.0	3.0	0.0	0.03715811744359719	6.371428571428571
1.0	2.0	0.0	0.025534444289481165	7.171428571428572
1.0	2.0	0.0	0.02579870056369223	7.885714285714286
1.0	3.0	0.0	0.038434256334902495	7.8
