Constant_feature	Degree	Clustering_coefficient	Pagerank	Aver_path_len
1.0	1.0	0.0	0.035037106734779125	4.357142857142857
1.0	2.0	0.0	0.06159024688702622	3.5714285714285716
1.0	1.0	0.0	0.035187191771135676	4.857142857142857
1.0	2.0	0.0	0.06157034688136348	3.642857142857143
1.0	2.0	0.0	0.060274789781219515	2.7857142857142856
1.0	3.0	0.0	0.0938657744002992	4.142857142857143
1.0	2.0	0.0	0.0625329681629066	4.214285714285714
1.0	3.0	0.0	0.08921194023969176	3.0
1.0	1.0	0.0	0.03482644576281522	5.071428571428571
1.0	3.0	0.0	0.08947930784357086	2.7142857142857144
1.0	2.0	0.0	0.061881428725120965	3.0714285714285716
1.0	2.0	0.0	0.06187535177858811	3.2142857142857144
1.0	3.0	0.0	0.09456597981967618	3.4285714285714284
1.0	2.0	0.0	0.06303051050607526	3.5714285714285716
1.0	3.0	0.0	0.09507061070573189	3.9285714285714284
