Constant_feature	Degree	Clustering_coefficient	Pagerank	Aver_path_len
1.0	2.0	0.0	0.04092463933893476	3.9523809523809526
1.0	2.0	0.0	0.04678086097120049	5.523809523809524
1.0	1.0	0.0	0.02432806046532007	5.714285714285714
1.0	2.0	0.0	0.046359042829268685	5.380952380952381
1.0	2.0	0.0	0.046524335032769204	5.9523809523809526
1.0	2.0	0.0	0.0412305232891062	4.142857142857143
1.0	2.0	0.0	0.04055033635757181	3.6666666666666665
1.0	3.0	0.0	0.061500306890452425	4.190476190476191
1.0	3.0	0.0	0.06252142180885951	4.380952380952381
1.0	3.0	0.0	0.059763357388731314	3.6666666666666665
1.0	3.0	0.0	0.06594331327847493	4.761904761904762
1.0	1.0	0.0	0.023301659474984294	5.333333333333333
1.0	3.0	0.0	0.060254811509217424	3.761904761904762
1.0	2.0	0.0	0.04156880490686999	4.142857142857143
1.0	3.0	0.0	0.06315959445353048	4.523809523809524
1.0	2.0	0.0	0.04167663356840527	4.333333333333333
1.0	3.0	0.0	0.06348331854609868	5.095238095238095
1.0	2.0	0.0	0.04234597217354788	4.714285714285714
1.0	2.0	0.0	0.04989633765188413	6.380952380952381
1.0	1.0	0.0	0.026998255051334963	7.333333333333333
1.0	1.0	0.0	0.02540758985571402	6.333333333333333
1.0	1.0	0.0	0.02548082515772322	6.904761904761905
