Constant_feature	Degree	Clustering_coefficient	Pagerank	Aver_path_len
1.0	2.0	0.0	0.060423530413516904	2.7857142857142856
1.0	0.0	0.0	0.0	0.0
1.0	1.0	0.0	0.035049852570186536	4.357142857142857
1.0	1.0	0.0	0.03519932203482921	4.857142857142857
1.0	3.0	0.0	0.0895903079988716	2.7142857142857144
1.0	3.0	0.0	0.08960185276773991	3.0
1.0	2.0	0.0	0.0619265540937908	3.0714285714285716
1.0	2.0	0.0	0.06192206762363045	3.2142857142857144
1.0	3.0	0.0	0.09461191865763055	3.4285714285714284
1.0	3.0	0.0	0.09510755238095417	3.9285714285714284
1.0	2.0	0.0	0.06306464281585128	3.5714285714285716
1.0	2.0	0.0	0.061937130033132226	3.642857142857143
1.0	2.0	0.0	0.061937130033132226	3.642857142857143
1.0	2.0	0.0	0.06309043481181416	4.285714285714286
1.0	2.0	0.0	0.06309043481181416	4.285714285714286
1.0	2.0	0.0	0.06344726895310586	4.928571428571429
