Constant_feature	Degree	Clustering_coefficient	Pagerank	Aver_path_len
1.0	1.0	0.0	0.008347466287588454	13.323076923076924
1.0	1.0	0.0	0.008347466287588454	13.323076923076924
1.0	1.0	0.0	0.008347466287588454	13.323076923076924
1.0	2.0	0.0	0.013020231640541698	8.923076923076923
1.0	2.0	0.0	0.013980711513508545	8.0
1.0	2.0	0.0	0.013313947237516902	6.7384615384615385
1.0	1.0	0.0	0.00728186913384752	6.769230769230769
1.0	1.0	0.0	0.007502038094427482	8.76923076923077
1.0	2.0	0.0	0.014505347344560701	7.415384615384616
1.0	1.0	0.0	0.00751806154770706	7.723076923076923
1.0	2.0	0.0	0.01364176473145102	6.061538461538461
1.0	1.0	0.0	0.008385082169683582	9.907692307692308
1.0	1.0	0.0	0.0076647930161103574	8.492307692307692
1.0	1.0	0.0	0.008539048814631389	9.323076923076924
1.0	1.0	0.0	0.007771200906110814	7.323076923076923
1.0	1.0	0.0	0.007721044230504171	7.661538461538462
1.0	1.0	0.0	0.007732003606755956	9.323076923076924
1.0	2.0	0.0	0.013697434437397002	7.6923076923076925
1.0	3.0	0.0	0.018522889286546256	6.369230769230769
1.0	4.0	0.0	0.024867579007635657	7.107692307692307
1.0	4.0	0.0	0.025611288212014943	6.923076923076923
1.0	3.0	0.0	0.01889764496425666	7.969230769230769
1.0	3.0	0.0	0.018829252617550512	6.0
1.0	4.0	0.0	0.025631528793279134	5.7846153846153845
1.0	3.0	0.0	0.019957694560800217	7.7846153846153845
1.0	2.0	0.0	0.013170904664161327	8.523076923076923
1.0	4.0	0.0	0.026639197993607092	6.4
1.0	2.0	0.0	0.012970312847391172	8.061538461538461
1.0	3.0	0.0	0.02001107185386616	6.7384615384615385
1.0	2.0	0.0	0.013152432959187724	5.907692307692308
1.0	3.0	0.0	0.019472151130821392	6.153846153846154
1.0	1.0	0.0	0.007278105721314749	7.907692307692308
1.0	3.0	0.0	0.01988631130098126	6.523076923076923
1.0	3.0	0.0	0.019569751671090048	5.815384615384615
1.0	3.0	0.0	0.01998708506221516	6.276923076923077
1.0	1.0	0.0	0.007509352983779454	7.384615384615385
1.0	1.0	0.0	0.007509352983779454	7.384615384615385
1.0	1.0	0.0	0.00751165113226414	7.2615384615384615
1.0	3.0	0.0	0.022898304554105367	8.923076923076923
1.0	3.0	0.0	0.020497709641875715	7.507692307692308
1.0	1.0	0.0	0.008385082169683582	9.907692307692308
1.0	3.0	0.0	0.02341158543369799	8.338461538461539
1.0	3.0	0.0	0.020854587480440223	6.338461538461538
1.0	3.0	0.0	0.020313190051455106	8.338461538461539
1.0	3.0	0.0	0.020685257473715805	6.676923076923077
1.0	1.0	0.0	0.008539048814631389	9.323076923076924
1.0	2.0	0.0	0.014053107476795043	9.261538461538462
1.0	2.0	0.0	0.014053107476795043	9.261538461538462
1.0	3.0	0.0	0.019885805558507615	7.076923076923077
1.0	2.0	0.0	0.01432133810403433	10.184615384615384
1.0	2.0	0.0	0.01432133810403433	10.184615384615384
1.0	2.0	0.0	0.01440376573372588	11.107692307692307
1.0	3.0	0.0	0.020000980646409657	7.907692307692308
1.0	2.0	0.0	0.013912133341884285	8.830769230769231
1.0	2.0	0.0	0.013912133341884285	8.830769230769231
1.0	3.0	0.0	0.020724120808584785	8.338461538461539
1.0	2.0	0.0	0.014213691275532278	9.753846153846155
1.0	2.0	0.0	0.014213691275532278	9.753846153846155
1.0	3.0	0.0	0.020283890200319444	9.046153846153846
1.0	2.0	0.0	0.014307977099442004	10.676923076923076
1.0	2.0	0.0	0.013947515718828829	9.846153846153847
1.0	2.0	0.0	0.013947515718828829	9.846153846153847
1.0	2.0	0.0	0.014102935003526561	10.646153846153846
1.0	2.0	0.0	0.014102935003526561	10.646153846153846
1.0	3.0	0.0	0.021041016333543047	11.446153846153846
1.0	4.0	0.0	0.030363699124597524	12.338461538461539
