Constant_feature	Degree	Clustering_coefficient	Pagerank	Aver_path_len
1.0	1.0	0.0	0.012661007521804334	14.073170731707316
1.0	1.0	0.0	0.012661007521804334	14.073170731707316
1.0	4.0	0.0	0.04492520878280762	11.487804878048781
1.0	2.0	0.0	0.022769770248169154	12.317073170731707
1.0	4.0	0.0	0.04492520878280762	11.487804878048781
1.0	3.0	0.0	0.03426484251524294	13.097560975609756
1.0	3.0	0.0	0.03272909180160559	10.75609756097561
1.0	3.0	0.0	0.03272909180160559	10.75609756097561
1.0	2.0	0.0	0.022765306224136188	12.365853658536585
1.0	3.0	0.0	0.03367903615859415	11.536585365853659
1.0	2.0	0.0	0.022769770248169147	12.317073170731707
1.0	1.0	0.0	0.012489715107317199	12.463414634146341
1.0	1.0	0.0	0.012489715107317199	12.463414634146341
1.0	3.0	0.0	0.03367903615859415	11.536585365853659
1.0	1.0	0.0	0.012489715107317195	12.463414634146341
1.0	1.0	0.0	0.012489715107317195	12.463414634146341
1.0	3.0	0.0	0.03426484251524294	13.097560975609756
1.0	2.0	0.0	0.022521229443471784	10.21951219512195
1.0	2.0	0.0	0.022521229443471784	10.21951219512195
1.0	1.0	0.0	0.012485251083284233	12.512195121951219
1.0	2.0	0.0	0.022765306224136188	12.365853658536585
1.0	1.0	0.0	0.012485251083284233	12.512195121951219
1.0	2.0	0.0	0.022939100570732347	9.731707317073171
1.0	2.0	0.0	0.02293910057073234	9.731707317073171
1.0	3.0	0.0	0.034742156546127584	9.292682926829269
1.0	3.0	0.0	0.034742156546127584	9.292682926829269
1.0	1.0	0.0	0.012804022578775807	10.268292682926829
1.0	1.0	0.0	0.012804022578775807	10.268292682926829
1.0	2.0	0.0	0.023369451920699516	8.951219512195122
1.0	2.0	0.0	0.023369451920699516	8.951219512195122
1.0	2.0	0.0	0.023478059278336554	8.658536585365853
1.0	2.0	0.0	0.023478059278336554	8.658536585365853
1.0	2.0	0.0	0.023514347232509985	8.414634146341463
1.0	2.0	0.0	0.023514347232509985	8.414634146341463
1.0	3.0	0.0	0.035225975544780415	8.21951219512195
1.0	3.0	0.0	0.035225975544780415	8.21951219512195
1.0	1.0	0.0	0.012948917890586276	9.195121951219512
1.0	2.0	0.0	0.02357790367980698	8.121951219512194
1.0	1.0	0.0	0.012948917890586276	9.195121951219512
1.0	2.0	0.0	0.02357790367980698	8.121951219512194
1.0	2.0	0.0	0.023619890763894008	8.073170731707316
1.0	2.0	0.0	0.023619890763894	8.073170731707316
