Constant_feature	Degree	Clustering_coefficient	Pagerank	Aver_path_len
1.0	1.0	0.0	0.02197836684617621	4.863636363636363
1.0	2.0	0.0	0.04043025506551422	3.772727272727273
1.0	1.0	0.0	0.022514582005903547	5.045454545454546
1.0	2.0	0.0	0.041605263654268615	6.909090909090909
1.0	2.0	0.0	0.03906165270871456	4.818181818181818
1.0	1.0	0.0	0.02223911355387109	6.2727272727272725
1.0	3.0	0.0	0.0591702259077123	4.590909090909091
1.0	3.0	0.0	0.05898952378460717	5.181818181818182
1.0	2.0	0.0	0.040726940012196525	5.363636363636363
1.0	2.0	0.0	0.040726940012196525	5.363636363636363
1.0	3.0	0.0	0.05971747041578476	3.5454545454545454
1.0	2.0	0.0	0.04139873556059488	6.136363636363637
1.0	2.0	0.0	0.04139873556059488	6.136363636363637
1.0	3.0	0.0	0.05713387832710612	3.5
1.0	3.0	0.0	0.06055382182427098	4.090909090909091
1.0	3.0	0.0	0.056366771900469306	4.545454545454546
1.0	3.0	0.0	0.05607567925125198	4.136363636363637
1.0	2.0	0.0	0.03831020653799476	3.8181818181818183
1.0	3.0	0.0	0.05876754567913153	3.909090909090909
1.0	1.0	0.0	0.022263499146567195	4.5
1.0	2.0	0.0	0.038888554217054436	4.2272727272727275
1.0	3.0	0.0	0.05963763462076588	5.318181818181818
1.0	1.0	0.0	0.02204460340725232	6.136363636363637
