Constant_feature	Degree	Clustering_coefficient	Pagerank	Aver_path_len
1.0	2.0	0.0	0.05112206179934113	5.421052631578948
1.0	2.0	0.0	0.04289229439307973	3.210526315789474
1.0	4.0	0.0	0.08015264983193313	3.210526315789474
1.0	3.0	0.0	0.06112408030536474	4.2631578947368425
1.0	3.0	0.0	0.06112408030536473	4.2631578947368425
1.0	3.0	0.0	0.06112408030536473	4.2631578947368425
1.0	2.0	0.0	0.04137238737715551	3.8421052631578947
1.0	2.0	0.0	0.04137238737715551	3.8421052631578947
1.0	2.0	0.0	0.04137238737715551	3.8421052631578947
1.0	2.0	0.0	0.04167527900161372	4.894736842105263
1.0	2.0	0.0	0.04167527900161372	4.894736842105263
1.0	2.0	0.0	0.04167527900161372	4.894736842105263
1.0	2.0	0.0	0.0441271091117882	3.3157894736842106
1.0	3.0	0.0	0.06608757263234821	3.526315789473684
1.0	2.0	0.0	0.04574360434347486	4.052631578947368
1.0	2.0	0.0	0.045877299398741245	4.2631578947368425
1.0	3.0	0.0	0.06972650112320117	4.578947368421052
1.0	2.0	0.0	0.046781445582128954	4.7894736842105265
1.0	2.0	0.0	0.046969000835583516	5.315789473684211
1.0	1.0	0.0	0.028005220895977706	6.368421052631579
