Constant_feature	Degree	Clustering_coefficient	Pagerank	Aver_path_len
1.0	2.0	0.0	0.043977504883339666	3.35
1.0	1.0	0.0	0.024190766902049417	4.0
1.0	1.0	0.0	0.024597499916975275	4.05
1.0	3.0	0.0	0.06816352013920862	5.65
1.0	3.0	0.0	0.06377893594267384	3.6
1.0	2.0	0.0	0.04398693985534483	4.4
1.0	2.0	0.0	0.04398693985534483	4.4
1.0	4.0	0.0	0.08635112474716367	3.05
1.0	2.0	0.0	0.04464727444498273	5.2
1.0	2.0	0.0	0.04464727444498273	5.2
1.0	3.0	0.0	0.06459747818314772	3.7
1.0	3.0	0.0	0.06611748308796096	3.1
1.0	2.0	0.0	0.044497732512772684	4.35
1.0	2.0	0.0	0.044497732512772684	4.35
1.0	2.0	0.0	0.04632890824456906	3.7
1.0	2.0	0.0	0.04523314834561218	5.0
1.0	2.0	0.0	0.04523314834561218	5.0
1.0	2.0	0.0	0.049195754250947896	4.45
1.0	1.0	0.0	0.025210019175663706	6.6
1.0	2.0	0.0	0.05241310759192712	5.3
1.0	1.0	0.0	0.02834770661694804	6.25
