Constant_feature	Degree	Clustering_coefficient	Pagerank	Aver_path_len
1.0	1.0	0.0	0.01577658097641357	5.5
1.0	1.0	0.0	0.017202468595704307	7.34375
1.0	1.0	0.0	0.017202468595704307	7.34375
1.0	1.0	0.0	0.015352215639047585	5.65625
1.0	2.0	0.0	0.029023299499981923	5.0
1.0	2.0	0.0	0.027549454131562616	4.40625
1.0	2.0	0.0	0.02654493102420425	5.6875
1.0	2.0	0.0	0.030870684850623192	6.3125
1.0	3.0	0.0	0.0441534334108524	5.53125
1.0	3.0	0.0	0.048643034472154165	7.15625
1.0	3.0	0.0	0.04065896326726649	4.1875
1.0	2.0	0.0	0.027742918087419063	4.71875
1.0	3.0	0.0	0.04248580249478464	4.53125
1.0	2.0	0.0	0.02781299792105427	5.3125
1.0	1.0	0.0	0.01762396632705484	8.125
1.0	1.0	0.0	0.01762396632705484	8.125
1.0	3.0	0.0	0.04099146466998752	5.96875
1.0	3.0	0.0	0.04107390269996067	4.6875
1.0	2.0	0.0	0.02827417288810584	6.8125
1.0	2.0	0.0	0.02827417288810584	6.8125
1.0	3.0	0.0	0.039428593162956306	5.09375
1.0	2.0	0.0	0.028767698906951147	7.65625
1.0	2.0	0.0	0.028767698906951147	7.65625
1.0	2.0	0.0	0.026958713457512162	5.8125
1.0	2.0	0.0	0.028922203325053457	8.5
1.0	3.0	0.0	0.03895265638316378	6.28125
1.0	3.0	0.0	0.039088055177310385	7.0
1.0	2.0	0.0	0.026887920528225834	6.40625
1.0	2.0	0.0	0.027224453006351672	7.125
1.0	2.0	0.0	0.027271419884468212	7.84375
1.0	2.0	0.0	0.027796018862005473	7.96875
1.0	2.0	0.0	0.027810772862117993	8.6875
1.0	3.0	0.0	0.04724289676988997	6.375
