Constant_feature	Degree	Clustering_coefficient	Pagerank	Aver_path_len
1.0	0.0	0.0	0.0	0.0
1.0	1.0	0.0	0.011301066533047572	7.357142857142857
1.0	1.0	0.0	0.011301066533047572	7.357142857142857
1.0	1.0	0.0	0.01137189212066091	7.5476190476190474
1.0	1.0	0.0	0.01137189212066091	7.5476190476190474
1.0	3.0	0.0	0.029764837768630592	5.976190476190476
1.0	3.0	0.0	0.029764837768630592	5.976190476190476
1.0	2.0	0.0	0.02167183038049612	5.761904761904762
1.0	3.0	0.0	0.02806688145040126	7.333333333333333
1.0	3.0	0.0	0.02806688145040126	7.333333333333333
1.0	3.0	0.0	0.028308045144293106	6.738095238095238
1.0	3.0	0.0	0.028308045144293106	6.738095238095238
1.0	2.0	0.0	0.020928528697418066	5.857142857142857
1.0	2.0	0.0	0.020928528697418066	5.857142857142857
1.0	3.0	0.0	0.028882523261580934	6.928571428571429
1.0	3.0	0.0	0.028882523261580934	6.928571428571429
1.0	3.0	0.0	0.028610172227670518	8.023809523809524
1.0	3.0	0.0	0.028610172227670518	8.023809523809524
1.0	3.0	0.0	0.028625415142110214	7.428571428571429
1.0	3.0	0.0	0.028625415142110214	7.428571428571429
1.0	3.0	0.0	0.029919502291098535	6.380952380952381
1.0	3.0	0.0	0.029919502291098535	6.380952380952381
1.0	2.0	0.0	0.02149498260243657	5.785714285714286
1.0	2.0	0.0	0.02149498260243657	5.785714285714286
1.0	3.0	0.0	0.030155596460171682	6.571428571428571
1.0	3.0	0.0	0.030155596460171682	6.571428571428571
1.0	3.0	0.0	0.02890279064890632	8.119047619047619
1.0	3.0	0.0	0.02890279064890632	8.119047619047619
1.0	2.0	0.0	0.019580174980311445	8.714285714285714
1.0	2.0	0.0	0.019580174980311445	8.714285714285714
1.0	2.0	0.0	0.020202861204512503	7.809523809523809
1.0	2.0	0.0	0.020202861204512503	7.809523809523809
1.0	2.0	0.0	0.020121148612896652	8.904761904761905
1.0	2.0	0.0	0.020121148612896652	8.904761904761905
1.0	2.0	0.0	0.020301175469316493	8.30952380952381
1.0	2.0	0.0	0.020301175469316493	8.30952380952381
1.0	2.0	0.0	0.020470666476181384	8.5
1.0	2.0	0.0	0.020470666476181384	8.5
1.0	2.0	0.0	0.020399011309068633	9.0
1.0	2.0	0.0	0.020399011309068633	9.0
1.0	2.0	0.0	0.02086370122241256	9.19047619047619
1.0	2.0	0.0	0.02086370122241256	9.19047619047619
1.0	2.0	0.0	0.02089311118662597	9.880952380952381
1.0	2.0	0.0	0.02089311118662597	9.880952380952381
