Constant_feature	Degree	Clustering_coefficient	Pagerank	Aver_path_len
1.0	1.0	0.0	0.015543283994873713	10.757575757575758
1.0	3.0	0.0	0.04425609734949629	5.96969696969697
1.0	1.0	0.0	0.016218424272641346	6.9393939393939394
1.0	1.0	0.0	0.016218424272641346	6.9393939393939394
1.0	1.0	0.0	0.015064387750353223	6.9393939393939394
1.0	1.0	0.0	0.01569271369365205	6.818181818181818
1.0	1.0	0.0	0.015604949723313263	7.7272727272727275
1.0	2.0	0.0	0.027743235259576636	5.303030303030303
1.0	2.0	0.0	0.028177608720515526	5.545454545454546
1.0	2.0	0.0	0.026670449969307047	6.2727272727272725
1.0	2.0	0.0	0.026839946092053257	6.818181818181818
1.0	2.0	0.0	0.027703007496036863	7.363636363636363
1.0	3.0	0.0	0.04041004137403312	5.121212121212121
1.0	3.0	0.0	0.03902108813370299	5.181818181818182
1.0	2.0	0.0	0.026298861566235288	5.484848484848484
1.0	3.0	0.0	0.04041199654014689	5.96969696969697
1.0	3.0	0.0	0.038835314795162286	5.787878787878788
1.0	2.0	0.0	0.0271230689607393	6.2727272727272725
1.0	2.0	0.0	0.026797901124360722	6.575757575757576
1.0	3.0	0.0	0.04250352563080377	5.848484848484849
1.0	2.0	0.0	0.028356486946377078	6.2727272727272725
1.0	3.0	0.0	0.042210869451259445	6.757575757575758
1.0	3.0	0.0	0.04032507326921807	8.030303030303031
1.0	3.0	0.0	0.03965912848411458	7.424242424242424
1.0	2.0	0.0	0.027687941898582664	8.878787878787879
1.0	2.0	0.0	0.027687941898582664	8.878787878787879
1.0	2.0	0.0	0.027376681795645723	8.212121212121213
1.0	2.0	0.0	0.027376681795645723	8.212121212121213
1.0	2.0	0.0	0.028107033728160407	9.727272727272727
1.0	2.0	0.0	0.028107033728160407	9.727272727272727
1.0	2.0	0.0	0.02786310476283686	9.0
1.0	2.0	0.0	0.02786310476283686	9.0
1.0	2.0	0.0	0.028238591781129894	10.575757575757576
1.0	3.0	0.0	0.04200599897780465	9.787878787878787
