Constant_feature	Degree	Clustering_coefficient	Pagerank	Aver_path_len
1.0	1.0	0.0	0.021593837371962438	5.695652173913044
1.0	2.0	0.0	0.04420057734492586	5.434782608695652
1.0	1.0	0.0	0.02102390753138592	4.217391304347826
1.0	1.0	0.0	0.022549328523788485	5.521739130434782
1.0	1.0	0.0	0.022893260062496777	5.260869565217392
1.0	1.0	0.0	0.022893260062496777	5.260869565217392
1.0	1.0	0.0	0.0230979076508936	6.304347826086956
1.0	1.0	0.0	0.0230979076508936	6.304347826086956
1.0	3.0	0.0	0.055104198711497736	3.4347826086956523
1.0	3.0	0.0	0.062419857186484504	4.304347826086956
1.0	3.0	0.0	0.06310183571098069	5.3478260869565215
1.0	3.0	0.0	0.056413893439431956	3.869565217391304
1.0	2.0	0.0	0.038517869057654947	4.608695652173913
1.0	3.0	0.0	0.05809042266085511	4.739130434782608
1.0	2.0	0.0	0.03812531487863954	4.173913043478261
1.0	3.0	0.0	0.05619206839172691	3.260869565217391
1.0	3.0	0.0	0.06127506732482537	4.565217391304348
1.0	3.0	0.0	0.055238322604952074	3.260869565217391
1.0	3.0	0.0	0.056824043243275266	3.5217391304347827
1.0	2.0	0.0	0.03815197827839066	3.782608695652174
1.0	2.0	0.0	0.03857360227074534	4.043478260869565
1.0	2.0	0.0	0.03869480371471744	4.304347826086956
1.0	3.0	0.0	0.05786995380446497	4.565217391304348
1.0	1.0	0.0	0.024056782522513743	6.391304347826087
