Constant_feature	Degree	Clustering_coefficient	Pagerank	Aver_path_len
1.0	1.0	0.0	0.016788554461434756	5.366666666666666
1.0	1.0	0.0	0.017645819960764694	5.8
1.0	1.0	0.0	0.017645819960764694	5.8
1.0	1.0	0.0	0.017700076877546763	7.966666666666667
1.0	1.0	0.0	0.017700076877546763	7.966666666666667
1.0	2.0	0.0	0.0299679084191486	4.833333333333333
1.0	2.0	0.0	0.02817286819211954	4.533333333333333
1.0	3.0	0.0	0.04806561087228611	4.833333333333333
1.0	2.0	0.0	0.028547528814433176	5.233333333333333
1.0	2.0	0.0	0.032802812348373206	5.0
1.0	3.0	0.0	0.048248754804354296	7.0
1.0	1.0	0.0	0.01798670347054978	5.966666666666667
1.0	3.0	0.0	0.043594427519809464	4.0
1.0	3.0	0.0	0.04186554275951768	4.166666666666667
1.0	3.0	0.0	0.0446274337939942	4.1
1.0	3.0	0.0	0.045387117629012014	6.033333333333333
1.0	3.0	0.0	0.04393287090545284	5.333333333333333
1.0	3.0	0.0	0.04608268460610284	6.8
1.0	3.0	0.0	0.04128906615549892	4.9
1.0	3.0	0.0	0.04521055200110524	4.4
1.0	3.0	0.0	0.04145920192301551	5.6
1.0	2.0	0.0	0.02863253305896913	4.866666666666666
1.0	2.0	0.0	0.03023077799350544	6.166666666666667
1.0	2.0	0.0	0.03087568799678596	7.633333333333334
1.0	1.0	0.0	0.016842472792167763	7.0
1.0	2.0	0.0	0.02877496557498476	5.533333333333333
1.0	2.0	0.0	0.030724784097574773	6.933333333333334
1.0	2.0	0.0	0.028887260611314344	6.233333333333333
1.0	1.0	0.0	0.01705007041260727	7.766666666666667
1.0	3.0	0.0	0.04387249969154627	6.166666666666667
1.0	2.0	0.0	0.02938751541771274	6.866666666666666
