Constant_feature	Degree	Clustering_coefficient	Pagerank	Aver_path_len
1.0	1.0	0.0	0.019346818248347886	6.5
1.0	1.0	0.0	0.01944510245554017	7.230769230769231
1.0	2.0	0.0	0.031658436338971224	4.653846153846154
1.0	1.0	0.0	0.01858230650127032	4.6923076923076925
1.0	1.0	0.0	0.01858230650127032	4.6923076923076925
1.0	1.0	0.0	0.01865654391964684	4.730769230769231
1.0	1.0	0.0	0.01865654391964684	4.730769230769231
1.0	3.0	0.0	0.04823018475050434	3.8076923076923075
1.0	2.0	0.0	0.031658436338971224	4.653846153846154
1.0	3.0	0.0	0.04738436706678177	3.6923076923076925
1.0	3.0	0.0	0.046412111268661876	4.038461538461538
1.0	3.0	0.0	0.0495966293934884	3.730769230769231
1.0	3.0	0.0	0.0495966293934884	3.730769230769231
1.0	3.0	0.0	0.04984127976149648	3.769230769230769
1.0	3.0	0.0	0.04984127976149648	3.769230769230769
1.0	3.0	0.0	0.048733857383980526	4.230769230769231
1.0	3.0	0.0	0.04677103363294056	5.1923076923076925
1.0	3.0	0.0	0.04677103363294056	5.1923076923076925
1.0	2.0	0.0	0.03396761886326225	4.884615384615385
1.0	2.0	0.0	0.03395012386329486	4.961538461538462
1.0	2.0	0.0	0.03286589249345091	6.0
1.0	2.0	0.0	0.03286589249345091	6.0
1.0	2.0	0.0	0.033624280645470024	6.8076923076923075
1.0	2.0	0.0	0.033624280645470024	6.8076923076923075
1.0	3.0	0.0	0.05214124421044249	5.538461538461538
1.0	2.0	0.0	0.03472197618719233	5.615384615384615
1.0	3.0	0.0	0.0524737903285217	6.269230769230769
