Constant_feature	Degree	Clustering_coefficient	Pagerank	Aver_path_len
1.0	2.0	0.0	0.04113795839313389	4.782608695652174
1.0	1.0	0.0	0.02007497602382169	4.173913043478261
1.0	2.0	0.0	0.03481776171640497	3.4782608695652173
1.0	2.0	0.0	0.03557980119950914	3.9130434782608696
1.0	2.0	0.0	0.036415877059921484	4.086956521739131
1.0	3.0	0.0	0.04959527953684165	3.0434782608695654
1.0	3.0	0.0	0.05036243050789798	3.3043478260869565
1.0	3.0	0.0	0.05062117637991093	3.0434782608695654
1.0	3.0	0.0	0.05044438601984747	3.130434782608696
1.0	3.0	0.0	0.05105984017139685	3.739130434782609
1.0	3.0	0.0	0.051293339248724354	3.3043478260869565
1.0	3.0	0.0	0.05202354719138207	3.3043478260869565
1.0	3.0	0.0	0.05302710495161526	3.217391304347826
1.0	3.0	0.0	0.05154750907586986	3.739130434782609
1.0	2.0	0.0	0.03555552489866105	4.086956521739131
1.0	3.0	0.0	0.055198796823135124	3.9130434782608696
1.0	2.0	0.0	0.036264420359958624	4.521739130434782
1.0	2.0	0.0	0.03617734566785566	4.173913043478261
1.0	2.0	0.0	0.036436120153830825	4.521739130434782
1.0	2.0	0.0	0.037587782410446205	4.695652173913044
1.0	2.0	0.0	0.03729096679587267	5.304347826086956
1.0	2.0	0.0	0.03734259090995403	5.304347826086956
1.0	2.0	0.0	0.03746733780986951	4.695652173913044
1.0	1.0	0.0	0.0226781266941385	5.739130434782608
