Constant_feature	Degree	Clustering_coefficient	Pagerank	Aver_path_len
1.0	1.0	0.0	0.021335090142833454	5.608695652173913
1.0	1.0	0.0	0.021371120113642568	6.130434782608695
1.0	1.0	0.0	0.020782074471001413	4.565217391304348
1.0	1.0	0.0	0.02078273109128328	4.565217391304348
1.0	3.0	0.0	0.05220052303244367	2.9130434782608696
1.0	3.0	0.0	0.052207206677643656	2.9130434782608696
1.0	3.0	0.0	0.052523592273620426	3.260869565217391
1.0	3.0	0.0	0.052545056477836694	3.260869565217391
1.0	3.0	0.0	0.05342393128633509	3.782608695652174
1.0	3.0	0.0	0.05340964583290036	3.869565217391304
1.0	3.0	0.0	0.055385995758892054	3.608695652173913
1.0	3.0	0.0	0.055385529879486244	3.608695652173913
1.0	2.0	0.0	0.037040939217178576	3.9565217391304346
1.0	2.0	0.0	0.037099014934535546	3.9565217391304346
1.0	2.0	0.0	0.03704875318465714	4.478260869565218
1.0	2.0	0.0	0.037042202119745175	4.565217391304348
1.0	2.0	0.0	0.03745362602951134	4.130434782608695
1.0	2.0	0.0	0.037452130994576005	4.217391304347826
1.0	2.0	0.0	0.03739868605299689	4.478260869565218
1.0	2.0	0.0	0.037353873542305474	4.565217391304348
1.0	2.0	0.0	0.038039928986583725	4.6521739130434785
1.0	3.0	0.0	0.05722670441324189	4.6521739130434785
1.0	3.0	0.0	0.05734689887267673	5.173913043478261
1.0	2.0	0.0	0.03814474461407233	5.260869565217392
