Constant_feature	Degree	Clustering_coefficient	Pagerank	Aver_path_len
1.0	2.0	0.0	0.02303102698066508	6.428571428571429
1.0	2.0	0.0	0.022631479777041885	5.880952380952381
1.0	2.0	0.0	0.023776738421982063	7.214285714285714
1.0	1.0	0.0	0.013331328725163622	8.285714285714286
1.0	1.0	0.0	0.013214231734734039	7.738095238095238
1.0	1.0	0.0	0.013550363799834216	9.071428571428571
1.0	1.0	0.0	0.011686473633462716	8.452380952380953
1.0	1.0	0.0	0.011703940319643821	8.80952380952381
1.0	2.0	0.0	0.02084318908621488	5.142857142857143
1.0	2.0	0.0	0.020749801416335364	5.595238095238095
1.0	2.0	0.0	0.020346759288954887	6.785714285714286
1.0	2.0	0.0	0.02124663496142673	5.5
1.0	2.0	0.0	0.020979661879354766	5.9523809523809526
1.0	2.0	0.0	0.02041121781959631	7.142857142857143
1.0	2.0	0.0	0.020730907617589323	6.833333333333333
1.0	2.0	0.0	0.02079701240575764	7.190476190476191
1.0	3.0	0.0	0.03233353798914722	5.595238095238095
1.0	3.0	0.0	0.03138973087255158	5.0476190476190474
1.0	2.0	0.0	0.022724397793694763	6.380952380952381
1.0	3.0	0.0	0.03060298590012752	4.738095238095238
1.0	2.0	0.0	0.021067218363650803	5.095238095238095
1.0	3.0	0.0	0.03668705661217933	7.309523809523809
1.0	3.0	0.0	0.036294303631928426	6.761904761904762
1.0	3.0	0.0	0.030146426365684764	6.095238095238095
1.0	3.0	0.0	0.029920574060806338	7.428571428571429
1.0	3.0	0.0	0.030101561612100407	8.166666666666666
1.0	3.0	0.0	0.03741448445814997	8.095238095238095
1.0	3.0	0.0	0.02997382431961316	7.785714285714286
1.0	1.0	0.0	0.013331328725163622	8.285714285714286
1.0	1.0	0.0	0.013214231734734039	7.738095238095238
1.0	3.0	0.0	0.03014423101510688	8.523809523809524
1.0	3.0	0.0	0.030309245655836453	6.4523809523809526
1.0	3.0	0.0	0.03120109338758873	7.476190476190476
1.0	2.0	0.0	0.020911547219348035	8.30952380952381
1.0	2.0	0.0	0.02097278725124059	9.047619047619047
1.0	2.0	0.0	0.020935926807409952	8.666666666666666
1.0	1.0	0.0	0.013550363799834216	9.071428571428571
1.0	3.0	0.0	0.03125985252640466	7.833333333333333
1.0	2.0	0.0	0.02135250749715473	9.19047619047619
1.0	2.0	0.0	0.020993947187288073	9.404761904761905
1.0	2.0	0.0	0.021373147379026847	9.928571428571429
1.0	2.0	0.0	0.021371831139865842	9.547619047619047
1.0	2.0	0.0	0.021391088826605696	10.285714285714286
