Constant_feature	Degree	Clustering_coefficient	Pagerank	Aver_path_len
1.0	2.0	0.0	0.03130168535483524	5.413793103448276
1.0	2.0	0.0	0.03400239518466075	6.931034482758621
1.0	2.0	0.0	0.03400239518466075	6.931034482758621
1.0	2.0	0.0	0.034070062820069746	7.482758620689655
1.0	2.0	0.0	0.033670953133059164	6.517241379310345
1.0	1.0	0.0	0.0179273059979259	6.931034482758621
1.0	1.0	0.0	0.01960373874912131	9.206896551724139
1.0	1.0	0.0	0.01960373874912131	9.206896551724139
1.0	3.0	0.0	0.044446158926706635	5.068965517241379
1.0	3.0	0.0	0.04401346268525823	4.655172413793103
1.0	2.0	0.0	0.030565068243113114	5.620689655172414
1.0	2.0	0.0	0.030565068243113114	5.620689655172414
1.0	3.0	0.0	0.04458024086069498	4.931034482758621
1.0	3.0	0.0	0.04632724960419892	6.0344827586206895
1.0	3.0	0.0	0.04632724960419892	6.0344827586206895
1.0	2.0	0.0	0.030230377030642134	4.862068965517241
1.0	3.0	0.0	0.046461013539310834	6.586206896551724
1.0	2.0	0.0	0.029912235862504577	4.793103448275862
1.0	2.0	0.0	0.030141845115552953	4.724137931034483
1.0	3.0	0.0	0.0456717634419538	5.620689655172414
1.0	2.0	0.0	0.030349360123598908	5.344827586206897
1.0	2.0	0.0	0.03069097477373274	5.482758620689655
1.0	2.0	0.0	0.03354013183119757	6.655172413793103
1.0	2.0	0.0	0.03469762741453696	7.413793103448276
1.0	3.0	0.0	0.048648118481313285	5.9655172413793105
1.0	3.0	0.0	0.05423013042788023	8.241379310344827
1.0	1.0	0.0	0.018634470211167934	7.896551724137931
1.0	1.0	0.0	0.018634470211167934	7.896551724137931
1.0	1.0	0.0	0.018664827727661402	8.448275862068966
1.0	1.0	0.0	0.018485880467040788	7.482758620689655
