Constant_feature	Degree	Clustering_coefficient	Pagerank	Aver_path_len
1.0	1.0	0.0	0.013992019562637448	9.921052631578947
1.0	1.0	0.0	0.01425527868490273	11.236842105263158
1.0	1.0	0.0	0.013621563434455298	8.552631578947368
1.0	2.0	0.0	0.0238492809006777	9.131578947368421
1.0	1.0	0.0	0.013388903357539497	10.763157894736842
1.0	3.0	0.0	0.038343737554160956	9.552631578947368
1.0	3.0	0.0	0.03809157267580829	8.947368421052632
1.0	3.0	0.0	0.03896931723047719	10.263157894736842
1.0	2.0	0.0	0.025406368789686103	8.447368421052632
1.0	1.0	0.0	0.01406681463337577	10.526315789473685
1.0	3.0	0.0	0.04024496236974637	11.078947368421053
1.0	2.0	0.0	0.02536406910078781	8.0
1.0	3.0	0.0	0.03615023427402674	7.973684210526316
1.0	3.0	0.0	0.03685676730473804	7.578947368421052
1.0	1.0	0.0	0.014637231851449788	12.052631578947368
1.0	2.0	0.0	0.028478812480857076	12.0
1.0	3.0	0.0	0.03789377704743772	7.605263157894737
1.0	3.0	0.0	0.03729826577960017	7.2894736842105265
1.0	3.0	0.0	0.03486677567425875	8.473684210526315
1.0	1.0	0.0	0.01340878544433519	8.947368421052632
1.0	2.0	0.0	0.0252792915263926	7.315789473684211
1.0	2.0	0.0	0.02510649088957395	7.105263157894737
1.0	3.0	0.0	0.03782732729999037	7.078947368421052
1.0	1.0	0.0	0.015379919743922672	12.973684210526315
1.0	2.0	0.0	0.025256094032490923	6.947368421052632
1.0	2.0	0.0	0.02383659194950824	9.18421052631579
1.0	2.0	0.0	0.025230942296523135	6.973684210526316
1.0	1.0	0.0	0.013931684761434294	8.578947368421053
1.0	1.0	0.0	0.013753109053132899	8.263157894736842
1.0	3.0	0.0	0.03781657907242158	6.868421052631579
1.0	3.0	0.0	0.03578760641941088	10.5
1.0	2.0	0.0	0.024026222915685944	9.842105263157896
1.0	2.0	0.0	0.02526186910397367	6.894736842105263
1.0	2.0	0.0	0.025747340876099027	11.368421052631579
1.0	3.0	0.0	0.036081640323540574	9.789473684210526
1.0	1.0	0.0	0.013911709329060867	8.052631578947368
1.0	2.0	0.0	0.027661195086855474	12.289473684210526
1.0	1.0	0.0	0.01390848726753262	7.842105263157895
1.0	1.0	0.0	0.0150113599014915	13.263157894736842
