Constant_feature	Degree	Clustering_coefficient	Pagerank	Aver_path_len
1.0	2.0	0.0	0.015810238805268634	11.6875
1.0	1.0	0.0	0.008089524258014418	12.609375
1.0	2.0	0.0	0.01401230158101215	7.09375
1.0	2.0	0.0	0.013859847636927521	8.484375
1.0	1.0	0.0	0.007703056245016858	9.15625
1.0	1.0	0.0	0.007818494719613451	8.171875
1.0	1.0	0.0	0.00812906355056971	8.546875
1.0	1.0	0.0	0.007856072096977309	8.921875
1.0	2.0	0.0	0.015868759987867808	10.1875
1.0	1.0	0.0	0.007824276918678076	8.6875
1.0	1.0	0.0	0.008233795696758318	9.640625
1.0	2.0	0.0	0.01609986210582208	9.875
1.0	1.0	0.0	0.008248994750507077	10.171875
1.0	3.0	0.0	0.02018158743565114	7.484375
1.0	3.0	0.0	0.0207292842298826	9.078125
1.0	2.0	0.0	0.014241505821593864	9.90625
1.0	2.0	0.0	0.014292159815145353	9.96875
1.0	2.0	0.0	0.014114465529763285	8.34375
1.0	3.0	0.0	0.021612163734466956	10.734375
1.0	2.0	0.0	0.014520692766309488	10.796875
1.0	3.0	0.0	0.021837976595144967	11.625
1.0	3.0	0.0	0.021189245407425027	7.640625
1.0	3.0	0.0	0.020646351413405917	7.0
1.0	1.0	0.0	0.007895399010743752	8.625
1.0	2.0	0.0	0.01432287041196841	7.28125
1.0	3.0	0.0	0.02124016778259694	9.0625
1.0	3.0	0.0	0.020176178559171074	7.3125
1.0	4.0	0.0	0.02739673192041321	8.171875
1.0	3.0	0.0	0.020521132505421605	8.71875
1.0	2.0	0.0	0.014260538395643497	9.375
1.0	2.0	0.0	0.014112874104009751	9.609375
1.0	2.0	0.0	0.01400784524648186	8.234375
1.0	3.0	0.0	0.020933881455727332	7.1875
1.0	3.0	0.0	0.021968425274148953	7.5625
1.0	2.0	0.0	0.014009229713630746	8.40625
1.0	2.0	0.0	0.014258310050084898	9.15625
1.0	2.0	0.0	0.014259157140010513	9.328125
1.0	1.0	0.0	0.00865273112202283	12.671875
1.0	2.0	0.0	0.0142140168418739	8.984375
1.0	3.0	0.0	0.02105959928046207	7.9375
1.0	3.0	0.0	0.020952008816004775	7.703125
1.0	1.0	0.0	0.007910160487714611	10.046875
1.0	3.0	0.0	0.02222913600512602	7.859375
1.0	3.0	0.0	0.021727031214523372	9.234375
1.0	1.0	0.0	0.008207037065520752	8.84375
1.0	2.0	0.0	0.014918469773059231	8.140625
1.0	3.0	0.0	0.022177568762784275	9.53125
1.0	3.0	0.0	0.022372634071823046	8.390625
1.0	3.0	0.0	0.022316247830387485	8.65625
1.0	1.0	0.0	0.00819100168434651	10.515625
1.0	2.0	0.0	0.014993147074665487	9.828125
1.0	3.0	0.0	0.02218982832446114	8.921875
1.0	1.0	0.0	0.008678738308902204	11.171875
1.0	1.0	0.0	0.008249894246000018	9.375
1.0	3.0	0.0	0.02249566975409105	9.421875
1.0	3.0	0.0	0.02236627723326189	9.1875
1.0	2.0	0.0	0.015117717999325514	10.109375
1.0	2.0	0.0	0.015083010691658075	9.65625
1.0	3.0	0.0	0.022658042372994347	9.84375
1.0	1.0	0.0	0.00828643655259435	10.40625
1.0	2.0	0.0	0.015179320711693305	10.203125
1.0	2.0	0.0	0.015173749460438053	10.0
1.0	1.0	0.0	0.008335035677525264	10.828125
1.0	2.0	0.0	0.015199065010747212	10.109375
1.0	1.0	0.0	0.008783960954118819	10.859375
