Constant_feature	Degree	Clustering_coefficient	Pagerank	Aver_path_len
1.0	3.0	0.0	0.046168278306456104	5.035714285714286
1.0	3.0	0.0	0.044622861424673935	4.071428571428571
1.0	3.0	0.0	0.043626010080877346	3.4285714285714284
1.0	2.0	0.0	0.030145195503197067	4.0
1.0	2.0	0.0	0.03195688438054389	5.857142857142857
1.0	2.0	0.0	0.03195688438054389	5.857142857142857
1.0	2.0	0.0	0.03257159061822266	6.678571428571429
1.0	2.0	0.0	0.03257159061822266	6.678571428571429
1.0	2.0	0.0	0.03276362741499555	7.5
1.0	2.0	0.0	0.031022552962152627	4.428571428571429
1.0	2.0	0.0	0.03125263911013209	4.892857142857143
1.0	2.0	0.0	0.03125263911013209	4.892857142857143
1.0	2.0	0.0	0.03204044415506768	5.714285714285714
1.0	2.0	0.0	0.03204044415506768	5.714285714285714
1.0	2.0	0.0	0.030495399507844405	3.892857142857143
1.0	2.0	0.0	0.03228399627282759	6.535714285714286
1.0	3.0	0.0	0.04348713691043375	3.4642857142857144
1.0	3.0	0.0	0.04469158442682065	4.035714285714286
1.0	2.0	0.0	0.03128521223896572	4.857142857142857
1.0	2.0	0.0	0.03128521223896572	4.857142857142857
1.0	3.0	0.0	0.04550001575172215	4.607142857142857
1.0	2.0	0.0	0.032063715966249975	5.678571428571429
1.0	2.0	0.0	0.032063715966249975	5.678571428571429
1.0	2.0	0.0	0.032306408435904314	6.5
1.0	2.0	0.0	0.031652873525681725	5.428571428571429
1.0	2.0	0.0	0.031652873525681725	5.428571428571429
1.0	2.0	0.0	0.032341770781907	6.25
1.0	2.0	0.0	0.032341770781907	6.25
1.0	2.0	0.0	0.03255667144855283	7.071428571428571
