Constant_feature	Degree	Clustering_coefficient	Pagerank	Aver_path_len
1.0	1.0	0.0	0.01975616261533108	5.32
1.0	3.0	0.0	0.04995995357921787	5.4
1.0	3.0	0.0	0.05089122553514743	4.44
1.0	2.0	0.0	0.03586493723870089	4.44
1.0	2.0	0.0	0.03519465629040233	6.76
1.0	2.0	0.0	0.03579768790506313	4.6
1.0	2.0	0.0	0.03582915131313266	6.2
1.0	2.0	0.0	0.03440204836866791	5.08
1.0	2.0	0.0	0.03440204836866791	5.08
1.0	2.0	0.0	0.034593738594358124	4.76
1.0	2.0	0.0	0.034593738594358124	4.76
1.0	3.0	0.0	0.05051040539488231	5.96
1.0	3.0	0.0	0.053032801864060036	4.36
1.0	2.0	0.0	0.03519465629040233	6.76
1.0	2.0	0.0	0.035991390063847745	7.56
1.0	2.0	0.0	0.03817920243688412	5.64
1.0	3.0	0.0	0.05270639556374006	4.84
1.0	2.0	0.0	0.035991390063847745	7.56
1.0	2.0	0.0	0.04115606831642188	6.52
1.0	2.0	0.0	0.03623767950150915	8.36
1.0	3.0	0.0	0.05190570533865948	5.4
1.0	1.0	0.0	0.022366898431450642	7.48
1.0	2.0	0.0	0.03582915131313266	6.2
1.0	2.0	0.0	0.03647164058681736	7.0
1.0	2.0	0.0	0.03647164058681736	7.0
1.0	2.0	0.0	0.03666962584447981	7.8
