Constant_feature	Degree	Clustering_coefficient	Pagerank	Aver_path_len
1.0	2.0	0.0	0.04115278472491924	4.2
1.0	1.0	0.0	0.02283133950403376	4.1
1.0	2.0	0.0	0.0397077394482934	3.15
1.0	2.0	0.0	0.04053230454742571	3.7
1.0	2.0	0.0	0.040930830512298844	4.1
1.0	3.0	0.0	0.05649717346793841	2.7
1.0	3.0	0.0	0.0574493803618456	2.85
1.0	3.0	0.0	0.05764978048308632	2.8
1.0	3.0	0.0	0.05735547012961269	2.95
1.0	3.0	0.0	0.05828296397842918	3.2
1.0	3.0	0.0	0.058013077185819086	3.3
1.0	3.0	0.0	0.058839150726648866	3.3
1.0	3.0	0.0	0.05875433142448075	3.4
1.0	3.0	0.0	0.06023046559537186	3.15
1.0	2.0	0.0	0.0405603728314642	3.6
1.0	2.0	0.0	0.04141311111385418	3.95
1.0	2.0	0.0	0.04125438476452134	3.85
1.0	2.0	0.0	0.04160548617401187	4.05
1.0	2.0	0.0	0.042589613894248105	4.7
1.0	2.0	0.0	0.04265071894499535	4.8
1.0	2.0	0.0	0.04169952018670074	4.55
