Constant_feature	Degree	Clustering_coefficient	Pagerank	Aver_path_len
1.0	2.0	0.0	0.03764975715389594	4.666666666666667
1.0	2.0	0.0	0.03764975715389594	4.666666666666667
1.0	2.0	0.0	0.038572520211390744	4.541666666666667
1.0	1.0	0.0	0.022049394249598644	6.125
1.0	2.0	0.0	0.044641900546873406	6.833333333333333
1.0	1.0	0.0	0.02408929535054153	7.791666666666667
1.0	3.0	0.0	0.055075738865124575	4.0
1.0	2.0	0.0	0.03746590640713125	4.291666666666667
1.0	2.0	0.0	0.03746590640713125	4.291666666666667
1.0	2.0	0.0	0.03731306402348586	5.125
1.0	2.0	0.0	0.03731306402348586	5.125
1.0	3.0	0.0	0.05456636071573734	5.666666666666667
1.0	3.0	0.0	0.05456636071573734	5.666666666666667
1.0	3.0	0.0	0.06016321830034689	5.166666666666667
1.0	2.0	0.0	0.03752956681941674	6.458333333333333
1.0	2.0	0.0	0.03752956681941674	6.458333333333333
1.0	2.0	0.0	0.03752956681941674	6.458333333333333
1.0	2.0	0.0	0.03752956681941674	6.458333333333333
1.0	2.0	0.0	0.042138689600140174	5.958333333333333
1.0	2.0	0.0	0.03813091650818404	7.25
1.0	2.0	0.0	0.03813091650818404	7.25
1.0	2.0	0.0	0.03813091650818404	7.25
1.0	2.0	0.0	0.03813091650818404	7.25
1.0	2.0	0.0	0.038318566482540055	8.041666666666666
1.0	2.0	0.0	0.038318566482540055	8.041666666666666
