Constant_feature	Degree	Clustering_coefficient	Pagerank	Aver_path_len
1.0	1.0	0.0	0.0194997516891683	7.884615384615385
1.0	1.0	0.0	0.0194997516891683	7.884615384615385
1.0	1.0	0.0	0.018481999065740464	4.884615384615385
1.0	1.0	0.0	0.019974584167830215	5.884615384615385
1.0	3.0	0.0	0.0497582200535938	4.1923076923076925
1.0	2.0	0.0	0.033092122665196066	4.3076923076923075
1.0	2.0	0.0	0.033092122665196066	4.3076923076923075
1.0	3.0	0.0	0.048205598131169924	3.8076923076923075
1.0	3.0	0.0	0.048205598131169924	3.8076923076923075
1.0	3.0	0.0	0.049259747448080565	3.923076923076923
1.0	2.0	0.0	0.03295866095156314	4.230769230769231
1.0	2.0	0.0	0.03295866095156314	4.230769230769231
1.0	3.0	0.0	0.054235125040421814	4.923076923076923
1.0	3.0	0.0	0.049313483882846926	4.730769230769231
1.0	3.0	0.0	0.049313483882846926	4.730769230769231
1.0	2.0	0.0	0.039173025229444366	5.8076923076923075
1.0	2.0	0.0	0.034196887310400687	5.461538461538462
1.0	2.0	0.0	0.034196887310400687	5.461538461538462
1.0	2.0	0.0	0.034196887310400687	5.461538461538462
1.0	2.0	0.0	0.034196887310400687	5.461538461538462
1.0	2.0	0.0	0.034888751217466075	6.1923076923076925
1.0	2.0	0.0	0.034888751217466075	6.1923076923076925
1.0	2.0	0.0	0.034888751217466075	6.1923076923076925
1.0	2.0	0.0	0.034888751217466075	6.1923076923076925
1.0	3.0	0.0	0.05265214090517821	6.923076923076923
1.0	3.0	0.0	0.05265214090517821	6.923076923076923
1.0	1.0	0.0	0.021331228433176214	6.769230769230769
