Constant_feature	Degree	Clustering_coefficient	Pagerank	Aver_path_len
1.0	2.0	0.0	0.027474041941111513	4.838709677419355
1.0	2.0	0.0	0.031614975517175056	6.258064516129032
1.0	2.0	0.0	0.031614975517175056	6.258064516129032
1.0	2.0	0.0	0.03173777598204228	6.838709677419355
1.0	1.0	0.0	0.015688517942301486	5.838709677419355
1.0	3.0	0.0	0.039693895639054816	4.419354838709677
1.0	2.0	0.0	0.02731803920191237	4.774193548387097
1.0	2.0	0.0	0.02743088848929103	4.935483870967742
1.0	1.0	0.0	0.015718760730099854	5.903225806451613
1.0	3.0	0.0	0.03918339225225634	4.064516129032258
1.0	3.0	0.0	0.038877569155594954	4.064516129032258
1.0	3.0	0.0	0.03903959504977342	4.161290322580645
1.0	3.0	0.0	0.04010862294587235	4.32258064516129
1.0	3.0	0.0	0.04095045491100875	4.580645161290323
1.0	2.0	0.0	0.028030710567168732	4.903225806451613
1.0	2.0	0.0	0.028030710567168732	4.903225806451613
1.0	3.0	0.0	0.04197826748244127	4.935483870967742
1.0	1.0	0.0	0.015410160185392116	5.548387096774194
1.0	3.0	0.0	0.041876832018851215	4.870967741935484
1.0	3.0	0.0	0.04291272180077185	5.354838709677419
1.0	3.0	0.0	0.04291272180077185	5.354838709677419
1.0	2.0	0.0	0.02827864217888383	5.451612903225806
1.0	3.0	0.0	0.04315351165084817	5.935483870967742
1.0	3.0	0.0	0.041964536874534844	6.096774193548387
1.0	2.0	0.0	0.029018232642107386	6.935483870967742
1.0	2.0	0.0	0.029018232642107386	6.935483870967742
1.0	2.0	0.0	0.029560571884278165	7.774193548387097
1.0	2.0	0.0	0.029560571884278165	7.774193548387097
1.0	1.0	0.0	0.017352118317648407	7.225806451612903
1.0	1.0	0.0	0.017352118317648407	7.225806451612903
1.0	1.0	0.0	0.01740661709937999	7.806451612903226
1.0	2.0	0.0	0.02973121681105008	8.612903225806452
