Constant_feature	Degree	Clustering_coefficient	Pagerank	Aver_path_len
1.0	2.0	0.0	0.022201563170004247	3.7777777777777777
1.0	1.0	0.0	0.012593717649351521	4.444444444444445
1.0	1.0	0.0	0.013140180951434358	4.888888888888889
1.0	2.0	0.0	0.028064184402607113	5.694444444444445
1.0	2.0	0.0	0.026561213036575534	5.472222222222222
1.0	1.0	0.0	0.014265494258413157	5.75
1.0	2.0	0.0	0.023575400369536106	6.027777777777778
1.0	2.0	0.0	0.026985362242528177	6.444444444444445
1.0	2.0	0.0	0.023642845369906344	6.805555555555555
1.0	4.0	0.0	0.04226854208853974	3.2222222222222223
1.0	4.0	0.0	0.04396018761538691	3.4722222222222223
1.0	3.0	0.0	0.03289626538256255	3.5277777777777777
1.0	3.0	0.0	0.03479111683865664	3.9166666666666665
1.0	3.0	0.0	0.03457154005807818	3.9722222222222223
1.0	3.0	0.0	0.03325067453817226	3.9166666666666665
1.0	3.0	0.0	0.03271970743266227	3.75
1.0	3.0	0.0	0.0332932011703284	4.138888888888889
1.0	3.0	0.0	0.03436893715924373	4.222222222222222
1.0	3.0	0.0	0.03854065335839908	4.777777777777778
1.0	3.0	0.0	0.03556105161357612	4.555555555555555
1.0	2.0	0.0	0.022613402636633414	4.444444444444445
1.0	2.0	0.0	0.02295635066831996	4.527777777777778
1.0	2.0	0.0	0.023611999528234354	4.888888888888889
1.0	2.0	0.0	0.024222217230472902	5.083333333333333
1.0	2.0	0.0	0.024222217230472902	5.083333333333333
1.0	2.0	0.0	0.0242924318234699	5.305555555555555
1.0	3.0	0.0	0.03640180989765282	5.527777777777778
1.0	3.0	0.0	0.033649972426643616	5.138888888888889
1.0	2.0	0.0	0.02319542961722796	5.222222222222222
1.0	3.0	0.0	0.033874689103718346	5.916666666666667
1.0	2.0	0.0	0.02490348462907511	5.944444444444445
1.0	2.0	0.0	0.02490348462907511	5.944444444444445
1.0	2.0	0.0	0.02511851079906241	6.805555555555555
1.0	1.0	0.0	0.015330901694790114	6.666666666666667
1.0	1.0	0.0	0.01465486252287201	6.444444444444445
1.0	2.0	0.0	0.023950791722456795	6.861111111111111
1.0	1.0	0.0	0.014845605133859963	7.416666666666667
