Constant_feature	Degree	Clustering_coefficient	Pagerank	Aver_path_len
1.0	1.0	0.0	0.021962706426175968	7.695652173913044
1.0	2.0	0.0	0.036669912779608016	4.0
1.0	2.0	0.0	0.04275258587842585	7.304347826086956
1.0	1.0	0.0	0.0209830045965155	5.173913043478261
1.0	2.0	0.0	0.03693145129286862	4.260869565217392
1.0	2.0	0.0	0.03720607665803104	4.3478260869565215
1.0	1.0	0.0	0.020997061665665978	5.260869565217392
1.0	3.0	0.0	0.05431493962795783	3.9565217391304346
1.0	3.0	0.0	0.055184880118171825	4.608695652173913
1.0	3.0	0.0	0.05402973697248204	4.0
1.0	3.0	0.0	0.05569478769767634	4.6521739130434785
1.0	3.0	0.0	0.05605295724227423	4.217391304347826
1.0	3.0	0.0	0.05610062074716839	4.304347826086956
1.0	2.0	0.0	0.03822217915671886	5.217391304347826
1.0	2.0	0.0	0.03822217915671886	5.217391304347826
1.0	3.0	0.0	0.058405238785142026	6.434782608695652
1.0	2.0	0.0	0.03856710803322411	5.3478260869565215
1.0	2.0	0.0	0.03856710803322411	5.3478260869565215
1.0	2.0	0.0	0.038887468667668956	5.826086956521739
1.0	2.0	0.0	0.038887468667668956	5.826086956521739
1.0	2.0	0.0	0.039318597976756395	6.043478260869565
1.0	2.0	0.0	0.039318597976756395	6.043478260869565
1.0	3.0	0.0	0.059317578770388034	6.739130434782608
1.0	1.0	0.0	0.023405753072711442	8.26086956521739
