Constant_feature	Degree	Clustering_coefficient	Pagerank	Aver_path_len
1.0	1.0	0.0	0.019078973240337332	4.923076923076923
1.0	3.0	0.0	0.0490315617303005	3.8461538461538463
1.0	2.0	0.0	0.034815064463180584	4.230769230769231
1.0	2.0	0.0	0.0343105316859522	5.730769230769231
1.0	2.0	0.0	0.0343105316859522	5.730769230769231
1.0	2.0	0.0	0.03496983000451867	4.576923076923077
1.0	2.0	0.0	0.034788893044890135	6.384615384615385
1.0	2.0	0.0	0.03533727614450289	7.1923076923076925
1.0	2.0	0.0	0.03328159887826032	4.346153846153846
1.0	2.0	0.0	0.03328159887826032	4.346153846153846
1.0	3.0	0.0	0.049558593819037725	4.923076923076923
1.0	3.0	0.0	0.049558593819037725	4.923076923076923
1.0	3.0	0.0	0.05125218365398998	3.9615384615384617
1.0	2.0	0.0	0.0343105316859522	5.730769230769231
1.0	2.0	0.0	0.0343105316859522	5.730769230769231
1.0	2.0	0.0	0.03497415543088481	6.538461538461538
1.0	2.0	0.0	0.03497415543088481	6.538461538461538
1.0	2.0	0.0	0.03497415543088481	6.538461538461538
1.0	2.0	0.0	0.03497415543088481	6.538461538461538
1.0	2.0	0.0	0.03518133075553968	7.346153846153846
1.0	2.0	0.0	0.03518133075553968	7.346153846153846
1.0	3.0	0.0	0.051995601169690396	5.0
1.0	3.0	0.0	0.05061325658639961	5.576923076923077
1.0	1.0	0.0	0.019302692247520646	5.961538461538462
1.0	2.0	0.0	0.034788893044890135	6.384615384615385
1.0	2.0	0.0	0.03533727614450289	7.1923076923076925
1.0	2.0	0.0	0.03550670315225258	8.0
