Constant_feature	Degree	Clustering_coefficient	Pagerank	Aver_path_len
1.0	2.0	0.0	0.05170664498164812	5.684210526315789
1.0	1.0	0.0	0.027763055995717392	6.105263157894737
1.0	2.0	0.0	0.04946535133889511	4.526315789473684
1.0	2.0	0.0	0.05027093881267149	4.842105263157895
1.0	2.0	0.0	0.047429144264265255	5.157894736842105
1.0	4.0	0.0	0.10641335267357481	6.315789473684211
1.0	2.0	0.0	0.04976773629533507	4.526315789473684
1.0	2.0	0.0	0.04904613549181591	4.631578947368421
1.0	1.0	0.0	0.028943588985930732	7.2631578947368425
1.0	1.0	0.0	0.028943588985930732	7.2631578947368425
1.0	1.0	0.0	0.028943588985930732	7.2631578947368425
1.0	2.0	0.0	0.050016401938948254	4.631578947368421
1.0	2.0	0.0	0.04841309455865391	4.842105263157895
1.0	3.0	0.0	0.07587501191386589	5.157894736842105
1.0	3.0	0.0	0.06880840485400994	5.578947368421052
1.0	2.0	0.0	0.04718479863513664	6.315789473684211
1.0	2.0	0.0	0.04718479863513664	6.315789473684211
1.0	2.0	0.0	0.04787024494196036	7.052631578947368
1.0	2.0	0.0	0.04787024494196036	7.052631578947368
1.0	2.0	0.0	0.048083872768612625	7.7894736842105265
