Constant_feature	Degree	Clustering_coefficient	Pagerank	Aver_path_len
1.0	1.0	0.0	0.029095104704962665	4.5
1.0	1.0	0.0	0.029095104704962665	4.5
1.0	1.0	0.0	0.02706807456912339	3.7777777777777777
1.0	4.0	0.0	0.09691260449113316	2.8333333333333335
1.0	2.0	0.0	0.04902620840729603	3.0
1.0	2.0	0.0	0.0487967841370318	3.2777777777777777
1.0	3.0	0.0	0.07131060263449107	3.2222222222222223
1.0	3.0	0.0	0.0715699821603581	3.6666666666666665
1.0	3.0	0.0	0.07943842405333916	3.5555555555555554
1.0	2.0	0.0	0.04915929620901644	3.9444444444444446
1.0	2.0	0.0	0.04915929620901644	3.9444444444444446
1.0	2.0	0.0	0.04927725334711398	4.388888888888889
1.0	2.0	0.0	0.04927725334711398	4.388888888888889
1.0	2.0	0.0	0.05000470800260429	4.666666666666667
1.0	2.0	0.0	0.05000470800260429	4.666666666666667
1.0	2.0	0.0	0.05026823401616187	5.388888888888889
1.0	2.0	0.0	0.050093919382724963	5.111111111111111
1.0	2.0	0.0	0.050093919382724963	5.111111111111111
1.0	2.0	0.0	0.05034852223822054	5.833333333333333
