Constant_feature	Degree	Clustering_coefficient	Pagerank	Aver_path_len
1.0	1.0	0.0	0.01675798079581009	6.137931034482759
1.0	2.0	0.0	0.03287232841514905	6.758620689655173
1.0	1.0	0.0	0.016549133195346694	6.0
1.0	1.0	0.0	0.016810419650951737	6.482758620689655
1.0	1.0	0.0	0.016977844788935964	7.103448275862069
1.0	1.0	0.0	0.01700948145609939	7.586206896551724
1.0	2.0	0.0	0.035139186618182834	8.827586206896552
1.0	1.0	0.0	0.01973306516041074	10.620689655172415
1.0	3.0	0.0	0.044318782539074494	5.310344827586207
1.0	3.0	0.0	0.042929111482782376	4.689655172413793
1.0	2.0	0.0	0.029998628715767226	5.103448275862069
1.0	2.0	0.0	0.029998628715767226	5.103448275862069
1.0	2.0	0.0	0.029712236517770503	4.896551724137931
1.0	2.0	0.0	0.029712236517770503	4.896551724137931
1.0	2.0	0.0	0.03107850133721829	5.724137931034483
1.0	3.0	0.0	0.04285287855822395	4.689655172413793
1.0	2.0	0.0	0.03211234656473012	6.206896551724138
1.0	3.0	0.0	0.044051719083802884	5.0344827586206895
1.0	3.0	0.0	0.04474786708576736	5.172413793103448
1.0	3.0	0.0	0.043230544097573334	5.379310344827586
1.0	3.0	0.0	0.043455465732190314	5.862068965517241
1.0	3.0	0.0	0.044924526501682244	5.517241379310345
1.0	3.0	0.0	0.045480862586758014	6.137931034482759
1.0	3.0	0.0	0.04558799924478889	6.620689655172414
1.0	2.0	0.0	0.033532629384834395	7.379310344827586
1.0	2.0	0.0	0.030886829514120317	6.896551724137931
1.0	2.0	0.0	0.030908304876324146	7.379310344827586
1.0	2.0	0.0	0.03423422546529998	8.068965517241379
1.0	3.0	0.0	0.054663170236456164	9.655172413793103
1.0	1.0	0.0	0.01973306516041074	10.620689655172415
