Constant_feature	Degree	Clustering_coefficient	Pagerank	Aver_path_len
1.0	1.0	0.0	0.011696458691513402	5.65
1.0	1.0	0.0	0.011696578002887589	5.7
1.0	1.0	0.0	0.011765211921065402	5.8
1.0	1.0	0.0	0.011905198269331983	6.25
1.0	1.0	0.0	0.011906314557610598	6.3
1.0	1.0	0.0	0.012146132806751395	6.75
1.0	1.0	0.0	0.012302377366333394	7.4
1.0	1.0	0.0	0.012311733273712024	7.45
1.0	2.0	0.0	0.02465619089422552	8.075
1.0	2.0	0.0	0.021792910091772377	6.4
1.0	4.0	0.0	0.039210742952824125	4.375
1.0	2.0	0.0	0.020835487002254224	5.25
1.0	3.0	0.0	0.02959948271630603	4.5
1.0	2.0	0.0	0.021277430157244367	5.675
1.0	3.0	0.0	0.030042527970433157	4.925
1.0	2.0	0.0	0.021025586686634117	5.8
1.0	3.0	0.0	0.030857468462317888	4.675
1.0	3.0	0.0	0.03085784518708065	4.725
1.0	3.0	0.0	0.030232650617640817	4.85
1.0	3.0	0.0	0.0302336104841169	4.9
1.0	3.0	0.0	0.031089412502157455	4.825
1.0	2.0	0.0	0.020578760665488777	5.3
1.0	3.0	0.0	0.030599871373007508	5.2
1.0	3.0	0.0	0.03042765739426783	5.625
1.0	3.0	0.0	0.03155382695378606	5.275
1.0	3.0	0.0	0.03155748923514738	5.325
1.0	3.0	0.0	0.03110135937367981	5.7
1.0	3.0	0.0	0.03110943179271177	5.75
1.0	2.0	0.0	0.021213352710699494	6.25
1.0	3.0	0.0	0.03235971409504797	5.775
1.0	3.0	0.0	0.03215886912290273	6.825
1.0	3.0	0.0	0.032877864189379685	6.425
1.0	3.0	0.0	0.03290896650844584	6.475
1.0	2.0	0.0	0.02303198338169487	7.6
1.0	2.0	0.0	0.02432710508709181	8.425
1.0	3.0	0.0	0.03345424444283249	7.15
1.0	2.0	0.0	0.022348018393490637	7.2
1.0	2.0	0.0	0.025603700154237748	9.3
1.0	2.0	0.0	0.02715461763537719	10.225
1.0	1.0	0.0	0.014657518447807757	11.2
1.0	1.0	0.0	0.013534298428688814	9.05
