Constant_feature	Degree	Clustering_coefficient	Pagerank	Aver_path_len
1.0	2.0	0.0	0.02682880837611979	4.709677419354839
1.0	2.0	0.0	0.02661716842431251	4.354838709677419
1.0	2.0	0.0	0.027062740852518877	5.129032258064516
1.0	2.0	0.0	0.027688250834574962	5.225806451612903
1.0	1.0	0.0	0.015257752900298866	5.516129032258065
1.0	1.0	0.0	0.015181120922929652	5.064516129032258
1.0	2.0	0.0	0.026473645149511227	4.516129032258065
1.0	3.0	0.0	0.03776436296803341	3.6451612903225805
1.0	3.0	0.0	0.03802350323988345	3.903225806451613
1.0	3.0	0.0	0.03807052614980695	3.7096774193548385
1.0	3.0	0.0	0.038118039984063025	4.290322580645161
1.0	3.0	0.0	0.03937440531328752	4.354838709677419
1.0	3.0	0.0	0.040185478189673565	4.096774193548387
1.0	3.0	0.0	0.03870048863664366	4.870967741935484
1.0	3.0	0.0	0.04044027483436936	4.548387096774194
1.0	3.0	0.0	0.03853164672282644	4.032258064516129
1.0	3.0	0.0	0.03934739079295741	5.516129032258065
1.0	2.0	0.0	0.027688250834574962	5.225806451612903
1.0	2.0	0.0	0.02740813780462451	5.709677419354839
1.0	2.0	0.0	0.027636211723498387	6.354838709677419
1.0	2.0	0.0	0.02833600773374446	6.096774193548387
1.0	3.0	0.0	0.039296403070135016	5.0
1.0	2.0	0.0	0.028336007733744457	6.096774193548387
1.0	2.0	0.0	0.028165676954319173	6.548387096774194
1.0	2.0	0.0	0.02823422031868365	7.193548387096774
1.0	2.0	0.0	0.026986771791693488	5.193548387096774
1.0	3.0	0.0	0.0403809262882828	5.645161290322581
1.0	2.0	0.0	0.02829664465620526	6.483870967741935
1.0	2.0	0.0	0.02829664465620526	6.483870967741935
1.0	2.0	0.0	0.029016373629658976	7.32258064516129
1.0	2.0	0.0	0.029016373629658976	7.32258064516129
1.0	2.0	0.0	0.029239744883159877	8.161290322580646
