Constant_feature	Degree	Clustering_coefficient	Pagerank	Aver_path_len
1.0	2.0	0.0	0.031204741895897538	4.555555555555555
1.0	2.0	0.0	0.031126700019528917	5.592592592592593
1.0	2.0	0.0	0.03114911736650112	6.0
1.0	2.0	0.0	0.03611886528073188	5.185185185185185
1.0	2.0	0.0	0.03611886528073188	5.185185185185185
1.0	2.0	0.0	0.03626014033574154	5.703703703703703
1.0	2.0	0.0	0.03548371688362696	5.148148148148148
1.0	1.0	0.0	0.01953954439569357	6.111111111111111
1.0	3.0	0.0	0.047253654482924456	3.8518518518518516
1.0	3.0	0.0	0.044609307528416825	3.259259259259259
1.0	3.0	0.0	0.04775860212250172	4.2592592592592595
1.0	3.0	0.0	0.04377890283614141	3.5555555555555554
1.0	3.0	0.0	0.045756036388192194	3.4074074074074074
1.0	3.0	0.0	0.044355010021442653	3.962962962962963
1.0	1.0	0.0	0.01774796645729718	4.814814814814815
1.0	2.0	0.0	0.03004273118727246	4.148148148148148
1.0	2.0	0.0	0.03023729091922382	4.555555555555555
1.0	2.0	0.0	0.032003693118959196	3.925925925925926
1.0	2.0	0.0	0.032003693118959196	3.925925925925926
1.0	3.0	0.0	0.04445700228475894	4.7407407407407405
1.0	3.0	0.0	0.0445329407479878	5.148148148148148
1.0	3.0	0.0	0.04901460128799613	4.296296296296297
1.0	3.0	0.0	0.04901460128799613	4.296296296296297
1.0	3.0	0.0	0.04929896136365709	4.814814814814815
1.0	2.0	0.0	0.03159553766973339	6.222222222222222
1.0	1.0	0.0	0.01982435191402866	6.148148148148148
1.0	1.0	0.0	0.01982435191402866	6.148148148148148
1.0	1.0	0.0	0.0198890718900283	6.666666666666667
