Constant_feature	Degree	Clustering_coefficient	Pagerank	Aver_path_len
1.0	4.0	0.0	0.029053404812207837	10.971014492753623
1.0	2.0	0.0	0.012354950200471674	8.898550724637682
1.0	2.0	0.0	0.012403429003287458	8.898550724637682
1.0	2.0	0.0	0.013593978855516053	10.072463768115941
1.0	1.0	0.0	0.0072752134210767525	10.72463768115942
1.0	2.0	0.0	0.014382992837087605	10.18840579710145
1.0	1.0	0.0	0.007577848271462324	11.0
1.0	1.0	0.0	0.007965202221995581	11.956521739130435
1.0	1.0	0.0	0.007965202221995581	11.956521739130435
1.0	1.0	0.0	0.007965202221995581	11.956521739130435
1.0	1.0	0.0	0.0076745015280287165	11.985507246376812
1.0	2.0	0.0	0.012895386470374233	11.333333333333334
1.0	1.0	0.0	0.007703953770792247	14.927536231884059
1.0	1.0	0.0	0.007719840378291048	15.623188405797102
1.0	1.0	0.0	0.007745998625076113	16.3768115942029
1.0	2.0	0.0	0.01585349336745718	18.08695652173913
1.0	2.0	0.0	0.01273756357048372	10.652173913043478
1.0	2.0	0.0	0.013923271063730338	13.304347826086957
1.0	3.0	0.0	0.02254091496748699	17.130434782608695
1.0	1.0	0.0	0.00870493428740251	19.782608695652176
1.0	4.0	0.0	0.0252382831288661	9.130434782608695
1.0	4.0	0.0	0.023947243767583476	8.753623188405797
1.0	3.0	0.0	0.01876326886495471	9.202898550724637
1.0	3.0	0.0	0.018460663477782864	8.942028985507246
1.0	2.0	0.0	0.012663258115796917	9.623188405797102
1.0	3.0	0.0	0.019489185130823553	9.73913043478261
1.0	3.0	0.0	0.01938044297016988	9.884057971014492
1.0	3.0	0.0	0.018623041975062177	9.014492753623188
1.0	1.0	0.0	0.007107341106677699	10.115942028985508
1.0	1.0	0.0	0.007107341106677699	10.115942028985508
1.0	3.0	0.0	0.019479287672774074	9.231884057971014
1.0	2.0	0.0	0.013421462285264828	9.608695652173912
1.0	2.0	0.0	0.01288558480881975	9.27536231884058
1.0	1.0	0.0	0.007242813695252771	10.869565217391305
1.0	3.0	0.0	0.020498377232127107	10.014492753623188
1.0	3.0	0.0	0.020697901373084464	10.478260869565217
1.0	2.0	0.0	0.013045028318932825	9.565217391304348
1.0	3.0	0.0	0.020820859848905172	11.0
1.0	1.0	0.0	0.0079010923095753	11.173913043478262
1.0	1.0	0.0	0.007638218317706103	11.46376811594203
1.0	3.0	0.0	0.020916240421011336	11.579710144927537
1.0	2.0	0.0	0.012928511997669284	9.884057971014492
1.0	1.0	0.0	0.007703836810987156	12.565217391304348
1.0	3.0	0.0	0.01876583586792718	10.231884057971014
1.0	2.0	0.0	0.014020322401744938	12.217391304347826
1.0	3.0	0.0	0.021053105442516422	12.884057971014492
1.0	2.0	0.0	0.012861137687895773	10.91304347826087
1.0	3.0	0.0	0.018930389381946872	11.072463768115941
1.0	1.0	0.0	0.00774505701932921	13.869565217391305
1.0	3.0	0.0	0.02115499770841633	13.608695652173912
1.0	3.0	0.0	0.01989134643782807	11.565217391304348
1.0	1.0	0.0	0.007774430033944034	14.594202898550725
1.0	2.0	0.0	0.01361504310173898	12.115942028985508
1.0	2.0	0.0	0.014247954882615044	14.391304347826088
1.0	1.0	0.0	0.0073957258088008905	12.55072463768116
1.0	2.0	0.0	0.013821712292149266	12.695652173913043
1.0	2.0	0.0	0.014387418949142071	15.202898550724637
1.0	2.0	0.0	0.014545870653480363	16.043478260869566
1.0	3.0	0.0	0.02092005843428759	13.942028985507246
1.0	3.0	0.0	0.020968524491234646	14.63768115942029
1.0	3.0	0.0	0.022149109908571076	16.91304347826087
1.0	3.0	0.0	0.021060653640700932	15.391304347826088
1.0	3.0	0.0	0.021226067690570883	16.202898550724637
1.0	1.0	0.0	0.008072345804809353	17.89855072463768
1.0	2.0	0.0	0.014932128502806272	17.130434782608695
1.0	2.0	0.0	0.015348708663640437	17.840579710144926
1.0	1.0	0.0	0.008190014176391845	18.115942028985508
1.0	1.0	0.0	0.008190014176391845	18.115942028985508
1.0	2.0	0.0	0.016171970144443524	18.797101449275363
1.0	1.0	0.0	0.008563489863951213	19.07246376811594
