Constant_feature	Degree	Clustering_coefficient	Pagerank	Aver_path_len
1.0	1.0	0.0	0.024344201388723025	5.0
1.0	3.0	0.0	0.06581641792356596	4.142857142857143
1.0	2.0	0.0	0.042808078913272735	6.0476190476190474
1.0	2.0	0.0	0.043990361261873626	4.142857142857143
1.0	2.0	0.0	0.043658765722480106	4.333333333333333
1.0	2.0	0.0	0.04282863242976591	5.857142857142857
1.0	2.0	0.0	0.043469598205091775	6.619047619047619
1.0	2.0	0.0	0.04357905040886318	4.428571428571429
1.0	2.0	0.0	0.04286496158654181	4.809523809523809
1.0	3.0	0.0	0.062360345609596926	5.285714285714286
1.0	1.0	0.0	0.024290239199928714	5.095238095238095
1.0	3.0	0.0	0.0659958412918601	4.0476190476190474
1.0	2.0	0.0	0.042808078913272735	6.0476190476190474
1.0	2.0	0.0	0.04345189049630095	6.809523809523809
1.0	2.0	0.0	0.04345189049630095	6.809523809523809
1.0	2.0	0.0	0.04365340540882598	7.571428571428571
1.0	3.0	0.0	0.06439028987985833	4.619047619047619
1.0	3.0	0.0	0.062409826881760555	5.095238095238095
1.0	1.0	0.0	0.02386295348272488	5.571428571428571
1.0	2.0	0.0	0.04282863242976591	5.857142857142857
1.0	2.0	0.0	0.04346959820509177	6.619047619047619
1.0	2.0	0.0	0.04366693986453393	7.380952380952381
