Constant_feature	Degree	Clustering_coefficient	Pagerank	Aver_path_len
1.0	1.0	0.0	0.025045380350883488	4.473684210526316
1.0	2.0	0.0	0.05090206716895099	5.105263157894737
1.0	2.0	0.0	0.04343063071121372	3.210526315789474
1.0	2.0	0.0	0.044981364947210584	3.9473684210526314
1.0	3.0	0.0	0.06394095057396601	3.0
1.0	3.0	0.0	0.06458112336214487	3.736842105263158
1.0	3.0	0.0	0.06415854464919067	3.3157894736842106
1.0	3.0	0.0	0.06498566342851012	3.210526315789474
1.0	2.0	0.0	0.044228050535692696	3.4210526315789473
1.0	3.0	0.0	0.06681661822569043	3.526315789473684
1.0	2.0	0.0	0.04508307008819247	4.368421052631579
1.0	2.0	0.0	0.045282090458442094	3.736842105263158
1.0	3.0	0.0	0.06911000501055634	4.578947368421052
1.0	2.0	0.0	0.045389590388276474	3.9473684210526314
1.0	2.0	0.0	0.046021186905662946	5.0
1.0	3.0	0.0	0.06929042643478728	4.2631578947368425
1.0	2.0	0.0	0.04643251181987241	4.473684210526316
1.0	2.0	0.0	0.04668102967369071	5.0
1.0	1.0	0.0	0.025733404420806072	5.526315789473684
1.0	1.0	0.0	0.027906290846259237	6.052631578947368
