Constant_feature	Degree	Clustering_coefficient	Pagerank	Aver_path_len
1.0	2.0	0.0	0.012174087846086153	8.18840579710145
1.0	2.0	0.0	0.01312597890240013	7.492753623188406
1.0	2.0	0.0	0.012526916860727827	6.420289855072464
1.0	1.0	0.0	0.006857020284386435	6.6231884057971016
1.0	2.0	0.0	0.012959304768181964	7.579710144927536
1.0	2.0	0.0	0.013646562281125351	7.057971014492754
1.0	1.0	0.0	0.007043988848913793	7.173913043478261
1.0	2.0	0.0	0.012859696323371892	6.420289855072464
1.0	1.0	0.0	0.007889309896661516	9.405797101449275
1.0	2.0	0.0	0.01405832259692413	9.202898550724637
1.0	1.0	0.0	0.0072204638722047155	8.18840579710145
1.0	1.0	0.0	0.007540500096613446	9.347826086956522
1.0	1.0	0.0	0.008042092026599224	8.971014492753623
1.0	1.0	0.0	0.007328112853983248	7.840579710144928
1.0	1.0	0.0	0.007282686743827601	8.333333333333334
1.0	1.0	0.0	0.00815743891790374	11.956521739130435
1.0	1.0	0.0	0.008570720446471312	12.91304347826087
1.0	1.0	0.0	0.0073198069274833764	10.420289855072463
1.0	2.0	0.0	0.012951453304186636	8.652173913043478
1.0	3.0	0.0	0.01731580358836725	5.840579710144928
1.0	4.0	0.0	0.023276682842290154	6.594202898550725
1.0	4.0	0.0	0.02375405790579681	6.188405797101449
1.0	3.0	0.0	0.017600024429396625	7.231884057971015
1.0	3.0	0.0	0.017689930737904737	5.666666666666667
1.0	4.0	0.0	0.024124148821030016	5.63768115942029
1.0	3.0	0.0	0.018060926087596966	6.826086956521739
1.0	2.0	0.0	0.012127958634481061	7.579710144927536
1.0	4.0	0.0	0.02508652348736988	6.27536231884058
1.0	2.0	0.0	0.012142996125330839	7.550724637681159
1.0	3.0	0.0	0.01871617324769534	6.188405797101449
1.0	2.0	0.0	0.012388603753775079	5.927536231884058
1.0	3.0	0.0	0.01832463829032209	5.9855072463768115
1.0	1.0	0.0	0.006772681594105526	7.173913043478261
1.0	3.0	0.0	0.018683465161110135	6.159420289855072
1.0	3.0	0.0	0.018437117226592442	6.0144927536231885
1.0	3.0	0.0	0.018827183657700287	6.27536231884058
1.0	1.0	0.0	0.007072508088896868	7.260869565217392
1.0	1.0	0.0	0.007072508088896868	7.260869565217392
1.0	1.0	0.0	0.0070762313754705215	7.260869565217392
1.0	3.0	0.0	0.021537886704448908	8.420289855072463
1.0	3.0	0.0	0.019307898636111202	7.202898550724638
1.0	3.0	0.0	0.020371700785100436	8.36231884057971
1.0	1.0	0.0	0.007889309896661516	9.405797101449275
1.0	3.0	0.0	0.022047140227003974	7.9855072463768115
1.0	3.0	0.0	0.019664207199828133	6.855072463768116
1.0	3.0	0.0	0.019141219587178432	8.043478260869565
1.0	3.0	0.0	0.019514372172829024	7.3478260869565215
1.0	1.0	0.0	0.008042092026599224	8.971014492753623
1.0	2.0	0.0	0.013246274481759026	8.971014492753623
1.0	2.0	0.0	0.013246274481759026	8.971014492753623
1.0	2.0	0.0	0.014483316123973721	10.072463768115941
1.0	3.0	0.0	0.018771764559195887	7.898550724637682
1.0	2.0	0.0	0.013498763068776225	9.898550724637682
1.0	2.0	0.0	0.013498763068776225	9.898550724637682
1.0	3.0	0.0	0.02243052990251546	10.971014492753623
1.0	2.0	0.0	0.013578337270247345	10.826086956521738
1.0	3.0	0.0	0.018870279176341886	8.73913043478261
1.0	2.0	0.0	0.015870816375266824	11.927536231884059
1.0	2.0	0.0	0.013122106271726537	9.666666666666666
1.0	2.0	0.0	0.013122106271726537	9.666666666666666
1.0	3.0	0.0	0.019637376959029503	9.434782608695652
1.0	2.0	0.0	0.013405823594501282	10.594202898550725
1.0	2.0	0.0	0.013405823594501282	10.594202898550725
1.0	3.0	0.0	0.01930966163305364	10.27536231884058
1.0	2.0	0.0	0.013493658491172403	11.521739130434783
1.0	2.0	0.0	0.013322121098273491	11.202898550724637
1.0	2.0	0.0	0.013322121098273491	11.202898550724637
1.0	2.0	0.0	0.013556891136520952	12.130434782608695
1.0	2.0	0.0	0.013556891136520952	12.130434782608695
1.0	2.0	0.0	0.013629846028145352	13.057971014492754
