Constant_feature	Degree	Clustering_coefficient	Pagerank	Aver_path_len
1.0	1.0	0.0	0.022672556976124948	4.571428571428571
1.0	2.0	0.0	0.03905339312264426	3.3333333333333335
1.0	2.0	0.0	0.04069777209865055	4.285714285714286
1.0	3.0	0.0	0.05666817240764323	3.142857142857143
1.0	3.0	0.0	0.057019190357340106	3.0476190476190474
1.0	3.0	0.0	0.05704397129733972	3.5238095238095237
1.0	3.0	0.0	0.05857455184176632	3.9047619047619047
1.0	3.0	0.0	0.058004617312681764	3.5238095238095237
1.0	3.0	0.0	0.057990868610678425	4.095238095238095
1.0	2.0	0.0	0.039778700277448995	3.4285714285714284
1.0	3.0	0.0	0.06042231956620994	3.619047619047619
1.0	3.0	0.0	0.061665934835746825	4.571428571428571
1.0	2.0	0.0	0.03978373453749723	3.9047619047619047
1.0	2.0	0.0	0.040226336542149466	4.285714285714286
1.0	2.0	0.0	0.04018056330500128	4.857142857142857
1.0	2.0	0.0	0.040530087738822114	4.476190476190476
1.0	2.0	0.0	0.04055541884255712	4.857142857142857
1.0	2.0	0.0	0.04179617641256059	5.333333333333333
1.0	1.0	0.0	0.023045654135230246	5.523809523809524
1.0	2.0	0.0	0.04126001030400006	5.0476190476190474
1.0	2.0	0.0	0.04166689535089228	4.9523809523809526
1.0	2.0	0.0	0.04136307412701433	5.619047619047619
