Constant_feature	Degree	Clustering_coefficient	Pagerank	Aver_path_len
1.0	1.0	0.0	0.022646933909205032	4.666666666666667
1.0	2.0	0.0	0.03903280765995627	3.3333333333333335
1.0	2.0	0.0	0.040733769891201484	4.190476190476191
1.0	3.0	0.0	0.05665503511602379	3.142857142857143
1.0	3.0	0.0	0.05699059506839189	3.0476190476190474
1.0	3.0	0.0	0.05703737381216438	3.5238095238095237
1.0	3.0	0.0	0.05798649494246984	4.095238095238095
1.0	3.0	0.0	0.05796459101450201	3.5238095238095237
1.0	3.0	0.0	0.0584180225652978	4.0
1.0	2.0	0.0	0.039744498582029664	3.5238095238095237
1.0	2.0	0.0	0.039778007066526296	3.9047619047619047
1.0	3.0	0.0	0.060336908663068005	3.7142857142857144
1.0	2.0	0.0	0.04022334221094957	4.285714285714286
1.0	2.0	0.0	0.040177465470403254	4.857142857142857
1.0	2.0	0.0	0.04052611419651829	4.476190476190476
1.0	2.0	0.0	0.040846403066071825	4.666666666666667
1.0	2.0	0.0	0.04055320400225512	4.857142857142857
1.0	3.0	0.0	0.0626603474167281	4.857142857142857
1.0	2.0	0.0	0.041725281663940045	5.333333333333333
1.0	2.0	0.0	0.041257760129155406	5.0476190476190474
1.0	2.0	0.0	0.0413610621036173	5.619047619047619
1.0	1.0	0.0	0.023343981449524383	5.809523809523809
