Constant_feature	Degree	Clustering_coefficient	Pagerank	Aver_path_len
1.0	2.0	0.0	0.04535505167434778	4.0
1.0	2.0	0.0	0.04532205944442287	4.105263157894737
1.0	1.0	0.0	0.02556620617043877	4.2631578947368425
1.0	1.0	0.0	0.02713540753524401	4.473684210526316
1.0	3.0	0.0	0.06589248728539629	2.6842105263157894
1.0	2.0	0.0	0.049188385337132684	3.526315789473684
1.0	3.0	0.0	0.06465971021725145	2.6842105263157894
1.0	3.0	0.0	0.06775989918449098	3.210526315789474
1.0	3.0	0.0	0.0645271067586379	2.789473684210526
1.0	2.0	0.0	0.04492484965517854	3.3157894736842106
1.0	3.0	0.0	0.06855182594547819	3.3157894736842106
1.0	3.0	0.0	0.06521837863514089	3.210526315789474
1.0	1.0	0.0	0.025327340125744766	4.157894736842105
1.0	3.0	0.0	0.06514888284296935	3.3157894736842106
1.0	2.0	0.0	0.04535505167434778	4.0
1.0	2.0	0.0	0.04532205944442287	4.105263157894737
1.0	2.0	0.0	0.046199825206481575	4.7894736842105265
1.0	2.0	0.0	0.04619982520648157	4.7894736842105265
1.0	2.0	0.0	0.04617282382819574	4.894736842105263
1.0	2.0	0.0	0.04617282382819575	4.894736842105263
