Constant_feature	Degree	Clustering_coefficient	Pagerank	Aver_path_len
1.0	1.0	0.0	0.023505267876423784	4.05
1.0	3.0	0.0	0.05906878022912013	3.0
1.0	3.0	0.0	0.0633632183699224	3.9
1.0	2.0	0.0	0.040180302592138936	3.2
1.0	2.0	0.0	0.040482610994689014	3.25
1.0	1.0	0.0	0.02581900797080016	5.05
1.0	3.0	0.0	0.06028523224619117	3.2
1.0	3.0	0.0	0.058329127398986984	2.85
1.0	3.0	0.0	0.05922206908380025	2.9
1.0	3.0	0.0	0.0626481886411687	3.25
1.0	2.0	0.0	0.041603972461434074	3.75
1.0	2.0	0.0	0.04249267021117554	4.2
1.0	3.0	0.0	0.06247653878585824	3.1
1.0	3.0	0.0	0.05972912009890301	3.55
1.0	1.0	0.0	0.023770745658775343	4.85
1.0	3.0	0.0	0.05985019617775454	3.6
1.0	2.0	0.0	0.0420724174986816	4.3
1.0	2.0	0.0	0.04211287706396264	4.35
1.0	2.0	0.0	0.04679276285890556	4.1
1.0	2.0	0.0	0.043090381657723886	5.05
1.0	2.0	0.0	0.043104512123583544	5.1
