Constant_feature	Degree	Clustering_coefficient	Pagerank	Aver_path_len
1.0	1.0	0.0	0.031054315852076048	5.1875
1.0	1.0	0.0	0.03230657844753445	5.5
1.0	2.0	0.0	0.05458769050954286	3.1875
1.0	2.0	0.0	0.05505249120167789	3.8125
1.0	2.0	0.0	0.056226278762975625	4.8125
1.0	1.0	0.0	0.031054315852076048	5.1875
1.0	4.0	0.0	0.10560953719380564	3.75
1.0	2.0	0.0	0.054270831941492285	4.5625
1.0	2.0	0.0	0.054270831941492285	4.5625
1.0	2.0	0.0	0.054726849430906784	5.375
1.0	2.0	0.0	0.0543512851828136	3.4375
1.0	2.0	0.0	0.05871967030036525	4.5625
1.0	2.0	0.0	0.05490567776311216	3.25
1.0	3.0	0.0	0.0799952865117708	3.25
1.0	2.0	0.0	0.05505249120167789	3.8125
1.0	3.0	0.0	0.08390793395334015	4.25
1.0	3.0	0.0	0.08390793395334015	4.25
