Constant_feature	Degree	Clustering_coefficient	Pagerank	Aver_path_len
1.0	2.0	0.0	0.04639291382312652	3.111111111111111
1.0	1.0	0.0	0.025908742216571568	3.888888888888889
1.0	1.0	0.0	0.025908742216571568	3.888888888888889
1.0	2.0	0.0	0.04639291382312652	3.111111111111111
1.0	4.0	0.0	0.10331699389658353	3.7777777777777777
1.0	3.0	0.0	0.07026549200885418	3.1666666666666665
1.0	1.0	0.0	0.028510809045209827	4.722222222222222
1.0	1.0	0.0	0.028510809045209827	4.722222222222222
1.0	1.0	0.0	0.028510809045209827	4.722222222222222
1.0	3.0	0.0	0.0668370246567293	2.7777777777777777
1.0	3.0	0.0	0.06683702465672932	2.7777777777777777
1.0	3.0	0.0	0.067288115962983	3.111111111111111
1.0	3.0	0.0	0.06728811596298298	3.111111111111111
1.0	3.0	0.0	0.06881824349963699	2.9444444444444446
1.0	3.0	0.0	0.068818243499637	2.9444444444444446
1.0	2.0	0.0	0.047095461676584856	3.8333333333333335
1.0	2.0	0.0	0.047095461676584856	3.8333333333333335
1.0	2.0	0.0	0.04810204164383401	4.555555555555555
1.0	2.0	0.0	0.048102041643834005	4.555555555555555
