Constant_feature	Degree	Clustering_coefficient	Pagerank	Aver_path_len
1.0	2.0	0.0	0.049283993603726164	4.2105263157894735
1.0	1.0	0.0	0.0248181690607465	4.2105263157894735
1.0	2.0	0.0	0.04234555195910498	3.1578947368421053
1.0	2.0	0.0	0.04365128514397919	3.6842105263157894
1.0	3.0	0.0	0.060812884575639034	2.6315789473684212
1.0	3.0	0.0	0.06121366332781267	2.736842105263158
1.0	3.0	0.0	0.06176254047061788	3.0526315789473686
1.0	3.0	0.0	0.06211758118553537	2.8421052631578947
1.0	3.0	0.0	0.06271060675003552	2.9473684210526314
1.0	3.0	0.0	0.062368706057073335	3.263157894736842
1.0	3.0	0.0	0.06608146935427797	3.3684210526315788
1.0	2.0	0.0	0.04320176947852105	3.473684210526316
1.0	3.0	0.0	0.06606158363820992	3.263157894736842
1.0	2.0	0.0	0.04375333446339561	3.789473684210526
1.0	2.0	0.0	0.04464214737836619	3.5789473684210527
1.0	2.0	0.0	0.04396310095402882	4.0
1.0	2.0	0.0	0.04408364632403117	3.789473684210526
1.0	2.0	0.0	0.04494131101238845	4.526315789473684
1.0	2.0	0.0	0.04500815184927728	4.7368421052631575
1.0	1.0	0.0	0.027178503413232524	5.157894736842105
