Constant_feature	Degree	Clustering_coefficient	Pagerank	Aver_path_len
1.0	2.0	0.0	0.06539875661109176	3.142857142857143
1.0	1.0	0.0	0.03531810875413264	4.0
1.0	1.0	0.0	0.03943925624609868	5.785714285714286
1.0	2.0	0.0	0.0701884627286001	4.214285714285714
1.0	2.0	0.0	0.06833261056811935	3.7142857142857144
1.0	2.0	0.0	0.0668448906125925	3.357142857142857
1.0	3.0	0.0	0.09207423953899006	3.2857142857142856
1.0	3.0	0.0	0.09550347770103629	3.0714285714285716
1.0	2.0	0.0	0.06306154938306893	3.9285714285714284
1.0	2.0	0.0	0.06306154938306893	3.9285714285714284
1.0	3.0	0.0	0.10924363344161137	4.857142857142857
1.0	2.0	0.0	0.06394078249230287	4.571428571428571
1.0	2.0	0.0	0.06394078249230287	4.571428571428571
1.0	2.0	0.0	0.06421264380088515	5.214285714285714
1.0	1.0	0.0	0.03943925624609868	5.785714285714286
