Constant_feature	Degree	Clustering_coefficient	Pagerank	Aver_path_len
1.0	1.0	0.0	0.017837105654195357	7.607142857142857
1.0	2.0	0.0	0.030462317213249882	4.642857142857143
1.0	1.0	0.0	0.017490061565729617	5.285714285714286
1.0	1.0	0.0	0.017421120914550333	5.821428571428571
1.0	1.0	0.0	0.018962786474580683	6.785714285714286
1.0	1.0	0.0	0.018962786474580683	6.785714285714286
1.0	1.0	0.0	0.01912466692336913	8.0
1.0	1.0	0.0	0.01912466692336913	8.0
1.0	2.0	0.0	0.03125668910374843	4.428571428571429
1.0	2.0	0.0	0.030713952078735472	5.357142857142857
1.0	2.0	0.0	0.030883706319951125	5.142857142857143
1.0	3.0	0.0	0.05171757154326868	5.821428571428571
1.0	3.0	0.0	0.052257335964807985	7.035714285714286
1.0	3.0	0.0	0.045170811428899824	4.357142857142857
1.0	3.0	0.0	0.0468071906325442	4.321428571428571
1.0	3.0	0.0	0.045890953795892274	4.607142857142857
1.0	3.0	0.0	0.04657656513236447	4.857142857142857
1.0	3.0	0.0	0.04487508396146178	4.892857142857143
1.0	3.0	0.0	0.04711337356358578	5.0
1.0	2.0	0.0	0.03164709557720214	5.214285714285714
1.0	2.0	0.0	0.03196604732584258	5.607142857142857
1.0	3.0	0.0	0.04794081865146978	6.214285714285714
1.0	3.0	0.0	0.04601001386610084	5.892857142857143
1.0	2.0	0.0	0.03207320540507422	5.821428571428571
1.0	3.0	0.0	0.0479630763033683	6.642857142857143
1.0	2.0	0.0	0.031892881079433444	6.714285714285714
1.0	2.0	0.0	0.03257361487854563	7.464285714285714
1.0	2.0	0.0	0.03253648962548714	7.535714285714286
1.0	2.0	0.0	0.03274801161859091	8.285714285714286
