Constant_feature	Degree	Clustering_coefficient	Pagerank	Aver_path_len
1.0	0.0	0.0	0.0	0.0
1.0	2.0	0.0	0.02053623370475292	4.682926829268292
1.0	2.0	0.0	0.02132914919417055	5.804878048780488
1.0	1.0	0.0	0.012042079283112534	6.341463414634147
1.0	1.0	0.0	0.011909999724254057	6.341463414634147
1.0	1.0	0.0	0.012049283210395285	7.804878048780488
1.0	2.0	0.0	0.022405469831774737	9.414634146341463
1.0	1.0	0.0	0.011555017204091179	5.658536585365853
1.0	1.0	0.0	0.011618418201241001	5.951219512195122
1.0	1.0	0.0	0.011663882376914354	6.536585365853658
1.0	1.0	0.0	0.011663509627991297	6.829268292682927
1.0	1.0	0.0	0.012029364340743694	7.951219512195122
1.0	3.0	0.0	0.031179844549067623	6.780487804878049
1.0	4.0	0.0	0.04293659906270995	5.365853658536586
1.0	3.0	0.0	0.03075291651479281	6.048780487804878
1.0	3.0	0.0	0.02994561593759492	4.390243902439025
1.0	2.0	0.0	0.021026141613667816	5.073170731707317
1.0	3.0	0.0	0.03176482319289437	5.365853658536586
1.0	2.0	0.0	0.020778332492625874	5.560975609756097
1.0	3.0	0.0	0.030569668560763125	5.024390243902439
1.0	3.0	0.0	0.032228735871837284	6.829268292682927
1.0	3.0	0.0	0.029542423989184066	4.390243902439025
1.0	3.0	0.0	0.03000979242912636	4.682926829268292
1.0	3.0	0.0	0.03258893387313529	6.2926829268292686
1.0	2.0	0.0	0.023840295229356837	6.2926829268292686
1.0	2.0	0.0	0.02174689596078804	7.658536585365853
1.0	2.0	0.0	0.02174689596078804	7.658536585365853
1.0	3.0	0.0	0.030578830007291512	4.682926829268292
1.0	3.0	0.0	0.030792952258253497	4.975609756097561
1.0	1.0	0.0	0.012157930200925295	7.2682926829268295
1.0	3.0	0.0	0.029789606197074138	4.975609756097561
1.0	3.0	0.0	0.029837427153449177	5.2682926829268295
1.0	1.0	0.0	0.01310869337103458	7.2682926829268295
1.0	2.0	0.0	0.022250036100014213	8.536585365853659
1.0	2.0	0.0	0.022250036100014213	8.536585365853659
1.0	3.0	0.0	0.03094163018511712	5.560975609756097
1.0	3.0	0.0	0.03094333014017745	5.853658536585366
1.0	3.0	0.0	0.03042541232887159	6.146341463414634
1.0	3.0	0.0	0.030375564221014652	6.439024390243903
1.0	3.0	0.0	0.03215985792181773	6.975609756097561
1.0	2.0	0.0	0.021300742695533413	7.317073170731708
1.0	2.0	0.0	0.021836036663158802	7.853658536585366
1.0	2.0	0.0	0.021791592518478085	8.146341463414634
