Constant_feature	Degree	Clustering_coefficient	Pagerank	Aver_path_len
1.0	0.0	0.0	0.0	0.0
1.0	1.0	0.0	0.022205123862961158	4.782608695652174
1.0	1.0	0.0	0.023747974332414584	6.173913043478261
1.0	1.0	0.0	0.023747974332414584	6.173913043478261
1.0	2.0	0.0	0.040563846713835935	4.086956521739131
1.0	1.0	0.0	0.02188973881243978	4.695652173913044
1.0	2.0	0.0	0.042651605119030406	5.130434782608695
1.0	3.0	0.0	0.0670851166663111	5.913043478260869
1.0	3.0	0.0	0.061193954215952646	4.434782608695652
1.0	3.0	0.0	0.05907696876181634	3.739130434782609
1.0	2.0	0.0	0.03815828175815345	3.8260869565217392
1.0	3.0	0.0	0.06012751109332256	3.8260869565217392
1.0	3.0	0.0	0.054227355589561814	4.0
1.0	1.0	0.0	0.024292882268155628	6.869565217391305
1.0	1.0	0.0	0.024292882268155628	6.869565217391305
1.0	3.0	0.0	0.053438117700929516	4.434782608695652
1.0	3.0	0.0	0.05391656742773783	5.043478260869565
1.0	2.0	0.0	0.03746453546434465	4.782608695652174
1.0	2.0	0.0	0.037393300461738416	5.217391304347826
1.0	2.0	0.0	0.03737143766469765	5.826086956521739
1.0	2.0	0.0	0.037841979760730796	5.391304347826087
1.0	2.0	0.0	0.037561670081301755	5.826086956521739
1.0	2.0	0.0	0.03821368787771759	6.0
1.0	2.0	0.0	0.0382645513210558	6.608695652173913
1.0	3.0	0.0	0.06527293644522017	5.217391304347826
