Constant_feature	Degree	Clustering_coefficient	Pagerank	Aver_path_len
1.0	2.0	1.0	0.031743299865390845	4.24
1.0	2.0	0.0	0.03220790867903734	3.52
1.0	2.0	0.0	0.03618981982574465	3.88
1.0	1.0	0.0	0.018655294491821968	4.56
1.0	2.0	0.0	0.03768096310167985	4.12
1.0	1.0	0.0	0.021490473970267765	5.64
1.0	1.0	0.0	0.02192785043087809	5.88
1.0	4.0	0.0	0.06247626115952297	2.76
1.0	4.0	0.16666666666666666	0.0605003220552144	3.32
1.0	4.0	0.0	0.06313120101514279	2.76
1.0	3.0	0.0	0.0467619099310529	3.52
1.0	3.0	0.0	0.04899759896838772	3.16
1.0	2.0	1.0	0.031743299865390845	4.24
1.0	3.0	0.0	0.049363574042065136	3.6
1.0	3.0	0.0	0.04777954762623188	3.24
1.0	1.0	0.0	0.017903062798786038	3.72
1.0	2.0	0.0	0.03364941252880162	3.48
1.0	2.0	0.0	0.03500852121846827	3.4
1.0	2.0	0.0	0.03385305301180177	3.96
1.0	2.0	0.0	0.03466133406628919	4.2
1.0	3.0	0.0	0.05224715830117807	4.68
1.0	3.0	0.0	0.058814439914616025	4.68
1.0	1.0	0.0	0.019519680766267984	5.64
1.0	3.0	0.0	0.06027568796481604	4.92
1.0	1.0	0.0	0.021490473970267765	5.64
1.0	1.0	0.0	0.02192785043087809	5.88
