Constant_feature	Degree	Clustering_coefficient	Pagerank	Aver_path_len
1.0	4.0	0.0	0.11528548104841453	1.0
1.0	1.0	0.0	0.030702439261705905	1.75
1.0	1.0	0.0	0.030702439261705905	1.75
1.0	1.0	0.0	0.030702439261705905	1.75
1.0	1.0	0.0	0.030702439261705905	1.75
1.0	2.0	0.0	0.04113411661842695	2.7333333333333334
1.0	1.0	0.0	0.024412976232621363	4.733333333333333
1.0	1.0	0.0	0.024412976232621363	4.733333333333333
1.0	3.0	0.0	0.060594815405545316	2.8666666666666667
1.0	3.0	0.0	0.060594815405545316	2.8666666666666667
1.0	3.0	0.0	0.06061971049474299	2.7333333333333334
1.0	3.0	0.0	0.06061971049474299	2.7333333333333334
1.0	2.0	0.0	0.041118408445555546	2.8666666666666667
1.0	2.0	0.0	0.04254030078934013	3.4
1.0	2.0	0.0	0.04254030078934013	3.4
1.0	2.0	0.0	0.04259908216088246	3.2666666666666666
1.0	2.0	0.0	0.04259908216088246	3.2666666666666666
1.0	3.0	0.0	0.06550292896959467	3.8
1.0	3.0	0.0	0.06550292896959467	3.8
1.0	2.0	0.0	0.04355630436766263	3.933333333333333
1.0	2.0	0.0	0.04355630436766263	3.933333333333333
