Constant_feature	Degree	Clustering_coefficient	Pagerank	Aver_path_len
1.0	1.0	0.0	0.015228878699587098	7.0588235294117645
1.0	1.0	0.0	0.015228878699587098	7.0588235294117645
1.0	1.0	0.0	0.01566142233803673	8.970588235294118
1.0	1.0	0.0	0.01566142233803673	8.970588235294118
1.0	1.0	0.0	0.01619880975047638	11.0
1.0	1.0	0.0	0.01619880975047638	11.0
1.0	1.0	0.0	0.016774948392906185	11.852941176470589
1.0	1.0	0.0	0.016774948392906185	11.852941176470589
1.0	2.0	0.0	0.027894215987867545	6.352941176470588
1.0	2.0	0.0	0.027894215987867545	6.352941176470588
1.0	2.0	0.0	0.028396802455062244	7.5
1.0	2.0	0.0	0.028396802455062244	7.5
1.0	3.0	0.0	0.04639532190026477	10.882352941176471
1.0	3.0	0.0	0.04639532190026477	10.882352941176471
1.0	3.0	0.0	0.04041211202706392	5.9411764705882355
1.0	2.0	0.0	0.0284704161618382	6.735294117647059
1.0	2.0	0.0	0.029976191282069145	7.588235294117647
1.0	2.0	0.0	0.03179520978700843	8.5
1.0	3.0	0.0	0.04123927653120538	6.088235294117647
1.0	3.0	0.0	0.04123927653120538	6.088235294117647
1.0	1.0	0.0	0.017164693797036567	9.470588235294118
1.0	2.0	0.0	0.028144876992641003	6.676470588235294
1.0	2.0	0.0	0.028144876992641003	6.676470588235294
1.0	2.0	0.0	0.028301405932049415	7.0588235294117645
1.0	2.0	0.0	0.028301405932049415	7.0588235294117645
1.0	3.0	0.0	0.042682519359357185	8.0
1.0	3.0	0.0	0.042682519359357185	8.0
1.0	2.0	0.0	0.02877802996574306	8.617647058823529
1.0	2.0	0.0	0.02877802996574306	8.617647058823529
1.0	2.0	0.0	0.029149500932475956	9.294117647058824
1.0	2.0	0.0	0.029149500932475956	9.294117647058824
1.0	3.0	0.0	0.04446973084191265	10.029411764705882
1.0	3.0	0.0	0.04446973084191265	10.029411764705882
1.0	1.0	0.0	0.016774948392906185	11.852941176470589
1.0	1.0	0.0	0.016774948392906185	11.852941176470589
