Constant_feature	Degree	Clustering_coefficient	Pagerank	Aver_path_len
1.0	1.0	0.0	0.014619729676783186	5.1875
1.0	1.0	0.0	0.014627088343319355	5.25
1.0	1.0	0.0	0.015282193453446676	6.0625
1.0	2.0	0.0	0.03167872980557772	6.0
1.0	1.0	0.0	0.016121486728267038	6.0625
1.0	2.0	0.0	0.030966118523223243	7.71875
1.0	3.0	0.0	0.036793305697545436	3.65625
1.0	3.0	0.0	0.03667687814236049	3.6875
1.0	3.0	0.0	0.036729886409686795	3.75
1.0	3.0	0.0	0.03699820422940611	3.78125
1.0	3.0	0.0	0.03702664457837691	3.8125
1.0	2.0	0.0	0.025895321651330818	4.125
1.0	3.0	0.0	0.03863136573821428	4.21875
1.0	3.0	0.0	0.03865560839242825	4.28125
1.0	3.0	0.0	0.03947318377208747	4.3125
1.0	3.0	0.0	0.03813435194335765	4.75
1.0	3.0	0.0	0.03814090947040944	4.8125
1.0	2.0	0.0	0.026350607589734447	4.59375
1.0	3.0	0.0	0.03942013795900061	4.65625
1.0	3.0	0.0	0.040837883189180225	5.09375
1.0	2.0	0.0	0.02714041509687084	5.125
1.0	2.0	0.0	0.026827710797789096	5.59375
1.0	2.0	0.0	0.026829824898174624	5.65625
1.0	3.0	0.0	0.04363524730531144	5.09375
1.0	2.0	0.0	0.02748766070351085	5.375
1.0	2.0	0.0	0.02748766070351085	5.375
1.0	2.0	0.0	0.02746004687386624	6.4375
1.0	2.0	0.0	0.027460860783322	6.5
1.0	2.0	0.0	0.02806637553677229	6.09375
1.0	2.0	0.0	0.02806637553677229	6.09375
1.0	3.0	0.0	0.042227206281536624	6.8125
1.0	1.0	0.0	0.017285078579595686	6.96875
1.0	1.0	0.0	0.016965901609230703	8.6875
