Constant_feature	Degree	Clustering_coefficient	Pagerank	Aver_path_len
1.0	4.0	0.0	0.05698522183098446	7.794117647058823
1.0	1.0	0.0	0.016499064625490657	8.147058823529411
1.0	1.0	0.0	0.016499064625490657	8.147058823529411
1.0	1.0	0.0	0.016499064625490657	8.147058823529411
1.0	1.0	0.0	0.014629086796505979	6.0588235294117645
1.0	1.0	0.0	0.01567813191343927	8.764705882352942
1.0	1.0	0.0	0.01567813191343927	8.764705882352942
1.0	2.0	0.0	0.027237960350451666	5.647058823529412
1.0	2.0	0.0	0.02407168933106283	5.0
1.0	2.0	0.0	0.024472577551216852	4.705882352941177
1.0	1.0	0.0	0.01567813191343927	8.764705882352942
1.0	4.0	0.0	0.05604020007940633	6.264705882352941
1.0	2.0	0.0	0.03031501458746517	7.176470588235294
1.0	2.0	0.0	0.03031501458746517	7.176470588235294
1.0	2.0	0.0	0.03031501458746517	7.176470588235294
1.0	3.0	0.0	0.03653161839859129	4.647058823529412
1.0	3.0	0.0	0.03516399615370411	4.382352941176471
1.0	3.0	0.0	0.03504694928996367	4.352941176470588
1.0	3.0	0.0	0.03924064670188493	5.088235294117647
1.0	3.0	0.0	0.03496043046369361	4.323529411764706
1.0	3.0	0.0	0.03525095544923468	4.9411764705882355
1.0	3.0	0.0	0.03555354026062628	4.970588235294118
1.0	2.0	0.0	0.025231081919242435	5.5
1.0	2.0	0.0	0.024785749566658605	5.205882352941177
1.0	2.0	0.0	0.025364055169657652	5.470588235294118
1.0	2.0	0.0	0.02497955812836942	5.794117647058823
1.0	3.0	0.0	0.03709432701942579	5.147058823529412
1.0	2.0	0.0	0.025083847141865366	5.823529411764706
1.0	2.0	0.0	0.025658573831652286	6.647058823529412
1.0	2.0	0.0	0.02569198420658746	6.676470588235294
1.0	2.0	0.0	0.025803126860759452	5.764705882352941
1.0	2.0	0.0	0.025803126860759452	5.764705882352941
1.0	3.0	0.0	0.03931464920938075	7.0
1.0	2.0	0.0	0.026264207024564612	6.382352941176471
1.0	2.0	0.0	0.026264207024564612	6.382352941176471
