Constant_feature	Degree	Clustering_coefficient	Pagerank	Aver_path_len
1.0	2.0	0.0	0.04573422199314857	3.2222222222222223
1.0	2.0	0.0	0.046413791372781184	4.333333333333333
1.0	2.0	0.0	0.05261918001148051	4.333333333333333
1.0	1.0	0.0	0.025744684281004085	4.222222222222222
1.0	1.0	0.0	0.025744684281004085	4.222222222222222
1.0	1.0	0.0	0.03031715770078269	6.0
1.0	3.0	0.0	0.06617901119468955	3.0
1.0	3.0	0.0	0.06617901119468955	3.0
1.0	3.0	0.0	0.0666155506139835	3.5555555555555554
1.0	3.0	0.0	0.06827154310923202	3.2777777777777777
1.0	3.0	0.0	0.06661555061398348	3.5555555555555554
1.0	3.0	0.0	0.0687266298301257	3.2222222222222223
1.0	2.0	0.0	0.04573422199314857	3.2222222222222223
1.0	3.0	0.0	0.06827154310923204	3.2777777777777777
1.0	2.0	0.0	0.04955806918388762	3.7222222222222223
1.0	2.0	0.0	0.04641379137278117	4.333333333333333
1.0	2.0	0.0	0.047035614337329876	4.888888888888889
1.0	3.0	0.0	0.08350858610593273	5.055555555555555
1.0	1.0	0.0	0.03031715770078269	6.0
