Constant_feature	Degree	Clustering_coefficient	Pagerank	Aver_path_len
1.0	2.0	0.0	0.04355042599930836	4.55
1.0	2.0	0.0	0.045636980910851846	7.3
1.0	1.0	0.0	0.02493805063103465	4.95
1.0	2.0	0.0	0.04907782260647785	5.9
1.0	1.0	0.0	0.025532338265465693	6.1
1.0	3.0	0.0	0.06502345712712161	5.05
1.0	2.0	0.0	0.04403072215236746	3.95
1.0	2.0	0.0	0.0432640464621649	4.3
1.0	2.0	0.0	0.04470690509762769	5.8
1.0	2.0	0.0	0.04470690509762769	5.8
1.0	2.0	0.0	0.044503597088512176	4.6
1.0	2.0	0.0	0.04541572375497664	6.55
1.0	2.0	0.0	0.04541572375497664	6.55
1.0	2.0	0.0	0.04496429919570012	4.25
1.0	3.0	0.0	0.06725455570467331	4.0
1.0	3.0	0.0	0.06364235091039756	4.0
1.0	3.0	0.0	0.06469680698193843	4.6
1.0	2.0	0.0	0.04376924846233422	4.85
1.0	3.0	0.0	0.06923713559206778	5.15
1.0	2.0	0.0	0.05232551510145826	6.75
1.0	1.0	0.0	0.028307389102916913	7.7
