Constant_feature	Degree	Clustering_coefficient	Pagerank	Aver_path_len
1.0	1.0	0.0	0.012388995998708463	5.657894736842105
1.0	1.0	0.0	0.012373318708423798	5.2368421052631575
1.0	1.0	0.0	0.014072122504135523	8.078947368421053
1.0	1.0	0.0	0.014072122504135523	8.078947368421053
1.0	3.0	0.0	0.03119246592154213	4.078947368421052
1.0	3.0	0.0	0.031177027326332457	3.9473684210526314
1.0	2.0	0.0	0.021653582664783046	4.605263157894737
1.0	2.0	0.0	0.02167356740397918	5.184210526315789
1.0	3.0	0.0	0.03836362557045402	7.105263157894737
1.0	3.0	0.0	0.031485848270408776	4.2631578947368425
1.0	3.0	0.0	0.03150253951129983	4.526315789473684
1.0	3.0	0.0	0.03275046380020416	4.684210526315789
1.0	3.0	0.0	0.0326964872052605	4.2631578947368425
1.0	3.0	0.0	0.03225933370392998	5.342105263157895
1.0	3.0	0.0	0.032146967147043154	4.473684210526316
1.0	3.0	0.0	0.03219735801649766	5.7894736842105265
1.0	3.0	0.0	0.0327484099145757	4.973684210526316
1.0	3.0	0.0	0.03275630572493703	5.2368421052631575
1.0	2.0	0.0	0.022692611725779174	6.2105263157894735
1.0	2.0	0.0	0.022286060593605897	4.973684210526316
1.0	2.0	0.0	0.022670130968829527	6.657894736842105
1.0	2.0	0.0	0.023042783443207534	5.842105263157895
1.0	2.0	0.0	0.023042783443207534	5.842105263157895
1.0	3.0	0.0	0.033596989410540026	5.526315789473684
1.0	2.0	0.0	0.023046824551500394	6.105263157894737
1.0	2.0	0.0	0.023046824551500394	6.105263157894737
1.0	2.0	0.0	0.023222590305064288	7.078947368421052
1.0	2.0	0.0	0.023216382478037825	7.526315789473684
1.0	3.0	0.0	0.034888419588703465	6.2368421052631575
1.0	2.0	0.0	0.02367601506571074	6.7105263157894735
1.0	2.0	0.0	0.02367601506571074	6.7105263157894735
1.0	2.0	0.0	0.023678594861741568	6.973684210526316
1.0	2.0	0.0	0.023678594861741568	6.973684210526316
1.0	2.0	0.0	0.023411242649945416	6.394736842105263
1.0	2.0	0.0	0.02387245463759361	7.578947368421052
1.0	2.0	0.0	0.023875297897731636	7.842105263157895
1.0	2.0	0.0	0.023864643853030894	7.105263157894737
1.0	2.0	0.0	0.02393312088666192	7.2631578947368425
1.0	2.0	0.0	0.024071077263504652	7.973684210526316
