Constant_feature	Degree	Clustering_coefficient	Pagerank	Aver_path_len
1.0	2.0	0.0	0.027485990308546683	6.033333333333333
1.0	1.0	0.0	0.01681757344093463	5.866666666666666
1.0	2.0	0.0	0.02752401256072301	6.6
1.0	2.0	0.0	0.03315622900222974	8.233333333333333
1.0	1.0	0.0	0.016443957643019355	5.733333333333333
1.0	1.0	0.0	0.017800673066433605	7.733333333333333
1.0	1.0	0.0	0.017800673066433605	7.733333333333333
1.0	2.0	0.0	0.02984077388340265	5.133333333333334
1.0	2.0	0.0	0.030035724632341085	4.8
1.0	3.0	0.0	0.04858481961922955	6.766666666666667
1.0	3.0	0.0	0.040200831956010444	5.466666666666667
1.0	3.0	0.0	0.040315209553153764	6.033333333333333
1.0	3.0	0.0	0.04173062028620859	4.866666666666666
1.0	3.0	0.0	0.04066461433101723	6.6
1.0	3.0	0.0	0.04068063851028872	7.166666666666667
1.0	2.0	0.0	0.027805865293550135	5.166666666666667
1.0	2.0	0.0	0.028094417621286283	5.733333333333333
1.0	2.0	0.0	0.02838811472233274	5.433333333333334
1.0	2.0	0.0	0.02859269548260855	7.433333333333334
1.0	3.0	0.0	0.04406176807563821	4.766666666666667
1.0	2.0	0.0	0.028597455514385264	8.0
1.0	3.0	0.0	0.04341249948661674	5.433333333333334
1.0	3.0	0.0	0.04438688335291519	5.933333333333334
1.0	2.0	0.0	0.0292599831934289	8.266666666666667
1.0	2.0	0.0	0.029262158929643556	8.833333333333334
1.0	2.0	0.0	0.029868072538457267	6.133333333333334
1.0	2.0	0.0	0.030141305212637335	6.633333333333334
1.0	3.0	0.0	0.0453275983996828	7.333333333333333
1.0	3.0	0.0	0.045307451759628095	4.9
1.0	2.0	0.0	0.030265865645922995	6.833333333333333
1.0	1.0	0.0	0.018145522911292882	9.2
