Constant_feature	Degree	Clustering_coefficient	Pagerank	Aver_path_len
1.0	2.0	0.0	0.03345818342774812	4.88
1.0	2.0	0.0	0.034010946139247565	6.84
1.0	2.0	0.0	0.034069396212904474	7.52
1.0	1.0	0.0	0.019063599344992282	6.24
1.0	2.0	0.0	0.03370818360716354	4.32
1.0	3.0	0.0	0.0475820903954165	4.64
1.0	3.0	0.0	0.04805685995454153	5.04
1.0	3.0	0.0	0.04798013836765218	4.32
1.0	3.0	0.0	0.04888346786970632	5.6
1.0	2.0	0.0	0.033162637639684196	4.56
1.0	2.0	0.0	0.032899546202275295	4.24
1.0	3.0	0.0	0.048861162620521426	4.16
1.0	2.0	0.0	0.03393950394574717	5.84
1.0	3.0	0.0	0.050722873484016495	5.28
1.0	2.0	0.0	0.03342867466046691	4.48
1.0	2.0	0.0	0.03422584095076138	6.4
1.0	3.0	0.0	0.048826165703992515	6.0
1.0	3.0	0.0	0.04923344729111539	4.88
1.0	3.0	0.0	0.049020387039093616	6.68
1.0	2.0	0.0	0.03326374115064752	5.44
1.0	2.0	0.0	0.034833573938012015	6.64
1.0	2.0	0.0	0.03492409261934246	7.2
1.0	2.0	0.0	0.03381127995393903	5.56
1.0	2.0	0.0	0.033767597884027604	6.12
1.0	2.0	0.0	0.03378429401819041	4.56
1.0	2.0	0.0	0.03448231557879399	7.6
