Constant_feature	Degree	Clustering_coefficient	Pagerank	Aver_path_len
1.0	3.0	0.0	0.07572760974761743	2.764705882352941
1.0	1.0	0.0	0.02827389144170098	3.7058823529411766
1.0	1.0	0.0	0.030651254539497488	4.764705882352941
1.0	1.0	0.0	0.030651254539497488	4.764705882352941
1.0	3.0	0.0	0.08365073359575906	3.823529411764706
1.0	3.0	0.0	0.0747518783657623	3.0
1.0	3.0	0.0	0.07433380591324643	2.764705882352941
1.0	3.0	0.0	0.0764143238206072	3.1176470588235294
1.0	3.0	0.0	0.07928268512536892	4.764705882352941
1.0	2.0	0.0	0.05164124032643298	3.588235294117647
1.0	2.0	0.0	0.05164124032643298	3.588235294117647
1.0	2.0	0.0	0.05257991509466522	4.176470588235294
1.0	2.0	0.0	0.05257991509466522	4.176470588235294
1.0	2.0	0.0	0.05141402592437763	3.4705882352941178
1.0	2.0	0.0	0.052138424181617016	3.823529411764706
1.0	2.0	0.0	0.05235051467994918	4.176470588235294
1.0	2.0	0.0	0.05257636565016782	4.529411764705882
1.0	1.0	0.0	0.029340921632634555	5.705882352941177
