Constant_feature	Degree	Clustering_coefficient	Pagerank	Aver_path_len
1.0	2.0	0.0	0.03277757863176868	7.833333333333333
1.0	2.0	0.0	0.03120220838634339	6.566666666666666
1.0	1.0	0.0	0.01685152302298197	7.033333333333333
1.0	1.0	0.0	0.01757649181497432	8.1
1.0	3.0	0.0	0.04375597917410254	5.233333333333333
1.0	2.0	0.0	0.028280679389325245	6.066666666666666
1.0	2.0	0.0	0.02865573819249176	6.7
1.0	2.0	0.0	0.0291794020711403	7.9
1.0	2.0	0.0	0.02982431850100967	7.966666666666667
1.0	1.0	0.0	0.016393998593323564	8.166666666666666
1.0	1.0	0.0	0.016656126359299007	9.566666666666666
1.0	3.0	0.0	0.05268134738780374	9.433333333333334
1.0	2.0	0.0	0.028914299625622968	5.4
1.0	3.0	0.0	0.04267406502741254	5.2
1.0	3.0	0.0	0.041869068633347536	5.633333333333334
1.0	2.0	0.0	0.0337797167550921	8.6
1.0	1.0	0.0	0.01902997068243408	10.4
1.0	1.0	0.0	0.01902997068243408	10.4
1.0	1.0	0.0	0.01635299029230583	6.2
1.0	2.0	0.0	0.029245119655236657	5.366666666666666
1.0	2.0	0.0	0.029245119655236657	5.366666666666666
1.0	3.0	0.0	0.04328628389394584	5.7
1.0	2.0	0.0	0.029372363598077236	5.533333333333333
1.0	2.0	0.0	0.029372363598077236	5.533333333333333
1.0	2.0	0.0	0.028682859415243792	6.266666666666667
1.0	3.0	0.0	0.041642938987324685	6.5
1.0	3.0	0.0	0.041746553537989194	7.133333333333334
1.0	3.0	0.0	0.043896343872316335	7.2
1.0	3.0	0.0	0.04541919420825992	6.066666666666666
1.0	3.0	0.0	0.04783523732855804	7.133333333333334
1.0	3.0	0.0	0.044770149026520635	8.6
