Constant_feature	Degree	Clustering_coefficient	Pagerank	Aver_path_len
1.0	0.0	0.0	0.0	0.0
1.0	2.0	0.0	0.021248790377762884	4.675
1.0	1.0	0.0	0.012257108625034156	5.925
1.0	2.0	0.0	0.022291702561586982	5.925
1.0	1.0	0.0	0.012716625336160865	8.2
1.0	2.0	0.0	0.025542026682687353	6.575
1.0	1.0	0.0	0.011800376053091224	5.375
1.0	1.0	0.0	0.013002335821886226	6.625
1.0	1.0	0.0	0.01192394995431862	6.275
1.0	1.0	0.0	0.011906244184406611	6.45
1.0	1.0	0.0	0.01231139535858371	7.675
1.0	3.0	0.0	0.036855902944092744	7.325
1.0	4.0	0.0	0.04363401110576323	4.95
1.0	2.0	0.0	0.021464838549918323	4.775
1.0	3.0	0.0	0.031919472590348746	4.825
1.0	3.0	0.0	0.030691159820601433	4.25
1.0	3.0	0.0	0.030107158511647653	4.125
1.0	3.0	0.0	0.030328667006806115	4.3
1.0	2.0	0.0	0.024289538333825293	5.875
1.0	3.0	0.0	0.03200601347583423	5.15
1.0	3.0	0.0	0.03374752305327272	6.45
1.0	2.0	0.0	0.022165483067720128	5.825
1.0	3.0	0.0	0.03425921260485386	7.225
1.0	3.0	0.0	0.034168219402735456	6.55
1.0	3.0	0.0	0.031202964906172272	4.4
1.0	2.0	0.0	0.02062890655745359	4.625
1.0	3.0	0.0	0.03520950922375055	5.65
1.0	3.0	0.0	0.03037613125070337	4.725
1.0	1.0	0.0	0.0133688822304582	6.85
1.0	3.0	0.0	0.030301130111973978	4.9
1.0	1.0	0.0	0.012689666498952167	7.525
1.0	3.0	0.0	0.03161473138085881	5.3
1.0	3.0	0.0	0.03155909493770083	5.475
1.0	1.0	0.0	0.013495649507412368	8.3
1.0	1.0	0.0	0.013495649507412368	8.3
1.0	3.0	0.0	0.03110943294272841	5.875
1.0	3.0	0.0	0.03104197642652756	6.05
1.0	1.0	0.0	0.013932473585669375	7.55
1.0	3.0	0.0	0.03290614375000607	6.7
1.0	2.0	0.0	0.02178655545022748	6.925
1.0	2.0	0.0	0.02234581439849731	7.575
1.0	2.0	0.0	0.022297531910556338	7.75
