Constant_feature	Degree	Clustering_coefficient	Pagerank	Aver_path_len
1.0	1.0	0.0	0.024600101348428487	4.9
1.0	2.0	0.0	0.042440636213286226	3.5
1.0	2.0	0.0	0.047744039286310186	4.4
1.0	1.0	0.0	0.02393185822111011	4.05
1.0	1.0	0.0	0.024076254592642378	4.2
1.0	1.0	0.0	0.024224905394743472	4.35
1.0	4.0	0.0	0.086044627960449	3.55
1.0	2.0	0.0	0.04219993730981827	3.25
1.0	3.0	0.0	0.0602587956856076	2.75
1.0	3.0	0.0	0.06106311706499437	3.0
1.0	3.0	0.0	0.060629718939380614	2.7
1.0	3.0	0.0	0.06374819310903003	3.15
1.0	1.0	0.0	0.024121982156372082	4.5
1.0	3.0	0.0	0.06158330399195368	2.85
1.0	3.0	0.0	0.06390141142337526	3.1
1.0	3.0	0.0	0.06437932810450368	3.25
1.0	1.0	0.0	0.023886751558547345	4.1
1.0	3.0	0.0	0.06487862192893436	3.4
1.0	2.0	0.0	0.043914451179166106	3.8
1.0	3.0	0.0	0.06612528481012322	3.95
1.0	1.0	0.0	0.026246679721223035	5.35
