Constant_feature	Degree	Clustering_coefficient	Pagerank	Aver_path_len
1.0	1.0	0.0	0.02728464780801336	5.3
1.0	1.0	0.0	0.026978763986314637	5.2
1.0	1.0	0.0	0.026978763986314637	5.2
1.0	2.0	0.0	0.043568489333860816	3.05
1.0	2.0	0.0	0.040790980050597156	3.75
1.0	3.0	0.0	0.06025045299214632	2.7
1.0	3.0	0.0	0.05980253286420342	3.05
1.0	3.0	0.0	0.05980253286420342	3.05
1.0	3.0	0.0	0.06910777104091369	3.5
1.0	3.0	0.0	0.06004970404807207	3.4
1.0	3.0	0.0	0.06004970404807207	3.4
1.0	2.0	0.0	0.042114961774597504	3.8
1.0	2.0	0.0	0.042114961774597504	3.8
1.0	2.0	0.0	0.05004944581252779	4.35
1.0	2.0	0.0	0.042199947987768306	4.15
1.0	2.0	0.0	0.042199947987768306	4.15
1.0	3.0	0.0	0.07405452701788512	4.25
1.0	2.0	0.0	0.043136767626426355	4.55
1.0	2.0	0.0	0.043136767626426355	4.55
1.0	2.0	0.0	0.04316416468464539	4.9
1.0	2.0	0.0	0.04316416468464539	4.9
