Constant_feature	Degree	Clustering_coefficient	Pagerank	Aver_path_len
1.0	1.0	0.0	0.030236668167559592	4.529411764705882
1.0	2.0	0.0	0.04898941343244076	3.1176470588235294
1.0	2.0	0.0	0.05056429563316611	3.588235294117647
1.0	3.0	0.0	0.07005138091888921	2.5294117647058822
1.0	3.0	0.0	0.07101131273716765	2.5294117647058822
1.0	3.0	0.0	0.07003711837176639	2.764705882352941
1.0	3.0	0.0	0.07384119274043341	2.8823529411764706
1.0	3.0	0.0	0.07093687919643205	3.1176470588235294
1.0	3.0	0.0	0.07429454607022583	2.8823529411764706
1.0	2.0	0.0	0.049291789372324486	3.235294117647059
1.0	2.0	0.0	0.04929830424711046	3.4705882352941178
1.0	2.0	0.0	0.049613423689650604	3.823529411764706
1.0	1.0	0.0	0.02770797146893577	3.823529411764706
1.0	2.0	0.0	0.050491369341287534	3.588235294117647
1.0	2.0	0.0	0.05051668507515633	4.176470588235294
1.0	3.0	0.0	0.08226799021939174	3.588235294117647
1.0	2.0	0.0	0.05061299115050218	4.529411764705882
1.0	1.0	0.0	0.030236668167559592	4.529411764705882
