Constant_feature	Degree	Clustering_coefficient	Pagerank	Aver_path_len
1.0	2.0	0.0	0.03838603896649313	3.9047619047619047
1.0	2.0	0.0	0.03838603896649313	3.9047619047619047
1.0	2.0	0.0	0.045562507514871106	6.0476190476190474
1.0	2.0	0.0	0.045562507514871106	6.0476190476190474
1.0	3.0	0.0	0.0558464832847894	3.4761904761904763
1.0	3.0	0.0	0.0558464832847894	3.4761904761904763
1.0	3.0	0.0	0.05695190867210094	4.0476190476190474
1.0	3.0	0.0	0.05695190867210094	4.0476190476190474
1.0	3.0	0.0	0.05695656155655038	4.142857142857143
1.0	3.0	0.0	0.05695656155655038	4.142857142857143
1.0	2.0	0.0	0.03838529744365826	3.8095238095238093
1.0	2.0	0.0	0.03838529744365826	3.8095238095238093
1.0	2.0	0.0	0.04010458238694679	4.619047619047619
1.0	2.0	0.0	0.040104582386946794	4.619047619047619
1.0	2.0	0.0	0.040113089353766805	4.714285714285714
1.0	2.0	0.0	0.040113089353766805	4.714285714285714
1.0	3.0	0.0	0.06157556025448649	5.190476190476191
1.0	3.0	0.0	0.06157556025448649	5.190476190476191
1.0	2.0	0.0	0.041070005803936396	5.285714285714286
1.0	2.0	0.0	0.041070005803936396	5.285714285714286
1.0	1.0	0.0	0.025047964762400232	7.0
1.0	1.0	0.0	0.025047964762400232	7.0
