Constant_feature	Degree	Clustering_coefficient	Pagerank	Aver_path_len
1.0	1.0	0.0	0.0005329152221201864	10.08974358974359
1.0	1.0	0.0	0.0005307918832153719	9.064102564102564
1.0	2.0	0.0	0.0009740071845057956	7.1923076923076925
1.0	1.0	0.0	0.0005538072661967626	9.256410256410257
1.0	2.0	0.0	0.0010074468653079136	9.256410256410257
1.0	1.0	0.0	0.0005377969588355788	8.320512820512821
1.0	1.0	0.0	0.0005546349519532271	10.897435897435898
1.0	1.0	0.0	0.0005424988822487522	8.23076923076923
1.0	1.0	0.0	0.0005561965139313064	10.576923076923077
1.0	1.0	0.0	0.0005443702275668038	8.76923076923077
1.0	1.0	0.0	0.000559300835366992	9.923076923076923
1.0	1.0	0.0	0.0005387709665442398	10.653846153846153
1.0	2.0	0.0	0.0010759942048146746	12.653846153846153
1.0	1.0	0.0	0.0005625469458935458	13.115384615384615
1.0	1.0	0.0	0.0005942152175160059	14.051282051282051
1.0	3.0	0.0	0.0013677885569121082	8.76923076923077
1.0	3.0	0.0	0.0014271583544789735	7.756410256410256
1.0	2.0	0.0	0.0009865029876094987	9.807692307692308
1.0	2.0	0.0	0.000982445927297286	7.602564102564102
1.0	2.0	0.0	0.000968986202646852	7.3076923076923075
1.0	3.0	0.0	0.00146176877166415	8.961538461538462
1.0	3.0	0.0	0.0014170646423800367	11.243589743589743
1.0	3.0	0.0	0.0013656819550922727	8.41025641025641
1.0	2.0	0.0	0.0009439718864482163	9.35897435897436
1.0	2.0	0.0	0.0009545944544614107	10.025641025641026
1.0	2.0	0.0	0.0009442912476833449	9.717948717948717
1.0	3.0	0.0	0.0014258443978529538	9.102564102564102
1.0	3.0	0.0	0.001420288555396455	8.076923076923077
1.0	3.0	0.0	0.001441669518375635	9.41025641025641
1.0	2.0	0.0	0.0010298051005690645	10.320512820512821
1.0	3.0	0.0	0.0013889090813723971	7.448717948717949
1.0	3.0	0.0	0.001646913696985947	11.256410256410257
1.0	3.0	0.0	0.0014668052889538882	7.897435897435898
1.0	3.0	0.0	0.001569050296765761	8.807692307692308
1.0	2.0	0.0	0.0009402594613063215	8.23076923076923
1.0	3.0	0.0	0.0014965514135548057	8.26923076923077
1.0	1.0	0.0	0.0005327950166704984	8.743589743589743
1.0	3.0	0.0	0.0014143530973702938	6.858974358974359
1.0	3.0	0.0	0.001444255717014271	7.333333333333333
1.0	3.0	0.0	0.0014549942301846164	7.0256410256410255
1.0	3.0	0.0	0.0015019305032951647	9.91025641025641
1.0	1.0	0.0	0.0005979370649127928	12.243589743589743
1.0	1.0	0.0	0.0005979370649127928	12.243589743589743
1.0	2.0	0.0	0.0011255099338734025	9.76923076923077
1.0	3.0	0.0	0.0015072503508929474	9.743589743589743
1.0	3.0	0.0	0.001460073545146544	7.243589743589744
1.0	2.0	0.0	0.001008396059678938	8.615384615384615
1.0	1.0	0.0	0.0005754480091406999	9.794871794871796
1.0	3.0	0.0	0.0014488564388951955	8.307692307692308
1.0	3.0	0.0	0.0013956912086864795	9.038461538461538
1.0	3.0	0.0	0.001492252425370155	9.448717948717949
1.0	2.0	0.0	0.0010330795573299694	9.217948717948717
1.0	3.0	0.0	0.0015067908810905222	9.58974358974359
1.0	3.0	0.0	0.001463937598954291	7.782051282051282
1.0	1.0	0.0	0.0005409222675550336	8.012820512820513
1.0	3.0	0.0	0.0016118361834262605	10.384615384615385
1.0	3.0	0.0	0.0016496869782922068	10.153846153846153
1.0	1.0	0.0	0.0006112077698057851	10.756410256410257
1.0	3.0	0.0	0.001514385338626215	8.935897435897436
1.0	1.0	0.0	0.0005575082940044227	10.73076923076923
1.0	3.0	0.0	0.0013962253770389008	10.423076923076923
1.0	3.0	0.0	0.001448077263805067	9.666666666666666
1.0	2.0	0.0	0.0009644714583313153	9.923076923076923
1.0	2.0	0.0	0.0009644714583313153	9.923076923076923
1.0	1.0	0.0	0.000587784714846401	11.371794871794872
1.0	1.0	0.0	0.000587784714846401	11.371794871794872
1.0	1.0	0.0	0.0005989464794997457	11.14102564102564
1.0	1.0	0.0	0.0005989464794997457	11.14102564102564
1.0	1.0	0.0	0.0005437019841714776	9.948717948717949
1.0	2.0	0.0	0.0009673139271474177	12.192307692307692
1.0	2.0	0.0	0.0009615350551905556	11.371794871794872
1.0	2.0	0.0	0.0009799468335019105	10.807692307692308
1.0	2.0	0.0	0.0009799468335019105	10.807692307692308
1.0	2.0	0.0	0.000972682154884622	12.256410256410257
1.0	3.0	0.0	0.0014709124726397203	11.692307692307692
1.0	3.0	0.0	0.0015250789257706286	12.128205128205128
1.0	3.0	0.0	0.0016328767149720231	13.064102564102564
1.0	1.0	0.0	0.0005942152175160059	14.051282051282051
1.0	1.0	0.0	0.0005889135645560342	13.64102564102564
1.0	1.0	0.0	0.0005329155589519475	9.465753424657533
1.0	1.0	0.0	0.0005307935829224273	8.575342465753424
1.0	2.0	0.0	0.000974107339882313	6.917808219178082
1.0	1.0	0.0	0.0005538145919737773	8.917808219178083
1.0	2.0	0.0	0.001007449485435537	8.780821917808218
1.0	1.0	0.0	0.0005378209955245401	7.986301369863014
1.0	1.0	0.0	0.000542688599222631	11.027397260273972
1.0	1.0	0.0	0.0005425742489017287	8.027397260273972
1.0	1.0	0.0	0.0005546350987631549	10.191780821917808
1.0	1.0	0.0	0.0005448340940128958	8.808219178082192
1.0	1.0	0.0	0.0005561970422264461	9.986301369863014
1.0	1.0	0.0	0.0005593029634045876	9.493150684931507
1.0	2.0	0.0	0.0010759961291919042	12.205479452054794
1.0	3.0	0.0	0.0013677908284970327	8.191780821917808
1.0	3.0	0.0	0.0014271701382502857	7.315068493150685
1.0	2.0	0.0	0.0009865032430527454	9.095890410958905
1.0	2.0	0.0	0.0009825423174364867	7.3561643835616435
1.0	3.0	0.0	0.0014684429850887176	9.219178082191782
1.0	2.0	0.0	0.0009763732217710863	11.863013698630137
1.0	2.0	0.0	0.0009695615453152127	7.2465753424657535
1.0	3.0	0.0	0.0013656846331077765	7.876712328767123
1.0	2.0	0.0	0.0009439739262568107	8.821917808219178
1.0	2.0	0.0	0.0009545955170367526	9.465753424657533
1.0	2.0	0.0	0.0009442922896600108	9.136986301369863
1.0	3.0	0.0	0.0014258451131788552	8.479452054794521
1.0	3.0	0.0	0.001420298843878563	7.589041095890411
1.0	3.0	0.0	0.0014416700514147903	8.73972602739726
1.0	2.0	0.0	0.0010298052405421005	9.643835616438356
1.0	3.0	0.0	0.0013889457742649702	7.054794520547945
1.0	3.0	0.0	0.0016469138726409338	10.575342465753424
1.0	3.0	0.0	0.0014668527575411698	7.602739726027397
1.0	3.0	0.0	0.0015690936393090152	8.506849315068493
1.0	3.0	0.0	0.001421223320278947	10.917808219178083
1.0	3.0	0.0	0.001496590564956762	7.931506849315069
1.0	3.0	0.0	0.0014518013687498767	8.452054794520548
1.0	3.0	0.0	0.0014147997035687454	6.698630136986301
1.0	2.0	0.0	0.0009402682699708529	7.821917808219178
1.0	2.0	0.0	0.0009763732217710863	11.863013698630137
1.0	3.0	0.0	0.0014551913383334105	6.808219178082192
1.0	1.0	0.0	0.0005328010417791018	8.301369863013699
1.0	2.0	0.0	0.0009891118194783328	12.808219178082192
1.0	2.0	0.0	0.0010344401838327448	9.356164383561644
1.0	3.0	0.0	0.001444310538581159	7.0
1.0	2.0	0.0	0.0009891118194783328	12.808219178082192
1.0	2.0	0.0	0.0011255230412738366	9.465753424657533
1.0	3.0	0.0	0.0014608657183759531	10.04109589041096
1.0	3.0	0.0	0.001460269034874275	7.041095890410959
1.0	3.0	0.0	0.0015019308105529373	9.205479452054794
1.0	1.0	0.0	0.00059793709625251	11.561643835616438
1.0	1.0	0.0	0.00059793709625251	11.561643835616438
1.0	3.0	0.0	0.0015072512617393908	9.095890410958905
1.0	2.0	0.0	0.001008405513493548	8.232876712328768
1.0	3.0	0.0	0.0014656453200419316	7.821917808219178
1.0	3.0	0.0	0.0016508697188018	10.287671232876713
1.0	1.0	0.0	0.0005754559781811357	9.493150684931507
1.0	3.0	0.0	0.0014922558849931147	8.917808219178083
1.0	3.0	0.0	0.0013957022464442083	8.616438356164384
1.0	3.0	0.0	0.001506791707162337	9.0
1.0	1.0	0.0	0.0005409983862425897	7.794520547945205
1.0	1.0	0.0	0.00054563069379272	10.205479452054794
1.0	3.0	0.0	0.0016118371767610178	9.849315068493151
1.0	1.0	0.0	0.0006112180556091825	10.452054794520548
1.0	3.0	0.0	0.0015143984863728826	8.506849315068493
1.0	1.0	0.0	0.0005575084195279777	10.082191780821917
1.0	1.0	0.0	0.0005993615768335926	11.273972602739725
1.0	1.0	0.0	0.0005993615768335926	11.273972602739725
1.0	2.0	0.0	0.0009644739878614153	9.493150684931507
1.0	2.0	0.0	0.0009644739878614153	9.493150684931507
1.0	1.0	0.0	0.0005877853695138521	10.835616438356164
1.0	1.0	0.0	0.0005877853695138521	10.835616438356164
1.0	2.0	0.0	0.000979950200310233	10.36986301369863
1.0	2.0	0.0	0.000979950200310233	10.36986301369863
1.0	3.0	0.0	0.0014709142853658647	11.246575342465754
1.0	1.0	0.0	0.0005889139341779253	13.191780821917808
1.0	2.0	0.0	0.0008706392861535367	3.9583333333333335
1.0	2.0	0.0	0.0009228734562717145	4.75
1.0	2.0	0.0	0.0009060327315514184	5.041666666666667
1.0	2.0	0.0	0.0009064820031823234	5.416666666666667
1.0	1.0	0.0	0.0005149354257453085	5.083333333333333
1.0	2.0	0.0	0.0010584685032035105	5.416666666666667
1.0	3.0	0.0	0.0012615077982276303	2.9166666666666665
1.0	3.0	0.0	0.0012530735880754316	3.125
1.0	3.0	0.0	0.001279903167906887	3.375
1.0	3.0	0.0	0.0012884205041386152	3.75
1.0	3.0	0.0	0.0013229706150399497	3.2916666666666665
1.0	3.0	0.0	0.001264726045389744	3.5
1.0	2.0	0.0	0.0008678103776089009	3.6666666666666665
1.0	2.0	0.0	0.0009065241796522257	4.541666666666667
1.0	3.0	0.0	0.0013674252344772037	4.125
1.0	3.0	0.0	0.0012905455962025974	4.208333333333333
1.0	2.0	0.0	0.0008717382010225644	4.041666666666667
1.0	3.0	0.0	0.0012920904894610508	4.583333333333333
1.0	2.0	0.0	0.0009324349462439689	3.9166666666666665
1.0	2.0	0.0	0.0009337816013737323	4.083333333333333
1.0	3.0	0.0	0.0014361232183246122	4.541666666666667
1.0	2.0	0.0	0.0009203410695170584	5.666666666666667
1.0	2.0	0.0	0.0009604045509734027	4.708333333333333
1.0	2.0	0.0	0.0009677223371282079	5.333333333333333
1.0	1.0	0.0	0.0005810355443325915	6.375
1.0	2.0	0.0	0.000879151175880548	4.4
1.0	2.0	0.0	0.000929900915100784	5.1
1.0	2.0	0.0	0.0009952443763558058	4.933333333333334
1.0	1.0	0.0	0.0005175222205341252	5.433333333333334
1.0	2.0	0.0	0.0009069557481545954	5.733333333333333
1.0	2.0	0.0	0.0009074959047326149	6.1
1.0	2.0	0.0	0.001055639948471027	5.366666666666666
1.0	2.0	0.0	0.001055639948471027	5.366666666666666
1.0	2.0	0.0	0.001060616876384557	5.933333333333334
1.0	3.0	0.0	0.0012903480133601734	3.6666666666666665
1.0	4.0	0.0	0.0017476981648394095	4.033333333333333
1.0	3.0	0.0	0.001265354108923997	3.2333333333333334
1.0	2.0	0.0	0.0009163873078485524	4.866666666666666
1.0	3.0	0.0	0.0012567771045533887	3.6
1.0	3.0	0.0	0.0013760474435235465	4.466666666666667
1.0	3.0	0.0	0.0012707645771055354	3.966666666666667
1.0	3.0	0.0	0.001321668117526263	3.466666666666667
1.0	2.0	0.0	0.0008694535400322433	4.233333333333333
1.0	2.0	0.0	0.0008741711685267136	4.6
1.0	2.0	0.0	0.0009303550834661151	4.033333333333333
1.0	2.0	0.0	0.0009303550834661151	4.033333333333333
1.0	3.0	0.0	0.0012923214815976354	4.866666666666666
1.0	3.0	0.0	0.0012941743392802553	5.233333333333333
1.0	1.0	0.0	0.0005525828667795827	5.9
1.0	3.0	0.0	0.001430554934403009	4.466666666666667
1.0	3.0	0.0	0.001430554934403009	4.466666666666667
1.0	3.0	0.0	0.0014402692584580996	5.033333333333333
1.0	2.0	0.0	0.000921211123801335	6.366666666666666
1.0	1.0	0.0	0.0005797739134234257	6.333333333333333
1.0	1.0	0.0	0.0005797739134234257	6.333333333333333
1.0	1.0	0.0	0.0005819693914662762	6.9
1.0	2.0	0.0	0.0009284920692208125	4.75
1.0	2.0	0.0	0.0009190914536852587	4.5625
1.0	2.0	0.0	0.0009359928181317482	5.28125
1.0	2.0	0.0	0.000910803640985078	5.75
1.0	2.0	0.0	0.0009117481884052897	6.1875
1.0	1.0	0.0	0.0005198866139492034	5.53125
1.0	2.0	0.0	0.0010564330515836426	5.59375
1.0	2.0	0.0	0.0010564330515836426	5.59375
1.0	2.0	0.0	0.0010609713434606067	6.1875
1.0	3.0	0.0	0.0012738514527244889	3.34375
1.0	3.0	0.0	0.0013004616848769034	3.75
1.0	3.0	0.0	0.0012698100236005656	3.5625
1.0	4.0	0.0	0.001891093423569028	4.96875
1.0	3.0	0.0	0.0013291505499985526	4.3125
1.0	3.0	0.0	0.0013252875434340218	3.625
1.0	3.0	0.0	0.001298032721914909	4.0
1.0	2.0	0.0	0.0009244725968456132	5.15625
1.0	2.0	0.0	0.0008757554625953551	4.21875
1.0	3.0	0.0	0.0013841238761168372	4.5625
1.0	2.0	0.0	0.0008847473227134335	4.65625
1.0	3.0	0.0	0.0012992870919675229	4.875
1.0	3.0	0.0	0.001303302756468698	5.3125
1.0	1.0	0.0	0.0005299103250271247	5.9375
1.0	1.0	0.0	0.0005299103250271247	5.9375
1.0	2.0	0.0	0.0009320552067631768	4.21875
1.0	2.0	0.0	0.0009320552067631768	4.21875
1.0	3.0	0.0	0.0014316095753766668	4.6875
1.0	3.0	0.0	0.0014316095753766668	4.6875
1.0	3.0	0.0	0.0014414833103629297	5.28125
1.0	2.0	0.0	0.0009248672709873758	6.40625
1.0	1.0	0.0	0.0005799897238382366	6.5625
1.0	1.0	0.0	0.0005799897238382366	6.5625
1.0	1.0	0.0	0.0005822648407975997	7.15625
1.0	1.0	0.0	0.0005739748731318795	4.0
1.0	1.0	0.0	0.0005739748731318795	4.0
1.0	1.0	0.0	0.0006011169513939675	4.705882352941177
1.0	1.0	0.0	0.0006011169513939675	4.705882352941177
1.0	2.0	0.0	0.0009773928213084077	2.823529411764706
1.0	1.0	0.0	0.0006011169513939675	4.705882352941177
1.0	1.0	0.0	0.0006011169513939675	4.705882352941177
1.0	3.0	0.0	0.0016579742260599425	3.764705882352941
1.0	3.0	0.0	0.0014309356465556384	3.176470588235294
1.0	3.0	0.0	0.0014839558245770361	2.588235294117647
1.0	2.0	0.0	0.0009820876096979978	3.8823529411764706
1.0	2.0	0.0	0.0009820876096979978	3.8823529411764706
1.0	2.0	0.0	0.0009994203579733252	4.588235294117647
1.0	2.0	0.0	0.0009994203579733252	4.588235294117647
1.0	2.0	0.0	0.0010025815443783113	5.294117647058823
1.0	3.0	0.0	0.0015609598815727297	3.0588235294117645
1.0	3.0	0.0	0.0015609598815727297	3.0588235294117645
1.0	3.0	0.0	0.0016579742260599425	3.764705882352941
1.0	1.0	0.0	0.0005931483755324184	3.0
1.0	1.0	0.0	0.0006089540202295368	3.3636363636363638
1.0	1.0	0.0	0.0006089540202295368	3.3636363636363638
1.0	1.0	0.0	0.0006157456885716033	3.5454545454545454
1.0	1.0	0.0	0.0006157456885716033	3.5454545454545454
1.0	1.0	0.0	0.0006089540202295368	3.3636363636363638
1.0	1.0	0.0	0.0006089540202295368	3.3636363636363638
1.0	3.0	0.0	0.0016858631041465396	2.4545454545454546
1.0	3.0	0.0	0.0016016323322218583	1.9090909090909092
1.0	3.0	0.0	0.0016330515434821785	2.090909090909091
1.0	3.0	0.0	0.0016858631041465396	2.4545454545454546
1.0	3.0	0.0	0.0016985791085871189	2.6363636363636362
1.0	2.0	0.0	0.0009007354420265624	8.016949152542374
1.0	2.0	0.0	0.0009652665866033967	7.101694915254237
1.0	2.0	0.0	0.0009195807579629497	5.915254237288136
1.0	1.0	0.0	0.0005036911028082494	6.0508474576271185
1.0	1.0	0.0	0.0005189094623176625	7.8474576271186445
1.0	2.0	0.0	0.001001652605493294	6.661016949152542
1.0	1.0	0.0	0.0005200303364805906	6.898305084745763
1.0	2.0	0.0	0.0009457759589508358	5.677966101694915
1.0	1.0	0.0	0.0005789967885675168	9.0
1.0	1.0	0.0	0.0005294585836696397	7.6440677966101696
1.0	1.0	0.0	0.000589672840508129	8.559322033898304
1.0	1.0	0.0	0.0005392971337390332	7.067796610169491
1.0	1.0	0.0	0.0005381086526140849	7.5423728813559325
1.0	1.0	0.0	0.0005674006324072539	9.677966101694915
1.0	2.0	0.0	0.0009875310267253806	7.88135593220339
1.0	3.0	0.0	0.0012789695716846979	5.508474576271187
1.0	4.0	0.0	0.0017204154997367855	6.220338983050848
1.0	4.0	0.0	0.001771766555092462	6.016949152542373
1.0	3.0	0.0	0.0013046732701444124	7.067796610169491
1.0	3.0	0.0	0.001302497110457062	5.203389830508475
1.0	4.0	0.0	0.0017707143849653886	5.067796610169491
1.0	3.0	0.0	0.0013779818207556944	6.864406779661017
1.0	2.0	0.0	0.0009111373123852341	7.576271186440678
1.0	4.0	0.0	0.0018427934373891747	5.6440677966101696
1.0	2.0	0.0	0.0008954803653291048	7.169491525423729
1.0	3.0	0.0	0.0013818010292752784	5.915254237288136
1.0	2.0	0.0	0.0009101699280200521	5.305084745762712
1.0	3.0	0.0	0.0013451381767934734	5.47457627118644
1.0	1.0	0.0	0.0005025775993555079	7.0
1.0	3.0	0.0	0.0013757854618444243	5.779661016949152
1.0	3.0	0.0	0.001353742265057681	5.305084745762712
1.0	3.0	0.0	0.0013830796828560924	5.711864406779661
1.0	1.0	0.0	0.0005187327522303977	6.627118644067797
1.0	1.0	0.0	0.0005187327522303977	6.627118644067797
1.0	1.0	0.0	0.0005191377014627276	6.694915254237288
1.0	3.0	0.0	0.0015839961002714574	8.016949152542374
1.0	3.0	0.0	0.0014174694618813931	6.661016949152542
1.0	1.0	0.0	0.0005789967885675168	9.0
1.0	3.0	0.0	0.0016195712197463762	7.576271186440678
1.0	3.0	0.0	0.0014491213871655783	6.084745762711864
1.0	3.0	0.0	0.0014031471389446071	7.47457627118644
1.0	3.0	0.0	0.0014433219979978135	6.559322033898305
1.0	1.0	0.0	0.000589672840508129	8.559322033898304
1.0	2.0	0.0	0.0009716903101488717	8.389830508474576
1.0	2.0	0.0	0.0009716903101488717	8.389830508474576
1.0	3.0	0.0	0.0014025663333436353	7.101694915254237
1.0	2.0	0.0	0.0009893143273345508	9.305084745762711
1.0	2.0	0.0	0.0009893143273345508	9.305084745762711
1.0	2.0	0.0	0.0009959022287539673	10.220338983050848
1.0	3.0	0.0	0.0013952039737576824	7.915254237288136
1.0	2.0	0.0	0.0009683445085044175	8.830508474576272
1.0	2.0	0.0	0.0009683445085044175	8.830508474576272
1.0	3.0	0.0	0.001546157304509342	8.694915254237289
1.0	2.0	0.0	0.0010732328827327891	9.576271186440678
1.0	2.0	0.0	0.0009864880140888518	9.745762711864407
1.0	2.0	0.0	0.0009864880140888518	9.745762711864407
1.0	2.0	0.0	0.0009936668153475404	10.661016949152541
1.0	3.0	0.0	0.0016910011648475043	10.491525423728813
1.0	1.0	0.0	0.0006105442922103521	11.474576271186441
1.0	1.0	0.0	0.0006105442922103521	11.474576271186441
1.0	2.0	0.0	0.0009007288025087835	8.53968253968254
1.0	2.0	0.0	0.0009652437905481985	7.619047619047619
1.0	2.0	0.0	0.000919477198111862	6.380952380952381
1.0	1.0	0.0	0.0005035919398249081	6.444444444444445
1.0	1.0	0.0	0.0005189043719564188	8.380952380952381
1.0	2.0	0.0	0.0010015304346986248	7.079365079365079
1.0	1.0	0.0	0.0005200108769253395	7.365079365079365
1.0	2.0	0.0	0.0009431504982967061	5.841269841269841
1.0	1.0	0.0	0.0005789903523157751	9.523809523809524
1.0	1.0	0.0	0.0005294336825872214	8.126984126984127
1.0	1.0	0.0	0.0005896358678464387	8.984126984126984
1.0	1.0	0.0	0.0005371608011768236	7.142857142857143
1.0	1.0	0.0	0.0005333843863811079	7.523809523809524
1.0	1.0	0.0	0.0005362760609431334	9.46031746031746
1.0	2.0	0.0	0.0010728581484478216	11.26984126984127
1.0	2.0	0.0	0.0009483760336431364	7.714285714285714
1.0	3.0	0.0	0.001278845044402375	6.0
1.0	4.0	0.0	0.0017203902100637197	6.73015873015873
1.0	4.0	0.0	0.0017717173528670467	6.5396825396825395
1.0	3.0	0.0	0.0013046324776164516	7.587301587301587
1.0	3.0	0.0	0.0013023612200073105	5.650793650793651
1.0	4.0	0.0	0.0017699518317288194	5.4603174603174605
1.0	3.0	0.0	0.0013779229317514438	7.396825396825397
1.0	2.0	0.0	0.0009111289906954069	8.126984126984127
1.0	4.0	0.0	0.0018424753312939906	6.063492063492063
1.0	2.0	0.0	0.0008954530158977688	7.682539682539683
1.0	3.0	0.0	0.0013816426979284648	6.380952380952381
1.0	2.0	0.0	0.0009095816369447907	5.619047619047619
1.0	3.0	0.0	0.0013445564499742974	5.841269841269841
1.0	1.0	0.0	0.0005025480906453109	7.523809523809524
1.0	3.0	0.0	0.0013756433899732546	6.190476190476191
1.0	3.0	0.0	0.0013515109409732282	5.555555555555555
1.0	3.0	0.0	0.00138228678769755	6.0
1.0	1.0	0.0	0.0005185954729658156	7.0476190476190474
1.0	1.0	0.0	0.0005185954729658156	7.0476190476190474
1.0	1.0	0.0	0.0005187784520411125	6.984126984126984
1.0	3.0	0.0	0.0015839908549400124	8.53968253968254
1.0	3.0	0.0	0.001417436826751622	7.142857142857143
1.0	1.0	0.0	0.0005789903523157751	9.523809523809524
1.0	3.0	0.0	0.0016195274195360838	8.0
1.0	3.0	0.0	0.0014405613892560028	6.158730158730159
1.0	3.0	0.0	0.0014031053964445993	7.968253968253968
1.0	3.0	0.0	0.0014294714122402641	6.5396825396825395
1.0	1.0	0.0	0.0005896358678464387	8.984126984126984
1.0	2.0	0.0	0.000971685155058289	8.88888888888889
1.0	2.0	0.0	0.000971685155058289	8.88888888888889
1.0	3.0	0.0	0.0013734289659361803	6.984126984126984
1.0	2.0	0.0	0.000989300374815165	9.80952380952381
1.0	2.0	0.0	0.000989300374815165	9.80952380952381
1.0	2.0	0.0	0.0009958995512694415	10.73015873015873
1.0	3.0	0.0	0.001377762835621882	7.746031746031746
1.0	2.0	0.0	0.0009565035623341281	8.603174603174603
1.0	2.0	0.0	0.0009565035623341281	8.603174603174603
1.0	3.0	0.0	0.0014387578622049695	8.476190476190476
1.0	2.0	0.0	0.0009745788250958941	9.46031746031746
1.0	2.0	0.0	0.0009745788250958941	9.46031746031746
1.0	3.0	0.0	0.0014148275010758683	9.301587301587302
1.0	3.0	0.0	0.0014644872645595793	10.317460317460318
1.0	2.0	0.0	0.0009764587314302223	10.222222222222221
1.0	2.0	0.0	0.0009764587314302223	10.222222222222221
1.0	2.0	0.0	0.0009934299098953007	11.142857142857142
1.0	2.0	0.0	0.0009934299098953007	11.142857142857142
1.0	1.0	0.0	0.0005874552710179226	12.253968253968255
1.0	2.0	0.0	0.0009990838733618048	12.063492063492063
1.0	2.0	0.0	0.0009420004601167671	3.2777777777777777
1.0	1.0	0.0	0.0005316446676118201	4.166666666666667
1.0	1.0	0.0	0.0005395500427298037	4.611111111111111
1.0	1.0	0.0	0.0005820894869323567	5.444444444444445
1.0	3.0	0.0	0.0013182466486152517	2.9444444444444446
1.0	2.0	0.0	0.0009292184287301606	3.6666666666666665
1.0	2.0	0.0	0.0009572137456221513	4.722222222222222
1.0	1.0	0.0	0.0005281092171753503	4.944444444444445
1.0	3.0	0.0	0.0013501305508155377	2.7777777777777777
1.0	3.0	0.0	0.0014230292614119241	3.2222222222222223
1.0	3.0	0.0	0.0014495316787676384	3.6666666666666665
1.0	3.0	0.0	0.001440828979104285	3.6666666666666665
1.0	3.0	0.0	0.0013151915066545246	2.7222222222222223
1.0	2.0	0.0	0.001060884402423912	4.5
1.0	2.0	0.0	0.0009112110433283974	3.3333333333333335
1.0	3.0	0.0	0.0013354256851406978	3.388888888888889
1.0	2.0	0.0	0.0009154742110461038	3.6666666666666665
1.0	3.0	0.0	0.0014116914908828217	4.0
1.0	2.0	0.0	0.0009538164510056768	4.277777777777778
1.0	2.0	0.0	0.0010645315335736727	6.972222222222222
1.0	2.0	0.0	0.0010306169877995666	5.444444444444445
1.0	2.0	0.0	0.0010404156212108053	5.805555555555555
1.0	2.0	0.0	0.0009763342781667051	5.666666666666667
1.0	1.0	0.0	0.0005618325693660494	6.972222222222222
1.0	1.0	0.0	0.0005379742621431315	6.777777777777778
1.0	2.0	0.0	0.0011113867755322706	7.666666666666667
1.0	1.0	0.0	0.0005638957935100508	7.333333333333333
1.0	2.0	0.0	0.0011138295140111687	8.027777777777779
1.0	2.0	0.0	0.0009678849609422563	5.305555555555555
1.0	3.0	0.0	0.0013534919577303706	4.666666666666667
1.0	2.0	0.0	0.0009232433873276583	4.833333333333333
1.0	2.0	0.0	0.0009163489785840793	4.777777777777778
1.0	3.0	0.0	0.0013259674309722882	4.472222222222222
1.0	3.0	0.0	0.0013214091859381485	4.416666666666667
1.0	3.0	0.0	0.001309309357113361	4.277777777777778
1.0	3.0	0.0	0.001313903845027432	4.277777777777778
1.0	3.0	0.0	0.0013817635865212095	4.527777777777778
1.0	2.0	0.0	0.0009133941749901123	4.777777777777778
1.0	2.0	0.0	0.0009357838222159314	5.138888888888889
1.0	2.0	0.0	0.0009295182416770638	4.972222222222222
1.0	3.0	0.0	0.0013993601074809483	4.888888888888889
1.0	3.0	0.0	0.0013756793512873194	5.027777777777778
1.0	3.0	0.0	0.0015239247577077458	6.0
1.0	3.0	0.0	0.00144456691264365	5.805555555555555
1.0	2.0	0.0	0.0009575489387923965	5.638888888888889
1.0	3.0	0.0	0.0014475917505774793	6.055555555555555
1.0	2.0	0.0	0.0010618624462364102	6.805555555555555
1.0	1.0	0.0	0.0005687297448474368	6.416666666666667
1.0	1.0	0.0	0.0005726245771836627	6.777777777777778
1.0	3.0	0.0	0.0015316939358103274	6.361111111111111
1.0	2.0	0.0	0.0011747520533536633	8.583333333333334
1.0	1.0	0.0	0.0005835799516661894	7.944444444444445
1.0	2.0	0.0	0.0010647704128072936	7.166666666666667
1.0	1.0	0.0	0.000633463958255845	9.555555555555555
1.0	2.0	0.0	0.0011761337403818615	8.944444444444445
1.0	1.0	0.0	0.0006343365939966374	9.916666666666666
1.0	1.0	0.0	0.0005788608370202948	6.791666666666667
1.0	1.0	0.0	0.000510371157794942	4.291666666666667
1.0	1.0	0.0	0.0005239508476838507	4.833333333333333
1.0	2.0	0.0	0.001041414294207969	5.25
1.0	1.0	0.0	0.0005119660023946576	4.5
1.0	3.0	0.0	0.0012968453770859046	3.125
1.0	3.0	0.0	0.001310546576150773	3.3333333333333335
1.0	3.0	0.0	0.0013089517884243692	3.3333333333333335
1.0	3.0	0.0	0.0013272806764568306	3.7916666666666665
1.0	3.0	0.0	0.0013314380256426864	3.75
1.0	3.0	0.0	0.0013300367709476357	3.5416666666666665
1.0	3.0	0.0	0.001351298235422171	3.3333333333333335
1.0	3.0	0.0	0.001358389843520889	3.5416666666666665
1.0	2.0	0.0	0.0009078683963285	3.7916666666666665
1.0	2.0	0.0	0.000910783453461688	4.0
1.0	3.0	0.0	0.001398651184224117	3.875
1.0	2.0	0.0	0.0009300601873517558	4.416666666666667
1.0	3.0	0.0	0.0014262758180268618	4.958333333333333
1.0	3.0	0.0	0.0014030816647952454	4.375
1.0	2.0	0.0	0.0009514583161437486	4.5
1.0	2.0	0.0	0.0009328097830787674	4.333333333333333
1.0	2.0	0.0	0.0009547494728673084	5.166666666666667
1.0	2.0	0.0	0.0009545600575152105	4.958333333333333
1.0	2.0	0.0	0.001052804944857619	5.833333333333333
1.0	1.0	0.0	0.0005735567598003931	6.208333333333333
1.0	1.0	0.0	0.0005239508476838507	4.833333333333333
1.0	1.0	0.0	0.000510371157794942	4.291666666666667
1.0	2.0	0.0	0.001041414294207969	5.25
1.0	1.0	0.0	0.0005119660023946576	4.5
1.0	1.0	0.0	0.0005788608370202948	6.791666666666667
1.0	3.0	0.0	0.0012968453770859046	3.125
1.0	3.0	0.0	0.001310546576150773	3.3333333333333335
1.0	3.0	0.0	0.0013089517884243692	3.3333333333333335
1.0	3.0	0.0	0.0013272806764568306	3.7916666666666665
1.0	3.0	0.0	0.0013314380256426864	3.75
1.0	3.0	0.0	0.0013300367709476357	3.5416666666666665
1.0	3.0	0.0	0.001351298235422171	3.3333333333333335
1.0	3.0	0.0	0.001358389843520889	3.5416666666666665
1.0	2.0	0.0	0.0009078683963285	3.7916666666666665
1.0	3.0	0.0	0.001398651184224117	3.875
1.0	2.0	0.0	0.000910783453461688	4.0
1.0	2.0	0.0	0.0009300601873517558	4.416666666666667
1.0	3.0	0.0	0.0014262758180268618	4.958333333333333
1.0	3.0	0.0	0.0014030816647952454	4.375
1.0	2.0	0.0	0.0009514583161437486	4.5
1.0	2.0	0.0	0.0009328097830787674	4.333333333333333
1.0	2.0	0.0	0.0009547494728673084	5.166666666666667
1.0	2.0	0.0	0.0009545600575152105	4.958333333333333
1.0	2.0	0.0	0.001052804944857619	5.833333333333333
1.0	1.0	0.0	0.0005735567598003931	6.208333333333333
1.0	1.0	0.0	0.0005810218455714158	5.04
1.0	1.0	0.0	0.0005810218455714158	5.04
1.0	1.0	0.0	0.0005810218455714158	5.04
1.0	1.0	0.0	0.0005810218455714158	5.04
1.0	1.0	0.0	0.0005810218455714158	5.04
1.0	1.0	0.0	0.0005810218455714158	5.04
1.0	1.0	0.0	0.0005810218455714158	5.04
1.0	1.0	0.0	0.0005810218455714158	5.04
1.0	1.0	0.0	0.0005810218455714158	5.04
1.0	1.0	0.0	0.0005810218455714158	5.04
1.0	1.0	0.0	0.0005810218455714158	5.04
1.0	1.0	0.0	0.0005810218455714158	5.04
1.0	1.0	0.0	0.0005501505511395192	4.32
1.0	1.0	0.0	0.0005501505511395192	4.32
1.0	1.0	0.0	0.0005349114221154443	4.04
1.0	3.0	0.0	0.0014125857598857063	3.12
1.0	3.0	0.0	0.0014125857598857063	3.12
1.0	2.0	0.0	0.0009599310428928083	3.56
1.0	2.0	0.0	0.0009599310428928084	3.56
1.0	3.0	0.0	0.0014312631084550578	3.08
1.0	4.0	0.0	0.00197418045692338	3.36
1.0	4.0	0.0	0.00197418045692338	3.36
1.0	4.0	0.0	0.002123249647735509	4.08
1.0	4.0	0.0	0.002123249647735509	4.08
1.0	4.0	0.0	0.002123249647735509	4.08
1.0	4.0	0.0	0.002123249647735509	4.08
1.0	1.0	0.0	0.00052283475353827	4.571428571428571
1.0	2.0	0.0	0.0010662167849468725	5.714285714285714
1.0	2.0	0.0	0.0009059197257842606	3.5238095238095237
1.0	3.0	0.0	0.0015675902164403643	5.428571428571429
1.0	3.0	0.0	0.0013379564061556152	3.5238095238095237
1.0	3.0	0.0	0.001343971646367867	3.7142857142857144
1.0	3.0	0.0	0.0013375392745244362	3.4285714285714284
1.0	3.0	0.0	0.0014227234910590611	4.666666666666667
1.0	2.0	0.0	0.0009363988522829136	4.190476190476191
1.0	3.0	0.0	0.0013962659275808152	3.619047619047619
1.0	2.0	0.0	0.0009334307702979896	4.0
1.0	2.0	0.0	0.0009234407382112134	3.619047619047619
1.0	3.0	0.0	0.0013588192309866042	3.7142857142857144
1.0	2.0	0.0	0.0009532786602457409	4.476190476190476
1.0	2.0	0.0	0.0009483118642366403	4.285714285714286
1.0	2.0	0.0	0.0009505446358738808	4.476190476190476
1.0	1.0	0.0	0.0005740712682692924	6.380952380952381
1.0	1.0	0.0	0.0005740712682692924	6.380952380952381
1.0	3.0	0.0	0.0014498950146200375	4.857142857142857
1.0	2.0	0.0	0.0009715082847788835	5.0476190476190474
1.0	2.0	0.0	0.0009777686008720248	5.619047619047619
1.0	1.0	0.0	0.0005840917993176092	6.666666666666667
1.0	1.0	0.0	0.0005175658392075755	4.782608695652174
1.0	2.0	0.0	0.001064990012626736	6.260869565217392
1.0	3.0	0.0	0.0013486514789120094	5.130434782608695
1.0	2.0	0.0	0.0008951482929889362	3.8260869565217392
1.0	2.0	0.0	0.000941556964248892	5.956521739130435
1.0	2.0	0.0	0.000941556964248892	5.956521739130435
1.0	2.0	0.0	0.0009608207565519539	6.782608695652174
1.0	2.0	0.0	0.0009608207565519538	6.782608695652174
1.0	3.0	0.0	0.0013208373938005456	4.521739130434782
1.0	2.0	0.0	0.0008952596515900382	4.173913043478261
1.0	2.0	0.0	0.0009092492243003589	4.434782608695652
1.0	3.0	0.0	0.0013130012688942244	3.8260869565217392
1.0	3.0	0.0	0.001310014316131249	3.739130434782609
1.0	2.0	0.0	0.0009064487546731314	4.086956521739131
1.0	3.0	0.0	0.0013769945433139696	3.8260869565217392
1.0	3.0	0.0	0.0013263479982795158	3.8260869565217392
1.0	2.0	0.0	0.0009152304103797102	3.9130434782608696
1.0	3.0	0.0	0.0013541746272128497	4.173913043478261
1.0	2.0	0.0	0.000945887910571241	4.782608695652174
1.0	2.0	0.0	0.0009479872723616291	4.956521739130435
1.0	3.0	0.0	0.0014482472641448268	5.391304347826087
1.0	2.0	0.0	0.0009701544039453978	5.565217391304348
1.0	2.0	0.0	0.0009761967971640676	6.173913043478261
1.0	1.0	0.0	0.0005837471502563168	7.217391304347826
1.0	2.0	0.0	0.0009807688247138054	7.416666666666667
1.0	1.0	0.0	0.0005177562363875219	4.916666666666667
1.0	2.0	0.0	0.001065042620139812	6.541666666666667
1.0	3.0	0.0	0.0013579518524637927	5.041666666666667
1.0	2.0	0.0	0.0008955404807351837	4.0
1.0	2.0	0.0	0.0009498004983014213	5.833333333333333
1.0	2.0	0.0	0.0009498004983014213	5.833333333333333
1.0	3.0	0.0	0.0013248192832255085	4.5
1.0	2.0	0.0	0.0009741166648072127	6.625
1.0	2.0	0.0	0.0009741166648072127	6.625
1.0	3.0	0.0	0.001314165291766619	3.9166666666666665
1.0	2.0	0.0	0.0008970495665928924	4.208333333333333
1.0	3.0	0.0	0.0013112575597358808	3.875
1.0	2.0	0.0	0.000911165062832618	4.458333333333333
1.0	2.0	0.0	0.0009074717347980513	4.166666666666667
1.0	3.0	0.0	0.0013268546222475405	4.041666666666667
1.0	3.0	0.0	0.0013778600163303861	3.9583333333333335
1.0	2.0	0.0	0.0009155238892610139	4.083333333333333
1.0	3.0	0.0	0.0013543326625963428	4.416666666666667
1.0	2.0	0.0	0.0009459962681151948	5.041666666666667
1.0	2.0	0.0	0.0009481019396513387	5.208333333333333
1.0	3.0	0.0	0.0014482982836294572	5.666666666666667
1.0	2.0	0.0	0.000970197091828919	5.833333333333333
1.0	2.0	0.0	0.0009762657057929439	6.458333333333333
1.0	1.0	0.0	0.0005837571521420983	7.5
1.0	2.0	0.0	0.001057573618793	5.904761904761905
1.0	1.0	0.0	0.0005232077436265356	4.666666666666667
1.0	2.0	0.0	0.000906327161313852	3.5238095238095237
1.0	3.0	0.0	0.001577823294070395	5.238095238095238
1.0	3.0	0.0	0.0013368538195966935	3.3333333333333335
1.0	3.0	0.0	0.0013396107257117428	3.619047619047619
1.0	3.0	0.0	0.0013554469608902534	3.5238095238095237
1.0	3.0	0.0	0.001346638639100413	3.9047619047619047
1.0	2.0	0.0	0.0009235806046614981	3.619047619047619
1.0	3.0	0.0	0.0014389079614979777	4.476190476190476
1.0	2.0	0.0	0.0009445083886556899	4.0
1.0	3.0	0.0	0.001397147294748037	3.7142857142857144
1.0	2.0	0.0	0.0009358585574819236	4.190476190476191
1.0	2.0	0.0	0.0009395847647425663	4.476190476190476
1.0	2.0	0.0	0.0009484838426472096	4.285714285714286
1.0	2.0	0.0	0.0009735632506922751	5.238095238095238
1.0	3.0	0.0	0.001432103611316107	5.0476190476190474
1.0	2.0	0.0	0.0009681345413280208	4.761904761904762
1.0	2.0	0.0	0.0009567222235016957	4.761904761904762
1.0	1.0	0.0	0.0005772807466252661	6.190476190476191
1.0	1.0	0.0	0.0005772807466252661	6.190476190476191
1.0	1.0	0.0	0.0005800107170332682	6.857142857142857
1.0	2.0	0.0	0.001057502948289085	5.65
1.0	1.0	0.0	0.0005235198752721805	4.5
1.0	2.0	0.0	0.0010661407093595292	5.45
1.0	2.0	0.0	0.0009072867198366939	3.4
1.0	3.0	0.0	0.0013397669710728524	3.45
1.0	3.0	0.0	0.001338004840642936	3.25
1.0	3.0	0.0	0.001347427487764747	3.7
1.0	3.0	0.0	0.001359658770980321	3.5
1.0	2.0	0.0	0.0009245676844362999	3.5
1.0	3.0	0.0	0.0013973404074983323	3.55
1.0	2.0	0.0	0.0009395632507575648	4.25
1.0	2.0	0.0	0.0009363215138746325	4.0
1.0	3.0	0.0	0.0014326111280612186	4.8
1.0	2.0	0.0	0.0009566884203869656	4.55
1.0	2.0	0.0	0.0009482948734293874	4.05
1.0	2.0	0.0	0.0009505316253639682	4.25
1.0	3.0	0.0	0.0014503683332666851	4.6
1.0	2.0	0.0	0.0009718613502770097	4.8
1.0	2.0	0.0	0.0009777036590198696	5.35
1.0	1.0	0.0	0.0005801477811543522	6.6
1.0	1.0	0.0	0.0005842204450668871	6.4
1.0	1.0	0.0	0.0005464589365562468	6.538461538461538
1.0	2.0	0.0	0.000916343090790459	4.0
1.0	2.0	0.0	0.000979134912801696	4.461538461538462
1.0	2.0	0.0	0.001014958610153154	4.923076923076923
1.0	1.0	0.0	0.0005367117772098534	5.884615384615385
1.0	1.0	0.0	0.0005690826603311816	6.076923076923077
1.0	1.0	0.0	0.0005782797609347305	6.538461538461538
1.0	1.0	0.0	0.0005492623700591098	7.1923076923076925
1.0	3.0	0.0	0.0013694054639753611	4.269230769230769
1.0	2.0	0.0	0.0009812621053841464	5.576923076923077
1.0	3.0	0.0	0.0013684203646452955	3.8846153846153846
1.0	3.0	0.0	0.0013636763295725505	3.8461538461538463
1.0	2.0	0.0	0.0009168893785164095	4.038461538461538
1.0	3.0	0.0	0.0013409738645390281	3.923076923076923
1.0	2.0	0.0	0.00097171411171609	4.346153846153846
1.0	3.0	0.0	0.0014411257015820322	4.923076923076923
1.0	2.0	0.0	0.0009575618786381467	4.923076923076923
1.0	3.0	0.0	0.0015506663738348602	5.115384615384615
1.0	2.0	0.0	0.0010904965887152773	5.923076923076923
1.0	3.0	0.0	0.0014712656802317614	5.576923076923077
1.0	3.0	0.0	0.001581576387781146	5.576923076923077
1.0	3.0	0.0	0.0014831103927177595	6.230769230769231
1.0	2.0	0.0	0.0011608922899942844	6.8076923076923075
1.0	2.0	0.0	0.0011044371212926888	6.384615384615385
1.0	2.0	0.0	0.0011715497844155681	7.269230769230769
1.0	1.0	0.0	0.0006261259702689125	7.769230769230769
1.0	1.0	0.0	0.0006308694022427752	8.23076923076923
1.0	1.0	0.0	0.000547549152262237	5.857142857142857
1.0	2.0	0.0	0.0009309828574577576	3.6666666666666665
1.0	1.0	0.0	0.0005320397539715426	4.9523809523809526
1.0	2.0	0.0	0.0010223569326048526	4.571428571428571
1.0	1.0	0.0	0.0005383489080914285	5.285714285714286
1.0	1.0	0.0	0.0005802001827847972	6.095238095238095
1.0	1.0	0.0	0.0005502024329124738	6.428571428571429
1.0	3.0	0.0	0.0013787746815290514	3.761904761904762
1.0	2.0	0.0	0.0009838392991190856	4.904761904761905
1.0	3.0	0.0	0.001425205037559195	4.0
1.0	3.0	0.0	0.0013930640778077033	3.7142857142857144
1.0	2.0	0.0	0.000940126125690426	3.9523809523809526
1.0	3.0	0.0	0.0013606950119734837	3.5714285714285716
1.0	2.0	0.0	0.0009836229574408917	4.095238095238095
1.0	3.0	0.0	0.0014464803706701094	4.333333333333333
1.0	2.0	0.0	0.0009614283648023412	4.333333333333333
1.0	3.0	0.0	0.0014749842314707134	4.904761904761905
1.0	3.0	0.0	0.0015877060219375368	5.142857142857143
1.0	3.0	0.0	0.0014861571075951826	5.476190476190476
1.0	2.0	0.0	0.001107363354974137	5.904761904761905
1.0	2.0	0.0	0.0011736471379305807	6.761904761904762
1.0	1.0	0.0	0.0006318752140741566	7.714285714285714
1.0	1.0	0.0	0.0005474806503741963	5.619047619047619
1.0	2.0	0.0	0.0009373734873136918	3.6666666666666665
1.0	2.0	0.0	0.0009899872812581957	4.0
1.0	1.0	0.0	0.000576508908291587	5.523809523809524
1.0	1.0	0.0	0.000538185673148729	5.0476190476190474
1.0	1.0	0.0	0.000571893037895485	5.523809523809524
1.0	1.0	0.0	0.0005501026194540648	6.190476190476191
1.0	3.0	0.0	0.0013778917984486677	3.5238095238095237
1.0	2.0	0.0	0.000983576250717977	4.666666666666667
1.0	3.0	0.0	0.001394837356724469	3.5238095238095237
1.0	2.0	0.0	0.0009303478468549125	3.4761904761904763
1.0	3.0	0.0	0.0014164255238948054	3.7142857142857144
1.0	3.0	0.0	0.0013591548701028596	3.3333333333333335
1.0	2.0	0.0	0.001048904932355232	4.571428571428571
1.0	3.0	0.0	0.0014461121454490732	4.095238095238095
1.0	2.0	0.0	0.0009611580316386128	4.095238095238095
1.0	3.0	0.0	0.0015597582020122239	4.571428571428571
1.0	2.0	0.0	0.0010947747636246177	5.333333333333333
1.0	3.0	0.0	0.0014746036056085341	4.666666666666667
1.0	3.0	0.0	0.001485969114036097	5.238095238095238
1.0	2.0	0.0	0.001164009347841704	6.190476190476191
1.0	1.0	0.0	0.0006275937676139496	7.142857142857143
1.0	0.0	0.0	0.0	0.0
1.0	2.0	0.0	0.0009558926559145931	4.352941176470588
1.0	2.0	0.0	0.0010417924874442418	4.294117647058823
1.0	2.0	0.0	0.0009189533955673231	3.1176470588235294
1.0	2.0	0.0	0.0009558926559145931	4.352941176470588
1.0	3.0	0.0	0.0013296625451844528	2.764705882352941
1.0	3.0	0.0	0.0013363059984213734	2.764705882352941
1.0	3.0	0.0	0.0013478907755779257	3.0
1.0	3.0	0.0	0.001402098961540092	3.4705882352941178
1.0	2.0	0.0	0.0009301273602811844	3.235294117647059
1.0	2.0	0.0	0.0009342200904023435	3.4705882352941178
1.0	2.0	0.0	0.0009443799657110244	3.4705882352941178
1.0	3.0	0.0	0.0013787899251322697	3.588235294117647
1.0	2.0	0.0	0.0009397742822221454	3.7058823529411766
1.0	2.0	0.0	0.0009725401801289606	5.117647058823529
1.0	2.0	0.0	0.0009725401801289605	5.117647058823529
1.0	2.0	0.0	0.0009558091331130447	4.176470588235294
1.0	2.0	0.0	0.0009582406619812601	4.411764705882353
1.0	1.0	0.0	0.0005732562846012285	5.235294117647059
1.0	2.0	0.0	0.0010649240621824294	6.685714285714286
1.0	1.0	0.0	0.0005911597280264374	7.485714285714286
1.0	1.0	0.0	0.0005911597280264374	7.485714285714286
1.0	1.0	0.0	0.0005911597280264374	7.485714285714286
1.0	2.0	0.0	0.0010312655189580221	5.257142857142857
1.0	2.0	0.0	0.0010422854838450532	5.6571428571428575
1.0	2.0	0.0	0.0009844057756173683	5.6
1.0	1.0	0.0	0.0005381241299953447	6.485714285714286
1.0	1.0	0.0	0.0005671947138313403	6.685714285714286
1.0	2.0	0.0	0.0010925085045764876	7.2
1.0	1.0	0.0	0.0005704175368163756	7.314285714285714
1.0	2.0	0.0	0.0009747834741258497	5.0285714285714285
1.0	3.0	0.0	0.0013571130467340603	4.4
1.0	2.0	0.0	0.0009256992610297049	4.6
1.0	2.0	0.0	0.00091758345491391	4.571428571428571
1.0	3.0	0.0	0.0013284198340102536	4.2
1.0	3.0	0.0	0.0013242357272710984	4.228571428571429
1.0	3.0	0.0	0.0013106884245199795	4.057142857142857
1.0	3.0	0.0	0.0013153218420189092	4.0285714285714285
1.0	3.0	0.0	0.0013839898277075808	4.3428571428571425
1.0	2.0	0.0	0.0009154855914738762	4.628571428571429
1.0	2.0	0.0	0.0009364518496007202	4.857142857142857
1.0	2.0	0.0	0.0009301152166031649	4.714285714285714
1.0	3.0	0.0	0.0014018218753461518	4.742857142857143
1.0	3.0	0.0	0.001382233699318297	4.914285714285715
1.0	3.0	0.0	0.0014455635743141492	5.514285714285714
1.0	3.0	0.0	0.0015387549121475307	5.714285714285714
1.0	2.0	0.0	0.0009580713829891586	5.371428571428571
1.0	3.0	0.0	0.0014479819115656874	5.771428571428571
1.0	4.0	0.0	0.0021663288277534495	6.514285714285714
1.0	1.0	0.0	0.0005692767689401739	6.228571428571429
1.0	1.0	0.0	0.0005731278387528458	6.628571428571429
1.0	3.0	0.0	0.0015555821463804644	6.3428571428571425
1.0	1.0	0.0	0.000583651922791594	7.6571428571428575
1.0	2.0	0.0	0.0011626447486787574	8.114285714285714
1.0	1.0	0.0	0.000626803009644929	9.085714285714285
1.0	2.0	0.0	0.0010658237951634677	6.46875
1.0	2.0	0.0	0.0010320742181645368	4.90625
1.0	2.0	0.0	0.0009849671524219618	5.1875
1.0	2.0	0.0	0.0010427509320616454	5.25
1.0	1.0	0.0	0.0005391620628341409	6.34375
1.0	1.0	0.0	0.0005902783438587364	7.03125
1.0	1.0	0.0	0.0005705768612599232	6.875
1.0	2.0	0.0	0.0010033954028960295	5.21875
1.0	3.0	0.0	0.0013776350932661321	4.4375
1.0	2.0	0.0	0.0009331452633273294	4.5625
1.0	2.0	0.0	0.000922604091457203	4.4375
1.0	3.0	0.0	0.0013366290141136779	4.125
1.0	3.0	0.0	0.0013275751937281933	3.96875
1.0	3.0	0.0	0.001313584485157003	3.78125
1.0	3.0	0.0	0.0013199284760809396	3.84375
1.0	3.0	0.0	0.001385444299407243	4.0
1.0	2.0	0.0	0.0009170590350363466	4.3125
1.0	2.0	0.0	0.0009403202290205535	4.75
1.0	2.0	0.0	0.0009320742696324996	4.5
1.0	3.0	0.0	0.0014029737291834168	4.34375
1.0	3.0	0.0	0.0013832636011806955	4.53125
1.0	3.0	0.0	0.0014482436913649537	5.375
1.0	3.0	0.0	0.0016198838007085836	6.0625
1.0	2.0	0.0	0.0009595505445424982	5.125
1.0	3.0	0.0	0.0014502814751905144	5.5625
1.0	1.0	0.0	0.0005902783438587364	7.03125
1.0	1.0	0.0	0.0005696041328526689	5.875
1.0	3.0	0.0	0.0015558816839302083	5.90625
1.0	1.0	0.0	0.0005733999663779147	6.21875
1.0	2.0	0.0	0.0010927615390660876	6.75
1.0	2.0	0.0	0.0011627248790219685	7.65625
1.0	1.0	0.0	0.0005842014961327387	7.4375
1.0	1.0	0.0	0.000626896719690981	8.625
1.0	2.0	0.0	0.0010658237951634677	6.46875
1.0	2.0	0.0	0.0010320742181645368	4.90625
1.0	2.0	0.0	0.0010427509320616454	5.25
1.0	2.0	0.0	0.0009849671524219616	5.1875
1.0	1.0	0.0	0.0005391620628341409	6.34375
1.0	1.0	0.0	0.0005902783438587364	7.03125
1.0	2.0	0.0	0.0010927615390660872	6.75
1.0	1.0	0.0	0.000570576861259923	6.875
1.0	2.0	0.0	0.0010033954028960295	5.21875
1.0	3.0	0.0	0.0013776350932661321	4.4375
1.0	2.0	0.0	0.0009331452633273294	4.5625
1.0	2.0	0.0	0.000922604091457203	4.4375
1.0	3.0	0.0	0.0013366290141136779	4.125
1.0	3.0	0.0	0.0013275751937281933	3.96875
1.0	3.0	0.0	0.001313584485157003	3.78125
1.0	3.0	0.0	0.0013199284760809396	3.84375
1.0	3.0	0.0	0.001385444299407243	4.0
1.0	2.0	0.0	0.0009170590350363463	4.3125
1.0	2.0	0.0	0.0009403202290205535	4.75
1.0	2.0	0.0	0.0009320742696324996	4.5
1.0	3.0	0.0	0.0014029737291834168	4.34375
1.0	3.0	0.0	0.0013832636011806955	4.53125
1.0	3.0	0.0	0.0014482436913649537	5.375
1.0	3.0	0.0	0.0016198838007085836	6.0625
1.0	2.0	0.0	0.0009595505445424982	5.125
1.0	3.0	0.0	0.0014502814751905144	5.5625
1.0	1.0	0.0	0.0005902783438587364	7.03125
1.0	1.0	0.0	0.0005696041328526689	5.875
1.0	1.0	0.0	0.0005733999663779147	6.21875
1.0	3.0	0.0	0.0015558816839302083	5.90625
1.0	1.0	0.0	0.0005842014961327387	7.4375
1.0	2.0	0.0	0.0011627248790219685	7.65625
1.0	1.0	0.0	0.000626896719690981	8.625
1.0	1.0	0.0	0.0005382767621193296	3.75
1.0	1.0	0.0	0.0006230139381124009	5.625
1.0	1.0	0.0	0.0005309813889929934	3.625
1.0	1.0	0.0	0.0005345888254391357	3.8125
1.0	2.0	0.0	0.00101893937875141	3.1875
1.0	2.0	0.0	0.0009539093531330533	3.625
1.0	3.0	0.0	0.0014225779307084124	2.625
1.0	3.0	0.0	0.001372267823202946	2.75
1.0	3.0	0.0	0.0014224065588169937	2.6875
1.0	3.0	0.0	0.0013763938399536262	2.9375
1.0	3.0	0.0	0.0014467346947075398	2.8125
1.0	2.0	0.0	0.001081045759593307	3.875
1.0	3.0	0.0	0.0014314442309119745	2.875
1.0	2.0	0.0	0.0009538598665507293	3.4375
1.0	2.0	0.0	0.0011529449030571132	4.6875
1.0	2.0	0.0	0.0009702330655202751	4.125
1.0	2.0	0.0	0.0009714288008476063	4.3125
1.0	1.0	0.0	0.0005317406355460002	4.714285714285714
1.0	2.0	0.0	0.0010008120224986213	7.0
1.0	1.0	0.0	0.0005245930556606763	4.619047619047619
1.0	1.0	0.0	0.0005304491626460943	5.0
1.0	3.0	0.0	0.001422026233422026	4.714285714285714
1.0	2.0	0.0	0.0009560108225175404	3.5714285714285716
1.0	2.0	0.0	0.0009494965061403514	5.095238095238095
1.0	2.0	0.0	0.0009791993371351256	5.476190476190476
1.0	2.0	0.0	0.0009791993371351256	5.476190476190476
1.0	2.0	0.0	0.0009678433755328959	4.238095238095238
1.0	2.0	0.0	0.0009961198615229656	6.238095238095238
1.0	2.0	0.0	0.0009961198615229656	6.238095238095238
1.0	2.0	0.0	0.0009705694025520663	3.857142857142857
1.0	3.0	0.0	0.0013818297329134858	3.380952380952381
1.0	3.0	0.0	0.0013998890863868138	3.6666666666666665
1.0	3.0	0.0	0.0013608154208525315	3.9523809523809526
1.0	3.0	0.0	0.0014237043146494103	3.761904761904762
1.0	3.0	0.0	0.0013661950350894443	4.333333333333333
1.0	3.0	0.0	0.0014187862990267986	4.0476190476190474
1.0	2.0	0.0	0.0009479898278403908	4.714285714285714
1.0	2.0	0.0	0.0009662275981699747	5.476190476190476
1.0	2.0	0.0	0.0009670322858983799	5.857142857142857
1.0	1.0	0.0	0.0005297935940100678	4.380952380952381
1.0	1.0	0.0	0.0005322980302126485	4.619047619047619
1.0	2.0	0.0	0.0010648952662878487	4.904761904761905
1.0	2.0	0.0	0.0010771162357959927	5.0476190476190474
1.0	2.0	0.0	0.0010697578166861646	5.476190476190476
1.0	1.0	0.0	0.0005601700217621657	5.238095238095238
1.0	2.0	0.0	0.0009573169934129117	3.9523809523809526
1.0	3.0	0.0	0.001369070135624136	3.1904761904761907
1.0	3.0	0.0	0.0013731154627916972	3.2857142857142856
1.0	3.0	0.0	0.0014176467733309508	3.4285714285714284
1.0	3.0	0.0	0.0014159321110419603	3.7142857142857144
1.0	3.0	0.0	0.001425366829797561	3.6666666666666665
1.0	2.0	0.0	0.0009510996441623082	3.6666666666666665
1.0	2.0	0.0	0.0009532640329975824	3.857142857142857
1.0	3.0	0.0	0.0014500302964578018	4.0476190476190474
1.0	3.0	0.0	0.0014573309171063606	4.619047619047619
1.0	2.0	0.0	0.000971473307967773	4.238095238095238
1.0	3.0	0.0	0.001519422312655042	4.285714285714286
1.0	2.0	0.0	0.0011498810052328122	5.904761904761905
1.0	1.0	0.0	0.0005842377411186795	5.857142857142857
1.0	1.0	0.0	0.0006216582559186438	6.857142857142857
1.0	1.0	0.0	0.0005857724302885766	6.428571428571429
1.0	0.0	0.0	0.0	0.0
1.0	2.0	0.0	0.0009110410537439826	4.25
1.0	3.0	0.0	0.001378443878681095	4.15
1.0	3.0	0.0	0.0015907239806744692	6.0
1.0	3.0	0.0	0.0013420782163409586	4.55
1.0	3.0	0.0	0.0013479840598402005	3.75
1.0	3.0	0.0	0.0013390812860951172	4.6
1.0	2.0	0.0	0.0009384926774959807	5.3
1.0	1.0	0.0	0.0005180995071118801	5.1
1.0	2.0	0.0	0.0009342126469541892	3.7
1.0	2.0	0.0	0.000937319772666972	5.35
1.0	3.0	0.0	0.0013965985346397459	3.9
1.0	3.0	0.0	0.0014583805528267583	5.25
1.0	2.0	0.0	0.0009430406800751317	3.75
1.0	2.0	0.0	0.0009578474039193052	6.05
1.0	2.0	0.0	0.000957613278465067	6.1
1.0	2.0	0.0	0.0009616758806203113	4.35
1.0	2.0	0.0	0.0009616758806203113	4.35
1.0	2.0	0.0	0.0009765461565777669	4.8
1.0	2.0	0.0	0.0009765461565777669	4.8
1.0	1.0	0.0	0.0005810635959422539	6.95
1.0	1.0	0.0	0.0005810635959422539	6.95
1.0	1.0	0.0	0.0005472447727936537	3.7333333333333334
1.0	1.0	0.0	0.000540055795554581	3.466666666666667
1.0	1.0	0.0	0.0005400557955545808	3.466666666666667
1.0	1.0	0.0	0.0005396413848162544	3.7333333333333334
1.0	1.0	0.0	0.0005396413848162542	3.7333333333333334
1.0	3.0	0.0	0.0013928359181899527	2.2666666666666666
1.0	3.0	0.0	0.0013928359181899523	2.2666666666666666
1.0	3.0	0.0	0.0014751088687561709	2.8
1.0	3.0	0.0	0.0014511458377960255	2.533333333333333
1.0	3.0	0.0	0.0014511458377960257	2.533333333333333
1.0	3.0	0.0	0.0014751088687561704	2.8
1.0	3.0	0.0	0.001449764715851949	2.8
1.0	3.0	0.0	0.001449764715851949	2.8
1.0	1.0	0.0	0.0005472447727936535	3.7333333333333334
1.0	2.0	0.0	0.0009811660570267521	3.3333333333333335
1.0	2.0	0.0	0.0009811660570267517	3.3333333333333335
1.0	1.0	0.0	0.0005325650322027095	4.782608695652174
1.0	2.0	0.0	0.0010008935191385556	7.391304347826087
1.0	1.0	0.0	0.0005258160261798018	4.608695652173913
1.0	1.0	0.0	0.0005316783217539216	4.956521739130435
1.0	1.0	0.0	0.0005351453429536926	5.478260869565218
1.0	1.0	0.0	0.0005359649728041514	5.826086956521739
1.0	3.0	0.0	0.0014223000677109736	5.043478260869565
1.0	2.0	0.0	0.0009570307645336659	3.739130434782609
1.0	2.0	0.0	0.0009682024152293453	4.521739130434782
1.0	2.0	0.0	0.000979320854370295	5.826086956521739
1.0	2.0	0.0	0.000979320854370295	5.826086956521739
1.0	2.0	0.0	0.000996209235983312	6.608695652173913
1.0	2.0	0.0	0.000996209235983312	6.608695652173913
1.0	2.0	0.0	0.0009712042812583006	4.086956521739131
1.0	3.0	0.0	0.0013843465586125493	3.4782608695652173
1.0	3.0	0.0	0.001403917850424916	3.652173913043478
1.0	3.0	0.0	0.0013681956465534447	3.8260869565217392
1.0	3.0	0.0	0.0013734837207006233	4.173913043478261
1.0	3.0	0.0	0.0014264019662109965	3.8260869565217392
1.0	3.0	0.0	0.0014229333652471792	4.0
1.0	3.0	0.0	0.0014351343454507247	4.521739130434782
1.0	3.0	0.0	0.0014371449090728856	4.869565217391305
1.0	2.0	0.0	0.0009733753244198463	5.217391304347826
1.0	2.0	0.0	0.0009740954411905186	5.565217391304348
