Constant_feature	Degree	Clustering_coefficient	Pagerank	Aver_path_len
1.0	1.0	0.0	0.024789794245226815	5.2
1.0	1.0	0.0	0.026105500395755085	4.9
1.0	3.0	0.0	0.06464483784242214	3.2
1.0	2.0	0.0	0.04343837350668217	3.9
1.0	2.0	0.0	0.04551246455456679	4.0
1.0	2.0	0.0	0.04803705622148201	4.65
1.0	3.0	0.0	0.07597573784735052	5.4
1.0	3.0	0.0	0.06654832052436548	3.7
1.0	2.0	0.0	0.044754447955209095	4.2
1.0	3.0	0.0	0.061916489614946085	2.95
1.0	1.0	0.0	0.024726558471887046	4.65
1.0	3.0	0.0	0.06216072326672137	3.35
1.0	3.0	0.0	0.06675851718543924	4.25
1.0	3.0	0.0	0.0711450639817966	3.95
1.0	2.0	0.0	0.04247139796066769	3.2
1.0	2.0	0.0	0.04283928348621196	3.6
1.0	3.0	0.0	0.063784642747785	3.45
1.0	2.0	0.0	0.04317394040673783	3.85
1.0	1.0	0.0	0.026105500395755085	4.9
1.0	1.0	0.0	0.027555674694495734	6.35
1.0	1.0	0.0	0.027555674694495734	6.35
