Constant_feature	Degree	Clustering_coefficient	Pagerank	Aver_path_len
1.0	1.0	0.0	0.01793167948779615	5.185185185185185
1.0	2.0	0.0	0.036375514330199046	6.148148148148148
1.0	2.0	0.0	0.036375514330199046	6.148148148148148
1.0	2.0	0.0	0.036459523664611033	6.666666666666667
1.0	3.0	0.0	0.04614758767763964	4.888888888888889
1.0	3.0	0.0	0.046574865607724523	4.222222222222222
1.0	2.0	0.0	0.03173757842156427	4.666666666666667
1.0	2.0	0.0	0.03173757842156427	4.666666666666667
1.0	2.0	0.0	0.03182562487066836	4.444444444444445
1.0	2.0	0.0	0.03182562487066836	4.444444444444445
1.0	3.0	0.0	0.046710807995960696	5.333333333333333
1.0	3.0	0.0	0.04786820014584306	4.222222222222222
1.0	3.0	0.0	0.04876721037849959	6.0
1.0	2.0	0.0	0.03258547702458596	6.148148148148148
1.0	2.0	0.0	0.03599422518018122	6.888888888888889
1.0	3.0	0.0	0.04728402661016492	4.37037037037037
1.0	2.0	0.0	0.033304456507201555	6.814814814814815
1.0	2.0	0.0	0.03333771581133617	6.962962962962963
1.0	2.0	0.0	0.033559092936870115	7.62962962962963
1.0	2.0	0.0	0.03261463392054913	4.888888888888889
1.0	2.0	0.0	0.03261463392054913	4.888888888888889
1.0	1.0	0.0	0.019768149902705125	7.851851851851852
1.0	3.0	0.0	0.049523836038542456	5.2592592592592595
1.0	3.0	0.0	0.049523836038542456	5.2592592592592595
1.0	3.0	0.0	0.04969400316240462	5.777777777777778
1.0	1.0	0.0	0.01993993510740508	7.111111111111111
1.0	1.0	0.0	0.01993993510740508	7.111111111111111
1.0	1.0	0.0	0.019978732528618696	7.62962962962963
