Constant_feature	Degree	Clustering_coefficient	Pagerank	Aver_path_len
1.0	1.0	0.0	0.015170822579141555	5.387096774193548
1.0	1.0	0.0	0.015810764680793787	5.451612903225806
1.0	1.0	0.0	0.016057990001075124	5.967741935483871
1.0	2.0	0.0	0.026309212934407966	5.032258064516129
1.0	4.0	0.0	0.062323340125313806	6.290322580645161
1.0	1.0	0.0	0.01519508552356898	5.645161290322581
1.0	1.0	0.0	0.017148831051120274	7.258064516129032
1.0	1.0	0.0	0.017148831051120274	7.258064516129032
1.0	1.0	0.0	0.017148831051120274	7.258064516129032
1.0	3.0	0.0	0.03795653880399696	3.903225806451613
1.0	3.0	0.0	0.03865962413670339	3.7096774193548385
1.0	2.0	0.0	0.027150217329458617	4.516129032258065
1.0	2.0	0.0	0.026309212934407966	5.032258064516129
1.0	4.0	0.0	0.05024077051110125	3.6451612903225805
1.0	3.0	0.0	0.04015339155312654	4.419354838709677
1.0	2.0	0.0	0.026857072403658814	4.451612903225806
1.0	3.0	0.0	0.04023301803787194	4.67741935483871
1.0	3.0	0.0	0.041425993484798584	4.870967741935484
1.0	3.0	0.0	0.038189984738017727	4.354838709677419
1.0	3.0	0.0	0.04003916237586035	3.967741935483871
1.0	1.0	0.0	0.015552702775409898	5.838709677419355
1.0	3.0	0.0	0.042288573724746856	4.483870967741935
1.0	2.0	0.0	0.028070409870377518	4.483870967741935
1.0	3.0	0.0	0.039090382804844906	5.645161290322581
1.0	3.0	0.0	0.03909038280484491	5.645161290322581
1.0	3.0	0.0	0.043106912852423726	5.0
1.0	2.0	0.0	0.028710528018838055	5.0
1.0	3.0	0.0	0.043002465770529394	5.516129032258065
1.0	2.0	0.0	0.0275537198673331	6.483870967741935
1.0	2.0	0.0	0.0275537198673331	6.483870967741935
1.0	2.0	0.0	0.028225753168327084	7.32258064516129
1.0	2.0	0.0	0.028225753168327084	7.32258064516129
