Constant_feature	Degree	Clustering_coefficient	Pagerank	Aver_path_len
1.0	1.0	0.0	0.027369325256836115	3.8823529411764706
1.0	1.0	0.0	0.027369325256836115	3.8823529411764706
1.0	3.0	0.0	0.07087415070005854	2.9411764705882355
1.0	3.0	0.0	0.07087415070005854	2.9411764705882355
1.0	3.0	0.0	0.07230224951790082	3.2941176470588234
1.0	3.0	0.0	0.07230224951790082	3.2941176470588234
1.0	2.0	0.0	0.05053954601342299	4.0
1.0	2.0	0.0	0.05053954601342299	4.0
1.0	2.0	0.0	0.05053954601342299	4.0
1.0	2.0	0.0	0.05053954601342299	4.0
1.0	2.0	0.0	0.05176123073703471	4.705882352941177
1.0	2.0	0.0	0.05176123073703471	4.705882352941177
1.0	2.0	0.0	0.05176123073703471	4.705882352941177
1.0	2.0	0.0	0.05176123073703471	4.705882352941177
1.0	3.0	0.0	0.07271129603688231	2.9411764705882355
1.0	3.0	0.0	0.07271129603688231	2.9411764705882355
1.0	2.0	0.0	0.052141424987406725	5.411764705882353
1.0	2.0	0.0	0.052141424987406725	5.411764705882353
