Constant_feature	Degree	Clustering_coefficient	Pagerank	Aver_path_len
1.0	1.0	0.0	0.025660617536688572	4.75
1.0	3.0	0.0	0.06237083775849296	3.05
1.0	3.0	0.0	0.06100008594834918	3.25
1.0	2.0	0.0	0.04213914604297598	3.5
1.0	3.0	0.0	0.06136582384883025	3.15
1.0	2.0	0.0	0.04206874029958547	3.65
1.0	2.0	0.0	0.04199285744274665	3.7
1.0	3.0	0.0	0.06210193328133746	3.7
1.0	3.0	0.0	0.06966146378155919	3.8
1.0	3.0	0.0	0.06322182463740428	3.95
1.0	2.0	0.0	0.04337714599361378	4.45
1.0	2.0	0.0	0.04337714599361378	4.45
1.0	1.0	0.0	0.025660617536688572	4.75
1.0	2.0	0.0	0.043888011907448385	4.7
1.0	2.0	0.0	0.043888011907448385	4.7
1.0	2.0	0.0	0.04441128543921203	5.2
1.0	2.0	0.0	0.04441128543921203	5.2
1.0	2.0	0.0	0.04473161539942901	5.95
1.0	2.0	0.0	0.044795910134832605	5.45
1.0	2.0	0.0	0.044795910134832605	5.45
1.0	2.0	0.0	0.045079729535698505	6.2
