Constant_feature	Degree	Clustering_coefficient	Pagerank	Aver_path_len
1.0	1.0	0.0	0.015250882128186424	6.9393939393939394
1.0	1.0	0.0	0.016612685402425345	8.696969696969697
1.0	1.0	0.0	0.016612685402425345	8.696969696969697
1.0	1.0	0.0	0.017257252346781906	10.212121212121213
1.0	1.0	0.0	0.017257252346781906	10.212121212121213
1.0	2.0	0.0	0.027979301330490598	6.393939393939394
1.0	2.0	0.0	0.025749288974544808	6.393939393939394
1.0	2.0	0.0	0.026102795836233594	7.0606060606060606
1.0	2.0	0.0	0.02659380148003783	8.333333333333334
1.0	2.0	0.0	0.027184043538047032	8.393939393939394
1.0	1.0	0.0	0.014942367241923316	8.575757575757576
1.0	1.0	0.0	0.015182852766711951	10.030303030303031
1.0	3.0	0.0	0.03956105084206288	5.363636363636363
1.0	2.0	0.0	0.02623525359175043	5.606060606060606
1.0	2.0	0.0	0.029338993267100502	6.2727272727272725
1.0	3.0	0.0	0.03870622187446457	5.303030303030303
1.0	3.0	0.0	0.038084224072729184	5.909090909090909
1.0	1.0	0.0	0.016143580845315857	7.242424242424242
1.0	2.0	0.0	0.026551896326438288	5.424242424242424
1.0	2.0	0.0	0.026551896326438288	5.424242424242424
1.0	3.0	0.0	0.03924860746669224	5.666666666666667
1.0	2.0	0.0	0.026663870769241548	5.545454545454546
1.0	2.0	0.0	0.026663870769241548	5.545454545454546
1.0	3.0	0.0	0.04242627710403998	6.878787878787879
1.0	2.0	0.0	0.0293865105555847	7.606060606060606
1.0	3.0	0.0	0.04103131320292342	5.96969696969697
1.0	2.0	0.0	0.02611350100260446	6.575757575757576
1.0	2.0	0.0	0.030480584713110128	8.393939393939394
1.0	3.0	0.0	0.03794008009492078	6.878787878787879
1.0	3.0	0.0	0.04557356936498949	7.7272727272727275
1.0	3.0	0.0	0.03803806214316653	7.545454545454546
1.0	3.0	0.0	0.04000560967000424	7.606060606060606
1.0	3.0	0.0	0.0477225397831975	9.242424242424242
1.0	3.0	0.0	0.04080727741939326	9.06060606060606
