Constant_feature	Degree	Clustering_coefficient	Pagerank	Aver_path_len
1.0	2.0	0.0	0.03193227414929493	4.384615384615385
1.0	4.0	0.0	0.06911603729963167	4.923076923076923
1.0	1.0	0.0	0.01925502898413011	5.884615384615385
1.0	1.0	0.0	0.01925502898413011	5.884615384615385
1.0	1.0	0.0	0.01982843047680234	5.923076923076923
1.0	1.0	0.0	0.020452965430537394	8.038461538461538
1.0	1.0	0.0	0.020452965430537394	8.038461538461538
1.0	3.0	0.0	0.046197390531755284	4.076923076923077
1.0	2.0	0.0	0.03145325261977393	4.230769230769231
1.0	2.0	0.0	0.031965605823173315	4.3076923076923075
1.0	2.0	0.0	0.036336389186535686	5.576923076923077
1.0	3.0	0.0	0.059677943643504046	7.115384615384615
1.0	3.0	0.0	0.055833760637312685	7.076923076923077
1.0	3.0	0.0	0.046411075713350826	4.1923076923076925
1.0	3.0	0.0	0.047611311066750955	4.076923076923077
1.0	3.0	0.0	0.046086306108329284	4.153846153846154
1.0	3.0	0.0	0.04756970841638854	4.538461538461538
1.0	3.0	0.0	0.04800913439300531	4.5
1.0	2.0	0.0	0.033267873551605126	5.115384615384615
1.0	2.0	0.0	0.033267873551605126	5.115384615384615
1.0	2.0	0.0	0.03583230859990562	4.961538461538462
1.0	2.0	0.0	0.03398785306413526	5.6923076923076925
1.0	2.0	0.0	0.03398785306413526	5.6923076923076925
1.0	3.0	0.0	0.05104056746029104	6.269230769230769
1.0	2.0	0.0	0.0379577371213681	6.3076923076923075
1.0	1.0	0.0	0.021606662346005202	8.076923076923077
1.0	1.0	0.0	0.021606662346005202	8.076923076923077
