Constant_feature	Degree	Clustering_coefficient	Pagerank	Aver_path_len
1.0	1.0	0.0	0.016213853442953285	5.935483870967742
1.0	1.0	0.0	0.01591341335706243	5.741935483870968
1.0	3.0	0.0	0.04293371062813354	4.516129032258065
1.0	3.0	0.0	0.04108111036667528	4.32258064516129
1.0	2.0	0.0	0.028959518847984707	5.548387096774194
1.0	2.0	0.0	0.02857004524308068	5.354838709677419
1.0	1.0	0.0	0.01864686059866283	8.0
1.0	2.0	0.0	0.02878626869518184	4.387096774193548
1.0	2.0	0.0	0.02840304265825513	4.32258064516129
1.0	2.0	0.0	0.030590266285130063	5.290322580645161
1.0	3.0	0.0	0.04128668030284681	4.967741935483871
1.0	3.0	0.0	0.043628222855172004	4.967741935483871
1.0	2.0	0.0	0.032412787607710616	6.129032258064516
1.0	3.0	0.0	0.04262694891821762	4.774193548387097
1.0	2.0	0.0	0.028709047265726158	5.806451612903226
1.0	2.0	0.0	0.028709047265726158	5.806451612903226
1.0	3.0	0.0	0.04248365970807208	6.193548387096774
1.0	2.0	0.0	0.029327729235128247	6.645161290322581
1.0	2.0	0.0	0.029327729235128247	6.645161290322581
1.0	3.0	0.0	0.042187090541276395	6.0
1.0	2.0	0.0	0.029520551480039493	7.483870967741935
1.0	2.0	0.0	0.034492244518449636	7.032258064516129
1.0	2.0	0.0	0.02925395359275609	7.032258064516129
1.0	2.0	0.0	0.02925395359275609	7.032258064516129
1.0	2.0	0.0	0.029118966011875913	6.838709677419355
1.0	2.0	0.0	0.029118966011875913	6.838709677419355
1.0	2.0	0.0	0.029739261342108515	7.870967741935484
1.0	2.0	0.0	0.029739261342108515	7.870967741935484
1.0	2.0	0.0	0.029637282211370495	7.67741935483871
1.0	2.0	0.0	0.029637282211370495	7.67741935483871
1.0	2.0	0.0	0.029891576375449338	8.709677419354838
1.0	2.0	0.0	0.029799668251715324	8.516129032258064
