Constant_feature	Degree	Clustering_coefficient	Pagerank	Aver_path_len
1.0	1.0	0.0	0.02319576861635859	5.363636363636363
1.0	1.0	0.0	0.022997074113934254	7.2727272727272725
1.0	1.0	0.0	0.023008121203725532	7.318181818181818
1.0	1.0	0.0	0.023008121203725532	7.318181818181818
1.0	1.0	0.0	0.023076309086271587	7.954545454545454
1.0	2.0	0.0	0.04193999928827245	4.454545454545454
1.0	2.0	0.0	0.04094709498416682	4.7727272727272725
1.0	2.0	0.0	0.040962344820268407	4.818181818181818
1.0	2.0	0.0	0.04162132492806796	4.545454545454546
1.0	2.0	0.0	0.041654247254050064	4.590909090909091
1.0	3.0	0.0	0.05956135740851467	5.090909090909091
1.0	3.0	0.0	0.05956752702443172	5.136363636363637
1.0	3.0	0.0	0.06282784677921673	4.409090909090909
1.0	2.0	0.0	0.04086736217533227	5.7272727272727275
1.0	2.0	0.0	0.04087726779884236	5.7727272727272725
1.0	2.0	0.0	0.04087726779884236	5.7727272727272725
1.0	2.0	0.0	0.04088090431084878	5.818181818181818
1.0	3.0	0.0	0.06216379935029026	6.318181818181818
1.0	3.0	0.0	0.06219826731236233	6.363636363636363
1.0	3.0	0.0	0.06219826731236233	6.363636363636363
1.0	2.0	0.0	0.041472645430507105	6.409090909090909
1.0	3.0	0.0	0.06242866547911323	7.0
1.0	2.0	0.0	0.04166841632049455	7.045454545454546
