Constant_feature	Degree	Clustering_coefficient	Pagerank	Aver_path_len
1.0	2.0	0.0	0.02299009906419177	6.1891891891891895
1.0	2.0	0.0	0.02299009906419177	6.1891891891891895
1.0	1.0	0.0	0.013417495856782327	7.621621621621622
1.0	1.0	0.0	0.013417495856782327	7.621621621621622
1.0	3.0	0.0	0.04001885683728277	11.08108108108108
1.0	3.0	0.0	0.04001885683728277	11.08108108108108
1.0	2.0	0.0	0.023278308074480232	6.513513513513513
1.0	2.0	0.0	0.023278308074480232	6.513513513513513
1.0	3.0	0.0	0.03679818956552366	10.216216216216216
1.0	3.0	0.0	0.03679818956552366	10.216216216216216
1.0	3.0	0.0	0.034358831058601574	6.324324324324325
1.0	3.0	0.0	0.034358831058601574	6.324324324324325
1.0	3.0	0.0	0.03542820014868338	8.108108108108109
1.0	3.0	0.0	0.03542820014868338	8.108108108108109
1.0	3.0	0.0	0.03350340392021291	6.027027027027027
1.0	3.0	0.0	0.0335034039202129	6.027027027027027
1.0	3.0	0.0	0.03531875594093678	6.648648648648648
1.0	3.0	0.0	0.03531875594093677	6.648648648648648
1.0	2.0	0.0	0.02462540932323906	9.513513513513514
1.0	2.0	0.0	0.02462540932323906	9.513513513513514
1.0	2.0	0.0	0.02462540932323906	9.513513513513514
1.0	2.0	0.0	0.02462540932323906	9.513513513513514
1.0	2.0	0.0	0.024340301154967384	8.81081081081081
1.0	2.0	0.0	0.024340301154967384	8.81081081081081
1.0	2.0	0.0	0.024340301154967384	8.81081081081081
1.0	2.0	0.0	0.024340301154967384	8.81081081081081
1.0	3.0	0.0	0.03595222106438558	6.648648648648648
1.0	3.0	0.0	0.03595222106438558	6.648648648648648
1.0	2.0	0.0	0.02419712979270708	7.5675675675675675
1.0	2.0	0.0	0.02419712979270708	7.5675675675675675
1.0	2.0	0.0	0.024306661415089463	7.081081081081081
1.0	2.0	0.0	0.024306661415089463	7.081081081081081
1.0	1.0	0.0	0.01322729631471656	7.621621621621622
1.0	1.0	0.0	0.01322729631471656	7.621621621621622
1.0	1.0	0.0	0.014636564994996428	12.054054054054054
1.0	1.0	0.0	0.014636564994996428	12.054054054054054
1.0	1.0	0.0	0.014636564994996428	12.054054054054054
1.0	1.0	0.0	0.014636564994996428	12.054054054054054
