Constant_feature	Degree	Clustering_coefficient	Pagerank	Aver_path_len
1.0	2.0	0.0	0.0363730595707292	5.592592592592593
1.0	2.0	0.0	0.03552504607871311	4.666666666666667
1.0	2.0	0.0	0.03606335342328342	5.592592592592593
1.0	1.0	0.0	0.01828822457250938	5.333333333333333
1.0	1.0	0.0	0.018405040734921208	5.444444444444445
1.0	1.0	0.0	0.020154745124729555	6.222222222222222
1.0	2.0	0.0	0.03428325366148393	4.444444444444445
1.0	3.0	0.0	0.04709376480400997	3.7037037037037037
1.0	2.0	0.0	0.03196080191437523	4.0
1.0	2.0	0.0	0.031689773215877	4.037037037037037
1.0	3.0	0.0	0.0457120294085446	3.3703703703703702
1.0	3.0	0.0	0.04578964599411997	3.6666666666666665
1.0	3.0	0.0	0.04521822525385245	3.3333333333333335
1.0	3.0	0.0	0.045195812732022174	3.2222222222222223
1.0	3.0	0.0	0.04784087790765064	3.7777777777777777
1.0	2.0	0.0	0.03197990765158527	4.2592592592592595
1.0	2.0	0.0	0.03211851252047402	3.925925925925926
1.0	2.0	0.0	0.03187766787883148	3.814814814814815
1.0	3.0	0.0	0.04890888987052738	4.703703703703703
1.0	3.0	0.0	0.049054051653316236	4.37037037037037
1.0	3.0	0.0	0.049445812329370675	4.481481481481482
1.0	3.0	0.0	0.05527558612913311	5.2592592592592595
1.0	2.0	0.0	0.032772745391847144	4.37037037037037
1.0	3.0	0.0	0.0495204155940156	4.703703703703703
1.0	1.0	0.0	0.020154745124729555	6.222222222222222
1.0	1.0	0.0	0.019558239616291318	5.62962962962963
1.0	1.0	0.0	0.01980058354322598	6.555555555555555
1.0	1.0	0.0	0.01993918829983001	6.555555555555555
