Constant_feature	Degree	Clustering_coefficient	Pagerank	Aver_path_len
1.0	1.0	0.0	0.030926681113351874	4.8125
1.0	1.0	0.0	0.03093916376063465	4.9375
1.0	1.0	0.0	0.03093916376063465	4.9375
1.0	2.0	0.0	0.05331891199076494	2.9375
1.0	2.0	0.0	0.05466011273036473	3.5625
1.0	2.0	0.0	0.05599597458009283	4.5625
1.0	1.0	0.0	0.03105856345309476	5.375
1.0	3.0	0.0	0.07905333778671078	3.0
1.0	3.0	0.0	0.0790711723654836	3.0
1.0	2.0	0.0	0.05464229119321026	3.4375
1.0	2.0	0.0	0.054638375594488524	3.5625
1.0	2.0	0.0	0.05466011273036473	3.5625
1.0	3.0	0.0	0.08391941529228258	4.4375
1.0	3.0	0.0	0.08348238210715375	3.875
1.0	2.0	0.0	0.05564622131186333	4.0
1.0	3.0	0.0	0.08352406011475191	4.0
1.0	3.0	0.0	0.08352406011475191	4.0
