Constant_feature	Degree	Clustering_coefficient	Pagerank	Aver_path_len
1.0	1.0	0.0	0.02393208304090549	5.363636363636363
1.0	1.0	0.0	0.02393208304090549	5.363636363636363
1.0	1.0	0.0	0.02393208304090549	5.363636363636363
1.0	2.0	0.0	0.044702886628071425	4.636363636363637
1.0	1.0	0.0	0.023644147989039722	4.909090909090909
1.0	1.0	0.0	0.023984373434010126	4.909090909090909
1.0	1.0	0.0	0.023984373434010126	4.909090909090909
1.0	1.0	0.0	0.023984373434010126	4.909090909090909
1.0	1.0	0.0	0.023984373434010126	4.909090909090909
1.0	2.0	0.0	0.041283022818638646	3.4545454545454546
1.0	3.0	0.0	0.06545660072045442	3.9545454545454546
1.0	3.0	0.0	0.06545660072045442	3.9545454545454546
1.0	3.0	0.0	0.05879769524422101	3.0454545454545454
1.0	3.0	0.0	0.05978534608968644	3.1818181818181817
1.0	3.0	0.0	0.05978534608968644	3.1818181818181817
1.0	3.0	0.0	0.06025627869306027	3.727272727272727
1.0	2.0	0.0	0.04036117881790034	3.590909090909091
1.0	2.0	0.0	0.04036117881790034	3.590909090909091
1.0	3.0	0.0	0.07019725597196669	5.409090909090909
1.0	4.0	0.0	0.08704306123203936	4.409090909090909
1.0	3.0	0.0	0.06432252785614684	3.9545454545454546
1.0	1.0	0.0	0.025406564725988224	6.363636363636363
1.0	1.0	0.0	0.025406564725988224	6.363636363636363
