Constant_feature	Degree	Clustering_coefficient	Pagerank	Aver_path_len
1.0	2.0	0.0	0.03259029920119613	4.4
1.0	1.0	0.0	0.01862278925187015	5.0
1.0	3.0	0.0	0.04714927711282954	4.08
1.0	2.0	0.0	0.03294229200401209	5.16
1.0	3.0	0.0	0.05818757756915521	7.08
1.0	2.0	0.0	0.032909980947831874	4.96
1.0	3.0	0.0	0.0476219874420357	4.36
1.0	3.0	0.0	0.048346854222635474	4.04
1.0	3.0	0.0	0.04746588155182092	4.4
1.0	3.0	0.0	0.049255905140737126	4.04
1.0	3.0	0.0	0.04935739405176001	4.84
1.0	3.0	0.0	0.05037818182371963	4.6
1.0	2.0	0.0	0.033464624899135126	4.28
1.0	3.0	0.0	0.05332723720708263	6.28
1.0	2.0	0.0	0.034693501567901165	5.56
1.0	2.0	0.0	0.034693501567901165	5.56
1.0	2.0	0.0	0.03497222359319907	5.16
1.0	2.0	0.0	0.03497222359319907	5.16
1.0	2.0	0.0	0.035580137053762034	5.72
1.0	2.0	0.0	0.035580137053762034	5.72
1.0	3.0	0.0	0.0539565184851669	7.0
1.0	2.0	0.0	0.03564565588264552	6.28
1.0	2.0	0.0	0.03564565588264552	6.28
1.0	1.0	0.0	0.021303397660832144	8.04
1.0	1.0	0.0	0.021303397660832144	8.04
1.0	1.0	0.0	0.020033367572331637	7.96
