Constant_feature	Degree	Clustering_coefficient	Pagerank	Aver_path_len
1.0	1.0	0.0	0.03558888200893887	3.4615384615384617
1.0	1.0	0.0	0.03558888200893887	3.4615384615384617
1.0	3.0	0.3333333333333333	0.09067527497282166	3.1538461538461537
1.0	3.0	0.3333333333333333	0.09067527497282166	3.1538461538461537
1.0	2.0	1.0	0.06244591494108392	4.0
1.0	2.0	1.0	0.06244591494108392	4.0
1.0	2.0	1.0	0.06244591494108392	4.0
1.0	2.0	1.0	0.06244591494108392	4.0
1.0	3.0	0.0	0.09110560665324252	2.5384615384615383
1.0	3.0	0.0	0.09110560665324252	2.5384615384615383
1.0	3.0	0.0	0.0948179838890084	2.5384615384615383
1.0	3.0	0.0	0.0948179838890084	2.5384615384615383
1.0	2.0	0.0	0.06292042259382043	2.5384615384615383
1.0	2.0	0.0	0.06292042259382043	2.5384615384615383
