Constant_feature	Degree	Clustering_coefficient	Pagerank	Aver_path_len
1.0	0.0	0.0	0.0	0.0
1.0	1.0	0.0	0.04463761451231824	4.833333333333333
1.0	2.0	0.0	0.06927414238433985	2.5
1.0	2.0	0.0	0.0760765271018019	3.1666666666666665
1.0	2.0	0.0	0.08209984404763035	3.9166666666666665
1.0	3.0	0.0	0.10059117395809347	2.6666666666666665
1.0	3.0	0.0	0.10047515159097986	2.4166666666666665
1.0	2.0	0.0	0.06956504721497997	2.75
1.0	2.0	0.0	0.06989093262526859	3.25
1.0	2.0	0.0	0.06985168344589297	3.0
1.0	3.0	0.0	0.10479511930345964	2.5833333333333335
1.0	2.0	0.0	0.07043586820185106	2.8333333333333335
1.0	2.0	0.0	0.07116005758652202	3.8333333333333335
1.0	2.0	0.0	0.0711468380268622	3.5833333333333335
