Constant_feature	Degree	Clustering_coefficient	Pagerank	Aver_path_len
1.0	1.0	0.0	0.021529144702502875	6.260869565217392
1.0	1.0	0.0	0.021676178885775294	5.434782608695652
1.0	1.0	0.0	0.022043638473024457	6.826086956521739
1.0	1.0	0.0	0.020451885537641077	4.217391304347826
1.0	1.0	0.0	0.020991352362103064	4.782608695652174
1.0	1.0	0.0	0.02131506147424162	4.478260869565218
1.0	2.0	0.0	0.03719531407641417	4.217391304347826
1.0	4.0	0.0	0.07237982836674912	3.260869565217391
1.0	3.0	0.0	0.053536109308154736	3.5652173913043477
1.0	2.0	0.0	0.037600280345216036	3.347826086956522
1.0	3.0	0.0	0.05401347588754568	4.0
1.0	3.0	0.0	0.05608182446210003	3.8260869565217392
1.0	3.0	0.0	0.05682615566441492	4.608695652173913
1.0	2.0	0.0	0.03751203564353711	4.260869565217392
1.0	3.0	0.0	0.05716324282359331	3.5217391304347827
1.0	3.0	0.0	0.05787535622753591	5.304347826086956
1.0	2.0	0.0	0.03840940675870544	4.869565217391305
1.0	1.0	0.0	0.021214620517852854	5.565217391304348
1.0	3.0	0.0	0.05630392568269543	3.869565217391304
1.0	3.0	0.0	0.058367644220140555	4.478260869565218
1.0	2.0	0.0	0.03884471546630541	4.565217391304348
1.0	2.0	0.0	0.03955315069213308	5.173913043478261
1.0	2.0	0.0	0.03952299046236964	5.260869565217392
1.0	3.0	0.0	0.05959266195924786	5.869565217391305
