Constant_feature	Degree	Clustering_coefficient	Pagerank	Aver_path_len
1.0	0.0	0.0	0.0	0.0
1.0	0.0	0.0	0.0	0.0
1.0	1.0	0.0	0.011667930486765109	3.1
1.0	1.0	0.0	0.011667930486765109	3.1
1.0	1.0	0.0	0.011667930486765109	3.1
1.0	1.0	0.0	0.011667930486765109	3.1
1.0	2.0	0.0	0.020792216971988117	2.4
1.0	2.0	0.0	0.020792216971988117	2.4
1.0	2.0	0.0	0.020792216971988117	2.4
1.0	2.0	0.0	0.020792216971988117	2.4
1.0	3.0	0.0	0.03131610271409074	2.2
1.0	3.0	0.0	0.03131610271409074	2.2
1.0	3.0	0.0	0.03131610271409074	2.2
1.0	3.0	0.0	0.03131610271409074	2.2
1.0	3.0	0.0	0.030021349787346715	1.9
1.0	3.0	0.0	0.030021349787346715	1.9
1.0	3.0	0.0	0.030021349787346715	1.9
1.0	3.0	0.0	0.030021349787346715	1.9
1.0	3.0	0.0	0.02998725621284363	2.0
1.0	3.0	0.0	0.02998725621284363	2.0
1.0	3.0	0.0	0.02998725621284363	2.0
1.0	3.0	0.0	0.02998725621284363	2.0
1.0	2.0	0.0	0.021193222814321074	2.7
1.0	2.0	0.0	0.021193222814321074	2.7
1.0	2.0	0.0	0.021193222814321074	2.7
1.0	2.0	0.0	0.021193222814321074	2.7
1.0	2.0	0.0	0.020794568863835752	2.5
1.0	2.0	0.0	0.020794568863835752	2.5
1.0	2.0	0.0	0.020794568863835752	2.5
1.0	2.0	0.0	0.020794568863835752	2.5
1.0	2.0	0.0	0.021166488728296556	2.8
1.0	2.0	0.0	0.021166488728296556	2.8
1.0	2.0	0.0	0.021166488728296556	2.8
1.0	2.0	0.0	0.021166488728296556	2.8
1.0	2.0	0.0	0.020781522698434054	2.5
1.0	2.0	0.0	0.020781522698434054	2.5
1.0	2.0	0.0	0.020781522698434054	2.5
1.0	2.0	0.0	0.020781522698434054	2.5
1.0	2.0	0.0	0.021137497250167614	3.0
1.0	2.0	0.0	0.021137497250167614	3.0
1.0	2.0	0.0	0.021137497250167614	3.0
1.0	2.0	0.0	0.021137497250167614	3.0
1.0	2.0	0.0	0.021141843471910622	2.9
1.0	2.0	0.0	0.021141843471910622	2.9
1.0	2.0	0.0	0.021141843471910622	2.9
1.0	2.0	0.0	0.021141843471910622	2.9
