Constant_feature	Degree	Clustering_coefficient	Pagerank	Aver_path_len
1.0	1.0	0.0	0.022032895630263605	5.681818181818182
1.0	1.0	0.0	0.02093119405116755	4.318181818181818
1.0	2.0	0.0	0.03637426741465111	3.3636363636363638
1.0	2.0	0.0	0.03712598408535876	3.909090909090909
1.0	2.0	0.0	0.03793308174058453	4.2272727272727275
1.0	3.0	0.0	0.05176758569496325	2.909090909090909
1.0	3.0	0.0	0.0526151692231132	3.0454545454545454
1.0	3.0	0.0	0.05282918449938788	3.0454545454545454
1.0	3.0	0.0	0.052617998387442216	3.1363636363636362
1.0	3.0	0.0	0.05343938392437151	3.3636363636363638
1.0	3.0	0.0	0.05344750459262244	3.4545454545454546
1.0	3.0	0.0	0.05414450930754633	3.590909090909091
1.0	3.0	0.0	0.053923258630828114	3.5
1.0	3.0	0.0	0.05527905402254046	3.3636363636363638
1.0	2.0	0.0	0.037125140023871586	3.8181818181818183
1.0	2.0	0.0	0.03806435385760276	4.045454545454546
1.0	2.0	0.0	0.03776012936537666	4.045454545454546
1.0	2.0	0.0	0.03816948314095264	4.181818181818182
1.0	2.0	0.0	0.038177232322936974	4.363636363636363
1.0	3.0	0.0	0.05895143455913138	4.7272727272727275
1.0	2.0	0.0	0.03920880390180602	4.863636363636363
1.0	2.0	0.0	0.03907858674811843	5.136363636363637
1.0	2.0	0.0	0.03900376487536254	5.0
