Constant_feature	Degree	Clustering_coefficient	Pagerank	Aver_path_len
1.0	1.0	0.0	0.028996933684866673	4.352941176470588
1.0	2.0	0.0	0.05731122164402202	5.764705882352941
1.0	2.0	0.0	0.05159333237022111	3.411764705882353
1.0	2.0	0.0	0.05170666145617915	3.6470588235294117
1.0	3.0	0.0	0.07532000541002505	3.5294117647058822
1.0	3.0	0.0	0.07569773744210335	4.0
1.0	2.0	0.0	0.05172071282428389	4.0
1.0	2.0	0.0	0.05172071282428389	4.0
1.0	3.0	0.0	0.07848351663433437	4.9411764705882355
1.0	2.0	0.0	0.052374140838632344	4.470588235294118
1.0	2.0	0.0	0.052374140838632344	4.470588235294118
1.0	3.0	0.0	0.07813658723879796	3.411764705882353
1.0	2.0	0.0	0.052083781944679886	4.705882352941177
1.0	2.0	0.0	0.052083781944679886	4.705882352941177
1.0	2.0	0.0	0.05292909032274603	5.411764705882353
1.0	2.0	0.0	0.05292909032274603	5.411764705882353
1.0	2.0	0.0	0.05319255279117927	6.117647058823529
1.0	1.0	0.0	0.03134599946758654	6.705882352941177
