Constant_feature	Degree	Clustering_coefficient	Pagerank	Aver_path_len
1.0	2.0	0.0	0.025341131484821634	3.142857142857143
1.0	1.0	0.0	0.013875376795072027	3.1
1.0	1.0	0.0	0.013875376795072027	3.1
1.0	2.0	0.0	0.02472587964236425	2.4
1.0	2.0	0.0	0.02472587964236425	2.4
1.0	2.0	0.0	0.025154547847441217	3.2142857142857144
1.0	2.0	0.0	0.025154547847441217	3.2142857142857144
1.0	3.0	0.0	0.03682557231997159	3.4285714285714284
1.0	3.0	0.0	0.03682557231997159	3.4285714285714284
1.0	3.0	0.0	0.037240770795134936	2.2
1.0	3.0	0.0	0.037240770795134936	2.2
1.0	2.0	0.0	0.02533813278531666	4.071428571428571
1.0	2.0	0.0	0.02533813278531666	4.071428571428571
1.0	2.0	0.0	0.02533813278531666	4.071428571428571
1.0	2.0	0.0	0.02533813278531666	4.071428571428571
1.0	3.0	0.0	0.03570106461197989	1.9
1.0	3.0	0.0	0.03570106461197989	1.9
1.0	2.0	0.0	0.02520275145486831	2.7
1.0	2.0	0.0	0.02520275145486831	2.7
1.0	3.0	0.0	0.035660520901759994	2.0
1.0	3.0	0.0	0.035660520901759994	2.0
1.0	2.0	0.0	0.025749098013437277	4.714285714285714
1.0	2.0	0.0	0.025749098013437277	4.714285714285714
1.0	2.0	0.0	0.025749098013437277	4.714285714285714
1.0	2.0	0.0	0.025749098013437277	4.714285714285714
1.0	2.0	0.0	0.02587755519537123	5.357142857142857
1.0	2.0	0.0	0.02587755519537123	5.357142857142857
1.0	2.0	0.0	0.025170959568785095	2.8
1.0	2.0	0.0	0.025170959568785095	2.8
1.0	2.0	0.0	0.0247286764867236	2.5
1.0	2.0	0.0	0.0247286764867236	2.5
1.0	2.0	0.0	0.024713162127867533	2.5
1.0	2.0	0.0	0.024713162127867533	2.5
1.0	2.0	0.0	0.025136483216415543	3.0
1.0	2.0	0.0	0.025136483216415543	3.0
1.0	2.0	0.0	0.025141651696326157	2.9
1.0	2.0	0.0	0.025141651696326157	2.9
