Constant_feature	Degree	Clustering_coefficient	Pagerank	Aver_path_len
1.0	1.0	0.0	0.015495691253190603	5.9375
1.0	1.0	0.0	0.015878009086652798	7.375
1.0	1.0	0.0	0.01577977420608381	6.65625
1.0	1.0	0.0	0.014514377826792598	4.75
1.0	1.0	0.0	0.01505786189423541	5.34375
1.0	2.0	0.0	0.030691999326383154	6.53125
1.0	2.0	0.0	0.030832794427345704	7.25
1.0	3.0	0.0	0.03819822883963663	3.84375
1.0	2.0	0.0	0.025902576247494844	4.09375
1.0	4.0	0.0	0.05103851721394628	3.78125
1.0	2.0	0.0	0.025927489253730972	4.03125
1.0	3.0	0.0	0.03804355719637926	4.03125
1.0	3.0	0.0	0.039400152133181404	4.25
1.0	3.0	0.0	0.038966182246082594	4.4375
1.0	3.0	0.0	0.04009064412446839	4.375
1.0	3.0	0.0	0.04154872322202632	4.96875
1.0	2.0	0.0	0.027599161186440978	4.96875
1.0	2.0	0.0	0.027224287676036085	5.03125
1.0	2.0	0.0	0.027270621383422115	5.15625
1.0	3.0	0.0	0.04016628799713641	5.03125
1.0	2.0	0.0	0.02834339730954037	5.6875
1.0	3.0	0.0	0.042501049811598676	5.6875
1.0	3.0	0.0	0.04282279565031653	6.40625
1.0	3.0	0.0	0.04168061653578784	5.625
1.0	2.0	0.0	0.02789004601611702	5.75
1.0	3.0	0.0	0.041959701948446906	6.34375
1.0	2.0	0.0	0.027897302586777164	5.875
1.0	2.0	0.0	0.027897302586777164	5.875
1.0	2.0	0.0	0.028484365316611006	6.71875
1.0	2.0	0.0	0.028484365316611006	6.71875
1.0	2.0	0.0	0.02866535328594825	7.5625
1.0	1.0	0.0	0.01684172471394623	7.5
1.0	1.0	0.0	0.016905042180855326	8.21875
