Constant_feature	Degree	Clustering_coefficient	Pagerank	Aver_path_len
1.0	2.0	0.0	0.058042690101178546	3.2666666666666666
1.0	3.0	0.0	0.10160658634651032	5.133333333333334
1.0	2.0	0.0	0.05483671618998244	3.466666666666667
1.0	2.0	0.0	0.054836716189982426	3.466666666666667
1.0	2.0	0.0	0.06276530651817488	3.933333333333333
1.0	2.0	0.0	0.06497821017141882	4.466666666666667
1.0	2.0	0.0	0.06061487681966392	3.533333333333333
1.0	3.0	0.0	0.08023374106150469	3.6666666666666665
1.0	3.0	0.0	0.08172304301996959	3.1333333333333333
1.0	3.0	0.0	0.0802337410615047	3.6666666666666665
1.0	1.0	0.0	0.03673301171142333	6.066666666666666
1.0	1.0	0.0	0.03673301171142333	6.066666666666666
1.0	2.0	0.0	0.0560821301694939	4.333333333333333
1.0	2.0	0.0	0.05608213016949389	4.333333333333333
1.0	2.0	0.0	0.05724904437913754	5.0
1.0	2.0	0.0	0.05724904437913755	5.0
