Constant_feature	Degree	Clustering_coefficient	Pagerank	Aver_path_len
1.0	1.0	0.0	0.024257289617153135	4.45
1.0	2.0	0.0	0.04310590741862932	4.45
1.0	2.0	0.0	0.04265718420807193	3.55
1.0	1.0	0.0	0.026122142737393363	5.35
1.0	3.0	0.0	0.06133148632923919	3.1
1.0	3.0	0.0	0.06229118267679243	3.45
1.0	3.0	0.0	0.06122131173663487	3.1
1.0	2.0	0.0	0.041528507570465105	3.15
1.0	3.0	0.0	0.0639842358102833	3.55
1.0	3.0	0.0	0.06192414662707932	3.65
1.0	2.0	0.0	0.04347588284427757	4.1
1.0	2.0	0.0	0.04347588284427757	4.1
1.0	3.0	0.0	0.06498325071523808	3.5
1.0	3.0	0.0	0.06726279063971793	5.4
1.0	2.0	0.0	0.04450600600160974	4.75
1.0	2.0	0.0	0.04450600600160974	4.75
1.0	2.0	0.0	0.04310590741862932	4.45
1.0	1.0	0.0	0.0249413143396253	6.35
1.0	2.0	0.0	0.0439266092096814	5.25
1.0	2.0	0.0	0.0439266092096814	5.25
1.0	2.0	0.0	0.047466346043909556	4.4
