Constant_feature	Degree	Clustering_coefficient	Pagerank	Aver_path_len
1.0	2.0	0.0	0.027108363563507404	4.833333333333333
1.0	2.0	0.0	0.027269906914171534	4.766666666666667
1.0	2.0	0.0	0.028303384479181067	6.7
1.0	2.0	0.0	0.028400594399045846	7.3
1.0	2.0	0.0	0.031565668451280296	6.7
1.0	2.0	0.0	0.03255545013609609	6.433333333333334
1.0	2.0	0.0	0.03255545013609609	6.433333333333334
1.0	2.0	0.0	0.032701257146381196	7.0
1.0	3.0	0.0	0.0387947371145915	4.266666666666667
1.0	3.0	0.0	0.038888208841150816	4.233333333333333
1.0	3.0	0.0	0.03897190712465917	4.4
1.0	3.0	0.0	0.03944225794401896	4.3
1.0	2.0	0.0	0.027090731643021185	4.733333333333333
1.0	2.0	0.0	0.027135391006313063	4.733333333333333
1.0	3.0	0.0	0.039697052145658544	4.7
1.0	3.0	0.0	0.04093225026022575	4.533333333333333
1.0	2.0	0.0	0.027278284128116993	5.333333333333333
1.0	2.0	0.0	0.027787423927860527	5.3
1.0	2.0	0.0	0.028746322466790233	5.1
1.0	2.0	0.0	0.028746322466790233	5.1
1.0	3.0	0.0	0.04047823170967496	5.833333333333333
1.0	3.0	0.0	0.042175418424650765	5.8
1.0	3.0	0.0	0.04414151668117326	5.533333333333333
1.0	3.0	0.0	0.04414151668117326	5.533333333333333
1.0	3.0	0.0	0.04080203970093456	6.433333333333334
1.0	3.0	0.0	0.044423413824545586	6.1
1.0	2.0	0.0	0.028742576898477142	7.433333333333334
1.0	1.0	0.0	0.017430402246126936	7.666666666666667
1.0	1.0	0.0	0.01787677752185882	7.4
1.0	1.0	0.0	0.01787677752185882	7.4
1.0	1.0	0.0	0.017940364494569084	7.966666666666667
