Constant_feature	Degree	Clustering_coefficient	Pagerank	Aver_path_len
1.0	0.0	0.0	0.0	0.0
1.0	2.0	0.0	0.025328750310065234	6.914285714285715
1.0	1.0	0.0	0.013965176426639452	6.885714285714286
1.0	1.0	0.0	0.01340453884854102	6.057142857142857
1.0	1.0	0.0	0.014227980778327017	7.685714285714286
1.0	1.0	0.0	0.01434097296876179	7.542857142857143
1.0	3.0	0.0	0.03362679316051089	4.742857142857143
1.0	2.0	0.0	0.025849690823051972	8.2
1.0	2.0	0.0	0.02295381651970691	5.0285714285714285
1.0	2.0	0.0	0.025728255142775026	5.942857142857143
1.0	2.0	0.0	0.025305651655410696	5.371428571428571
1.0	4.0	0.0	0.049718697254552566	5.914285714285715
1.0	3.0	0.0	0.03490440791518421	5.285714285714286
1.0	3.0	0.0	0.03321262395118614	4.542857142857143
1.0	2.0	0.0	0.022797721314783873	4.714285714285714
1.0	3.0	0.0	0.0349760680954615	5.485714285714286
1.0	3.0	0.0	0.03310461819149681	4.3428571428571425
1.0	3.0	0.0	0.03300227747420415	4.4
1.0	2.0	0.0	0.023212088854303765	4.942857142857143
1.0	3.0	0.0	0.035424086324253784	5.085714285714285
1.0	2.0	0.0	0.027672719000884576	6.828571428571428
1.0	3.0	0.0	0.03760556073170171	7.314285714285714
1.0	2.0	0.0	0.02466979360976424	6.285714285714286
1.0	2.0	0.0	0.025849690823051975	8.2
1.0	3.0	0.0	0.03389255069324245	4.4
1.0	2.0	0.0	0.026200191447365257	9.085714285714285
1.0	3.0	0.0	0.03816971892458733	6.714285714285714
1.0	2.0	0.0	0.026200191447365254	9.085714285714285
1.0	3.0	0.0	0.03410995835811491	5.0285714285714285
1.0	3.0	0.0	0.034252223253591674	5.085714285714285
1.0	1.0	0.0	0.015229775412400955	7.8
1.0	3.0	0.0	0.03854460324094877	6.571428571428571
1.0	2.0	0.0	0.02433256057883837	4.857142857142857
1.0	2.0	0.0	0.02419913141313034	5.885714285714286
1.0	2.0	0.0	0.024247788500900477	5.942857142857143
1.0	2.0	0.0	0.024861664642423023	6.742857142857143
1.0	2.0	0.0	0.02487766191247164	6.8
