Constant_feature	Degree	Clustering_coefficient	Pagerank	Aver_path_len
1.0	1.0	0.0	0.02011178695718227	7.44
1.0	1.0	0.0	0.01884127000386475	4.56
1.0	3.0	0.0	0.048302085554434486	3.44
1.0	3.0	0.0	0.04896625426989852	3.84
1.0	2.0	0.0	0.03346131332070354	3.96
1.0	2.0	0.0	0.03359420352161979	4.12
1.0	1.0	0.0	0.020666474161155645	5.72
1.0	3.0	0.0	0.04987554054540106	3.64
1.0	3.0	0.0	0.04870336970805495	3.76
1.0	3.0	0.0	0.04832756557033495	3.72
1.0	3.0	0.0	0.049775267904963685	3.88
1.0	3.0	0.0	0.049870543258449224	4.32
1.0	3.0	0.0	0.049984462570908765	3.6
1.0	1.0	0.0	0.018808907634819357	4.6
1.0	3.0	0.0	0.05002784204719195	4.32
1.0	2.0	0.0	0.034905269807016304	5.12
1.0	2.0	0.0	0.034905269807016304	5.12
1.0	2.0	0.0	0.037379080893702794	4.76
1.0	2.0	0.0	0.03577088437188783	5.92
1.0	2.0	0.0	0.03577088437188783	5.92
1.0	2.0	0.0	0.03498936378382676	5.04
1.0	2.0	0.0	0.03498936378382676	5.04
1.0	2.0	0.0	0.03604112816025713	6.72
1.0	2.0	0.0	0.03585752739393287	5.76
1.0	2.0	0.0	0.03585752739393287	5.76
1.0	3.0	0.0	0.054216813203729605	6.48
