Constant_feature	Degree	Clustering_coefficient	Pagerank	Aver_path_len
1.0	2.0	0.0	0.008285312385214072	15.01980198019802
1.0	2.0	0.0	0.008237763345463271	16.81188118811881
1.0	4.0	0.0	0.022616386641281894	1.0
1.0	2.0	0.0	0.008221767832133553	12.851485148514852
1.0	2.0	0.0	0.008356387979853677	12.415841584158416
1.0	2.0	0.0	0.008499278132749368	14.475247524752476
1.0	2.0	0.0	0.008047554010379501	11.009900990099009
1.0	1.0	0.0	0.004736869150425667	14.0
1.0	1.0	0.0	0.004807405988608105	14.891089108910892
1.0	2.0	0.0	0.009163748055060587	16.15841584158416
1.0	1.0	0.0	0.004753145912805764	15.405940594059405
1.0	1.0	0.0	0.004834511473289642	17.10891089108911
1.0	1.0	0.0	0.005186153284683836	15.247524752475247
1.0	1.0	0.0	0.005212888474793953	17.247524752475247
1.0	1.0	0.0	0.004782017846460065	11.227722772277227
1.0	1.0	0.0	0.0053306108222144055	18.099009900990097
1.0	1.0	0.0	0.004988960328738948	11.722772277227723
1.0	1.0	0.0	0.004729753868947363	12.257425742574258
1.0	1.0	0.0	0.004997479165821133	12.237623762376238
1.0	1.0	0.0	0.005245073729036628	13.841584158415841
1.0	1.0	0.0	0.004951860828859047	13.306930693069306
1.0	1.0	0.0	0.00533248037401068	16.93069306930693
1.0	1.0	0.0	0.005439818921407162	18.673267326732674
1.0	1.0	0.0	0.004819418969835958	19.02970297029703
1.0	1.0	0.0	0.006028146330333735	1.75
1.0	1.0	0.0	0.006028146330333735	1.75
1.0	1.0	0.0	0.006028146330333735	1.75
1.0	1.0	0.0	0.006028146330333735	1.75
1.0	2.0	0.0	0.008353085476421537	10.693069306930694
1.0	2.0	0.0	0.008403914382568599	12.386138613861386
1.0	2.0	0.0	0.008806770064975922	10.376237623762377
1.0	2.0	0.0	0.008575154742088904	13.346534653465346
1.0	1.0	0.0	0.0053306108222144055	18.099009900990097
1.0	2.0	0.0	0.008989442982275457	11.564356435643564
1.0	2.0	0.0	0.00834453746167758	12.594059405940595
1.0	2.0	0.0	0.008534165314671069	14.198019801980198
1.0	2.0	0.0	0.008932270159247982	14.930693069306932
1.0	1.0	0.0	0.0048241649611054805	14.475247524752476
1.0	2.0	0.0	0.00890469255855005	12.772277227722773
1.0	1.0	0.0	0.00533248037401068	16.93069306930693
1.0	1.0	0.0	0.0052249120991629565	17.722772277227723
1.0	1.0	0.0	0.005439818921407162	18.673267326732674
1.0	2.0	0.0	0.00814418222061332	14.821782178217822
1.0	2.0	0.0	0.00816785474255511	16.663366336633665
1.0	2.0	0.0	0.00932768029470873	22.0
1.0	2.0	0.0	0.009666155489675227	25.524752475247524
1.0	2.0	0.0	0.00890386057456276	18.792079207920793
1.0	3.0	0.0	0.012012602524300297	12.138613861386139
1.0	3.0	0.0	0.012674490480506706	13.009900990099009
1.0	3.0	0.0	0.012909258675574579	13.900990099009901
1.0	3.0	0.0	0.011920274206162826	11.524752475247524
1.0	3.0	0.0	0.012277381193670413	13.584158415841584
1.0	3.0	0.0	0.012819398970952495	13.287128712871286
1.0	3.0	0.0	0.012729035601601884	14.415841584158416
1.0	3.0	0.0	0.012776592882086671	15.227722772277227
1.0	3.0	0.0	0.013000291308894433	16.11881188118812
1.0	3.0	0.0	0.012937357196133661	15.287128712871286
1.0	2.0	0.0	0.009447848297017851	14.257425742574258
1.0	3.0	0.0	0.011789855558517838	10.514851485148515
1.0	2.0	0.0	0.009507688260253609	16.257425742574256
1.0	3.0	0.0	0.012077734711003986	10.138613861386139
1.0	3.0	0.0	0.012035030986980914	11.425742574257425
1.0	3.0	0.0	0.012824505875777985	10.237623762376238
1.0	3.0	0.0	0.014652825837795423	17.10891089108911
1.0	2.0	0.0	0.008403914382568599	12.386138613861386
1.0	3.0	0.0	0.013414960118028247	10.534653465346535
1.0	3.0	0.0	0.013515721186679553	10.732673267326733
1.0	3.0	0.0	0.012649881387517934	11.267326732673267
1.0	2.0	0.0	0.008575154742088902	13.346534653465346
1.0	3.0	0.0	0.01355197169165651	10.970297029702971
1.0	1.0	0.0	0.004959331657768194	11.524752475247524
1.0	3.0	0.0	0.012334232628264276	11.881188118811881
1.0	1.0	0.0	0.005000563925185286	11.96039603960396
1.0	3.0	0.0	0.013544428018556402	11.247524752475247
1.0	3.0	0.0	0.012829051549323504	12.792079207920793
1.0	3.0	0.0	0.013308052122755609	11.900990099009901
1.0	3.0	0.0	0.012368122809755022	13.287128712871286
1.0	3.0	0.0	0.012966554619604217	13.485148514851485
1.0	1.0	0.0	0.004783641561147376	13.782178217821782
1.0	3.0	0.0	0.012789411286365097	14.05940594059406
1.0	3.0	0.0	0.014366698826327004	12.851485148514852
1.0	3.0	0.0	0.013389565869206081	12.316831683168317
1.0	2.0	0.0	0.009169823268871126	14.990099009900991
1.0	1.0	0.0	0.005245073729036628	13.841584158415841
1.0	2.0	0.0	0.009243869202799196	15.821782178217822
1.0	3.0	0.0	0.014657777116997594	15.94059405940594
1.0	2.0	0.0	0.008783456770718222	13.247524752475247
1.0	3.0	0.0	0.01430323145455161	16.73267326732673
1.0	2.0	0.0	0.008538470879250621	13.742574257425742
1.0	3.0	0.0	0.015015268449442454	17.683168316831683
1.0	3.0	0.0	0.012169825427583002	14.257425742574258
1.0	3.0	0.0	0.011861751495135096	15.386138613861386
1.0	2.0	0.0	0.008221441141696411	15.584158415841584
1.0	3.0	0.0	0.011875674911533107	16.0
1.0	3.0	0.0	0.012235485923534163	17.326732673267326
1.0	2.0	0.0	0.00944878107375279	23.722772277227723
1.0	2.0	0.0	0.009383398600180382	22.85148514851485
1.0	2.0	0.0	0.009535622930533798	24.613861386138613
1.0	2.0	0.0	0.008312153692322567	17.475247524752476
1.0	2.0	0.0	0.009266743462011978	21.168316831683168
1.0	2.0	0.0	0.009189294725359289	20.356435643564357
1.0	2.0	0.0	0.009866278484934779	26.455445544554454
1.0	2.0	0.0	0.009076158483061612	19.564356435643564
1.0	2.0	0.0	0.010183708749014603	27.405940594059405
1.0	3.0	0.0	0.012949152154450567	18.03960396039604
1.0	2.0	0.0	0.010685633278280655	28.376237623762375
1.0	1.0	0.0	0.0057435071590159256	29.366336633663366
