Constant_feature	Degree	Clustering_coefficient	Pagerank	Aver_path_len
1.0	2.0	0.0	0.000803020142626674	5.685714285714286
1.0	2.0	0.0	0.0008116534880662093	5.9714285714285715
1.0	2.0	0.0	0.0007826241975047616	4.828571428571428
1.0	1.0	0.0	0.0004391338128019903	6.0
1.0	1.0	0.0	0.0004408978976513737	6.0285714285714285
1.0	1.0	0.0	0.0004395943665160782	5.885714285714286
1.0	1.0	0.0	0.00043663630537689165	5.714285714285714
1.0	1.0	0.0	0.00044316457350029837	6.0285714285714285
1.0	2.0	0.0	0.0007949570336339846	5.085714285714285
1.0	2.0	0.0	0.000782181002136955	4.885714285714286
1.0	2.0	0.0	0.0007976633863633099	5.142857142857143
1.0	2.0	0.0	0.0007940245363287484	4.885714285714286
1.0	3.0	0.0	0.0011806013336002124	5.0
1.0	3.0	0.0	0.001278521449543252	5.857142857142857
1.0	3.0	0.0	0.0011832907243229072	5.0
1.0	3.0	0.0	0.0012792986271890443	5.857142857142857
1.0	3.0	0.0	0.0011845346020824847	5.0285714285714285
1.0	1.0	0.0	0.0004673396119964367	6.828571428571428
1.0	1.0	0.0	0.0004673396119964367	6.828571428571428
1.0	3.0	0.0	0.0011422592183112285	4.714285714285714
1.0	2.0	0.0	0.0007839277286400572	4.914285714285715
1.0	3.0	0.0	0.0011429540966848408	4.628571428571429
1.0	3.0	0.0	0.001190581373049417	5.057142857142857
1.0	3.0	0.0	0.001185014577433328	4.914285714285715
1.0	1.0	0.0	0.00046795771459119055	6.828571428571428
1.0	1.0	0.0	0.00046795771459119055	6.828571428571428
1.0	2.0	0.0	0.0007883117341178234	5.2
1.0	2.0	0.0	0.0007883051365915497	5.257142857142857
1.0	3.0	0.0	0.001176952275748409	4.742857142857143
1.0	3.0	0.0	0.001199502660760362	5.057142857142857
1.0	3.0	0.0	0.0011906963681894856	4.9714285714285715
1.0	2.0	0.0	0.0008028290304091309	5.714285714285714
1.0	2.0	0.0	0.000811664248886217	6.0285714285714285
1.0	2.0	0.0	0.0008133740960265434	6.085714285714285
1.0	2.0	0.0	0.0008676803823707848	5.885714285714286
1.0	1.0	0.0	0.00047388938852092465	6.857142857142857
1.0	1.0	0.0	0.0005066407053310465	3.142857142857143
1.0	1.0	0.0	0.0005066407053310464	3.142857142857143
1.0	1.0	0.0	0.0005066407053310465	3.142857142857143
1.0	1.0	0.0	0.0005066407053310464	3.142857142857143
1.0	3.0	0.0	0.0010707955763026118	5.185185185185185
1.0	2.0	0.0	0.0007616021049036703	4.444444444444445
1.0	3.0	0.0	0.0012821164379331154	6.666666666666667
1.0	2.0	0.0	0.0007400721195731546	4.888888888888889
1.0	2.0	0.0	0.0007514182706279555	6.444444444444445
1.0	3.0	0.0	0.0010307889391295657	4.62962962962963
1.0	3.0	0.0	0.0010162042960050663	4.296296296296297
1.0	3.0	0.0	0.0010701004751974793	4.407407407407407
1.0	3.0	0.0	0.0010310616580416396	4.814814814814815
1.0	3.0	0.0	0.0010313995498111583	3.925925925925926
1.0	3.0	0.0	0.0010437256238968648	4.2592592592592595
1.0	3.0	0.0	0.0010454552798895653	5.2592592592592595
1.0	2.0	0.0	0.0006978880978852804	4.148148148148148
1.0	3.0	0.0	0.0010686591485961337	4.074074074074074
1.0	2.0	0.0	0.0008172004002156426	5.407407407407407
1.0	2.0	0.0	0.0008354321282740975	6.0
1.0	2.0	0.0	0.0007937474595885877	4.888888888888889
1.0	1.0	0.0	0.00040466246374759314	5.37037037037037
1.0	1.0	0.0	0.00040487496373764335	6.148148148148148
1.0	2.0	0.0	0.0007325402408596954	5.074074074074074
1.0	2.0	0.0	0.0007360544743785107	6.074074074074074
1.0	2.0	0.0	0.0007311040189305588	5.62962962962963
1.0	2.0	0.0	0.0009128362966853516	7.555555555555555
1.0	2.0	0.0	0.0009128362966853516	7.555555555555555
1.0	2.0	0.0	0.000746277256211456	5.222222222222222
1.0	2.0	0.0	0.0007530237396917748	6.888888888888889
1.0	1.0	0.0	0.0004947469603293338	8.518518518518519
1.0	1.0	0.0	0.0004947469603293338	8.518518518518519
1.0	2.0	0.0	0.0009211549673542191	2.0
1.0	2.0	0.0	0.000921154967354219	2.0
1.0	3.0	0.0	0.0014100452273348588	2.2857142857142856
1.0	3.0	0.0	0.0014100452273348588	2.2857142857142856
1.0	1.0	0.0	0.0004290486758421093	5.041666666666667
1.0	1.0	0.0	0.0004290486758421093	5.041666666666667
1.0	1.0	0.0	0.0005072677196711495	2.1666666666666665
1.0	1.0	0.0	0.0005072677196711495	2.1666666666666665
1.0	1.0	0.0	0.0005072677196711495	2.1666666666666665
1.0	1.0	0.0	0.00040115240069301175	4.541666666666667
1.0	1.0	0.0	0.00043228510409053017	5.666666666666667
1.0	1.0	0.0	0.0005115344515369899	2.3333333333333335
1.0	1.0	0.0	0.0005115344515369899	2.3333333333333335
1.0	2.0	0.0	0.0007221679151841949	4.0
1.0	2.0	0.0	0.0007128498181429466	3.875
1.0	2.0	0.0	0.0007098309696473961	4.625
1.0	4.0	0.0	0.00137257098040035	2.9166666666666665
1.0	3.0	0.0	0.001002624538591306	2.7916666666666665
1.0	2.0	0.0	0.0007232672816949735	3.7083333333333335
1.0	3.0	0.0	0.0010261947440529163	3.2083333333333335
1.0	2.0	0.0	0.0007332527367841182	4.125
1.0	3.0	0.0	0.0010042853908497616	3.0833333333333335
1.0	3.0	0.0	0.0009995769741797593	3.4583333333333335
1.0	2.0	0.0	0.0007383333889384014	3.5416666666666665
1.0	2.0	0.0	0.0007383333889384014	3.5416666666666665
1.0	3.0	0.0	0.0010201867191646165	3.875
1.0	3.0	0.0	0.0010268995980446762	4.125
1.0	3.0	0.0	0.0010593159965968121	3.5833333333333335
1.0	2.0	0.0	0.0007195027709707128	4.916666666666667
1.0	3.0	0.0	0.0011496179041269152	4.083333333333333
1.0	3.0	0.0	0.0011496179041269152	4.083333333333333
1.0	3.0	0.0	0.0011641146626085663	4.708333333333333
1.0	2.0	0.0	0.0007277745009403382	4.541666666666667
1.0	2.0	0.0	0.0007111569929929755	4.75
1.0	4.0	0.0	0.0018775084760986626	1.3333333333333333
1.0	3.0	0.0	0.0014304622711784583	1.5
1.0	1.0	0.0	0.0004290486758421093	5.041666666666667
1.0	1.0	0.0	0.0004290486758421093	5.041666666666667
1.0	1.0	0.0	0.0005072677196711495	2.1666666666666665
1.0	1.0	0.0	0.0005072677196711495	2.1666666666666665
1.0	1.0	0.0	0.0005072677196711495	2.1666666666666665
1.0	1.0	0.0	0.00040115240069301175	4.541666666666667
1.0	1.0	0.0	0.00043228510409053017	5.666666666666667
1.0	1.0	0.0	0.0005115344515369899	2.3333333333333335
1.0	1.0	0.0	0.0005115344515369899	2.3333333333333335
1.0	2.0	0.0	0.0007221679151841949	4.0
1.0	2.0	0.0	0.0007128498181429466	3.875
1.0	2.0	0.0	0.0007098309696473961	4.625
1.0	4.0	0.0	0.00137257098040035	2.9166666666666665
1.0	3.0	0.0	0.001002624538591306	2.7916666666666665
1.0	2.0	0.0	0.0007232672816949735	3.7083333333333335
1.0	3.0	0.0	0.0010261947440529163	3.2083333333333335
1.0	3.0	0.0	0.0010042853908497616	3.0833333333333335
1.0	2.0	0.0	0.0007332527367841182	4.125
1.0	3.0	0.0	0.0009995769741797593	3.4583333333333335
1.0	2.0	0.0	0.0007383333889384014	3.5416666666666665
1.0	2.0	0.0	0.0007383333889384014	3.5416666666666665
1.0	3.0	0.0	0.0010201867191646165	3.875
1.0	3.0	0.0	0.0010268995980446762	4.125
1.0	3.0	0.0	0.0010593159965968121	3.5833333333333335
1.0	2.0	0.0	0.0007195027709707128	4.916666666666667
1.0	2.0	0.0	0.0007277745009403382	4.541666666666667
1.0	2.0	0.0	0.0007111569929929755	4.75
1.0	3.0	0.0	0.0011496179041269152	4.083333333333333
1.0	3.0	0.0	0.0011496179041269152	4.083333333333333
1.0	3.0	0.0	0.0011641146626085663	4.708333333333333
1.0	4.0	0.0	0.0018775084760986626	1.3333333333333333
1.0	3.0	0.0	0.0014304622711784583	1.5
1.0	2.0	0.0	0.0008214901892953002	7.903225806451613
1.0	1.0	0.0	0.0004350739580562109	8.225806451612904
1.0	1.0	0.0	0.00043906879556079826	9.0
1.0	1.0	0.0	0.00047762970322745677	9.709677419354838
1.0	2.0	0.0	0.0008315418884120465	6.67741935483871
1.0	2.0	0.0	0.0008311767985000235	7.064516129032258
1.0	2.0	0.0	0.00082253390125967	6.032258064516129
1.0	2.0	0.0	0.0008206152266274878	5.967741935483871
1.0	3.0	0.0	0.0012359682394066014	6.354838709677419
1.0	2.0	0.0	0.0008273435542132963	6.161290322580645
1.0	3.0	0.0	0.001214482876798898	5.967741935483871
1.0	3.0	0.0	0.0012530372245310355	8.03225806451613
1.0	2.0	0.0	0.0008510220744090424	8.67741935483871
1.0	2.0	0.0	0.0008369770185934232	7.516129032258065
1.0	2.0	0.0	0.0008617721204243034	9.387096774193548
1.0	2.0	0.0	0.0008021139290253316	6.096774193548387
1.0	2.0	0.0	0.0007819399416487448	6.290322580645161
1.0	1.0	0.0	0.00045587748050832284	7.32258064516129
1.0	3.0	0.0	0.0011318992202268715	6.548387096774194
1.0	1.0	0.0	0.0004491491529225144	6.935483870967742
1.0	1.0	0.0	0.0004613126106896995	9.0
1.0	2.0	0.0	0.0008866830176565663	10.161290322580646
1.0	3.0	0.0	0.0011427087667142813	7.129032258064516
1.0	3.0	0.0	0.0011681339986109585	7.258064516129032
1.0	3.0	0.0	0.001371223581376228	11.0
1.0	3.0	0.0	0.0011882264537183347	8.03225806451613
1.0	2.0	0.0	0.0007844582857786642	7.903225806451613
1.0	2.0	0.0	0.000791045092343077	8.612903225806452
1.0	1.0	0.0	0.0004969735539372234	11.96774193548387
1.0	1.0	0.0	0.0004969735539372234	11.96774193548387
1.0	3.0	0.0	0.0013097709311722706	8.741935483870968
1.0	1.0	0.0	0.00047762970322745677	9.709677419354838
1.0	2.0	0.0	0.0007184841045221753	6.805555555555555
1.0	2.0	0.0	0.0007419621758013744	7.444444444444445
1.0	2.0	0.0	0.0007225830725491395	5.916666666666667
1.0	1.0	0.0	0.0004087343274757878	8.36111111111111
1.0	2.0	0.0	0.0007887849116303881	9.277777777777779
1.0	1.0	0.0	0.00043379364188710057	9.38888888888889
1.0	1.0	0.0	0.0004337936418871007	9.38888888888889
1.0	4.0	0.0	0.0014208260477394786	6.75
1.0	4.0	0.0	0.0013793870864309728	6.166666666666667
1.0	4.0	0.0	0.00144766278897932	7.388888888888889
1.0	4.0	0.0	0.0014998267631822623	8.083333333333334
1.0	2.0	0.0	0.0007375068254338758	7.555555555555555
1.0	2.0	0.0	0.0007400099539083008	8.194444444444445
1.0	2.0	0.0	0.0007225830725491395	5.916666666666667
1.0	3.0	0.0	0.0010765700767112075	5.416666666666667
1.0	2.0	0.0	0.0007329978402623314	5.666666666666667
1.0	3.0	0.0	0.001104230791141359	5.333333333333333
1.0	4.0	0.0	0.001508216462100887	5.527777777777778
1.0	1.0	0.0	0.00040390157037102127	7.722222222222222
1.0	2.0	0.0	0.0007329978402623314	5.666666666666667
1.0	2.0	0.0	0.0007448047860531907	5.333333333333333
1.0	2.0	0.0	0.0007487449995708851	5.305555555555555
1.0	3.0	0.0	0.0011112316290517558	5.833333333333333
1.0	1.0	0.0	0.0004216726455641323	9.055555555555555
1.0	1.0	0.0	0.0004216726455641323	9.055555555555555
1.0	2.0	0.0	0.000760880387925063	6.138888888888889
1.0	2.0	0.0	0.0007717680093248436	6.444444444444445
1.0	3.0	0.0	0.0011482756914931891	6.638888888888889
1.0	1.0	0.0	0.0004235921447968736	6.5
1.0	1.0	0.0	0.0004235921447968736	6.5
1.0	2.0	0.0	0.0007601837416791079	6.361111111111111
1.0	1.0	0.0	0.00042871733621528403	7.611111111111111
1.0	2.0	0.0	0.0007646540790570395	6.944444444444445
1.0	3.0	0.0	0.001127751109359345	7.583333333333333
1.0	3.0	0.0	0.001167637796295336	8.416666666666666
1.0	3.0	0.0	0.001167637796295336	8.416666666666666
1.0	2.0	0.0	0.000788784911630388	9.277777777777779
1.0	0.0	0.0	0.0	0.0
1.0	1.0	0.0	0.0004098648105094624	5.0
1.0	1.0	0.0	0.0004125295635550402	5.275862068965517
1.0	3.0	0.0	0.0010936967238179421	4.310344827586207
1.0	2.0	0.0	0.0007609570792373602	4.586206896551724
1.0	3.0	0.0	0.0013251020457382618	6.586206896551724
1.0	3.0	0.0	0.0013376018185865782	6.862068965517241
1.0	3.0	0.0	0.0010086964725910422	3.689655172413793
1.0	3.0	0.0	0.0010221370860986744	3.689655172413793
1.0	3.0	0.0	0.0010257867468717332	3.8275862068965516
1.0	3.0	0.0	0.0010270213927757554	3.8275862068965516
1.0	3.0	0.0	0.001041874694920864	3.9655172413793105
1.0	3.0	0.0	0.001043738632906772	3.9655172413793105
1.0	3.0	0.0	0.0010353077324753118	3.9655172413793105
1.0	3.0	0.0	0.0010847078623961405	4.0344827586206895
1.0	3.0	0.0	0.001093564268189959	4.310344827586207
1.0	2.0	0.0	0.0007864971979432387	5.0
1.0	2.0	0.0	0.0007213116667110849	4.655172413793103
1.0	2.0	0.0	0.0007266881473954531	4.793103448275862
1.0	2.0	0.0	0.0007299661184616577	4.655172413793103
1.0	2.0	0.0	0.0008372000790353212	5.758620689655173
1.0	2.0	0.0	0.0007304476780654007	4.793103448275862
1.0	2.0	0.0	0.0008065401266817095	5.275862068965517
1.0	2.0	0.0	0.0007367934729004416	4.931034482758621
1.0	2.0	0.0	0.0008500010577329559	6.0344827586206895
1.0	2.0	0.0	0.0007483765460328735	5.482758620689655
1.0	2.0	0.0	0.0007505398504506208	5.620689655172414
1.0	1.0	0.0	0.00048228568914810256	7.551724137931035
1.0	1.0	0.0	0.00048228568914810256	7.551724137931035
1.0	1.0	0.0	0.00048604589487795944	7.827586206896552
1.0	1.0	0.0	0.00048604589487795944	7.827586206896552
1.0	0.0	0.0	0.0	0.0
1.0	1.0	0.0	0.00044180721016479497	7.7272727272727275
1.0	1.0	0.0	0.00044180721016479497	7.7272727272727275
1.0	3.0	0.0	0.0011428407115176699	8.454545454545455
1.0	3.0	0.0	0.0011428407115176699	8.454545454545455
1.0	2.0	0.0	0.0007850605149157309	7.787878787878788
1.0	2.0	0.0	0.0007850605149157309	7.787878787878788
1.0	4.0	0.0	0.0015878844730877607	7.181818181818182
1.0	4.0	0.0	0.0015878844730877607	7.181818181818182
1.0	2.0	0.0	0.0007867921805925832	9.303030303030303
1.0	2.0	0.0	0.0007867921805925832	9.303030303030303
1.0	2.0	0.0	0.0007867921805925832	9.303030303030303
1.0	2.0	0.0	0.0007867921805925832	9.303030303030303
1.0	2.0	0.0	0.000797421967858651	10.151515151515152
1.0	2.0	0.0	0.000797421967858651	10.151515151515152
1.0	2.0	0.0	0.000797421967858651	10.151515151515152
1.0	2.0	0.0	0.000797421967858651	10.151515151515152
1.0	2.0	0.0	0.0008028158703472661	11.0
1.0	2.0	0.0	0.0008028158703472661	11.0
1.0	1.0	0.0	0.00044148228956367034	8.151515151515152
1.0	1.0	0.0	0.00044148228956367034	8.151515151515152
1.0	1.0	0.0	0.00044148228956367034	8.151515151515152
1.0	1.0	0.0	0.00044148228956367034	8.151515151515152
1.0	3.0	0.0	0.0011956277676704763	6.757575757575758
1.0	3.0	0.0	0.0011956277676704763	6.757575757575758
1.0	2.0	0.0	0.0007903338318829684	6.454545454545454
1.0	2.0	0.0	0.0007903338318829684	6.454545454545454
1.0	2.0	0.0	0.0007750387262852579	6.212121212121212
1.0	2.0	0.0	0.0007750387262852578	6.212121212121212
1.0	3.0	0.0	0.001117673656949911	6.03030303030303
1.0	3.0	0.0	0.0011176736569499114	6.03030303030303
1.0	2.0	0.0	0.0007617855919454148	6.03030303030303
1.0	2.0	0.0	0.0007617855919454147	6.03030303030303
1.0	2.0	0.0	0.0007617855919454148	6.03030303030303
1.0	2.0	0.0	0.0007617855919454147	6.03030303030303
1.0	2.0	0.0	0.0008548542013409178	5.913043478260869
1.0	2.0	0.0	0.000853441465055963	5.478260869565218
1.0	2.0	0.0	0.000853441465055963	5.478260869565218
1.0	2.0	0.0	0.000855021435589911	5.913043478260869
1.0	2.0	0.0	0.0008575105510726416	6.521739130434782
1.0	3.0	0.0	0.0011174403122429007	3.9130434782608696
1.0	3.0	0.0	0.0011203126181034142	4.173913043478261
1.0	2.0	0.0	0.0007678166127390048	4.3478260869565215
1.0	2.0	0.0	0.0007678166127390048	4.3478260869565215
1.0	3.0	0.0	0.0011628140306582935	4.608695652173913
1.0	3.0	0.0	0.0011628140306582935	4.608695652173913
1.0	3.0	0.0	0.0011662356909104235	5.043478260869565
1.0	2.0	0.0	0.0007620772176367479	3.9130434782608696
1.0	2.0	0.0	0.0007626925158330642	4.0
1.0	2.0	0.0	0.0007696318483578311	4.608695652173913
1.0	3.0	0.0	0.0011658922087647576	5.043478260869565
1.0	2.0	0.0	0.0007718683667137206	4.782608695652174
1.0	3.0	0.0	0.0011715593921029813	5.6521739130434785
1.0	2.0	0.0	0.000782243167523996	5.217391304347826
1.0	1.0	0.0	0.00046838703927897527	6.869565217391305
1.0	1.0	0.0	0.00046757596597878147	6.434782608695652
1.0	1.0	0.0	0.00046757596597878147	6.434782608695652
1.0	1.0	0.0	0.0004682701671726204	6.869565217391305
1.0	1.0	0.0	0.0004695967505980356	7.478260869565218
1.0	2.0	0.0	0.0007839030859349516	7.35
1.0	2.0	0.0	0.0008702201828980464	8.65
1.0	1.0	0.0	0.00043232646176702384	8.375
1.0	1.0	0.0	0.0004481670983333871	9.175
1.0	1.0	0.0	0.000452792287570223	9.75
1.0	1.0	0.0	0.00044058149393626244	8.375
1.0	1.0	0.0	0.0004583841438940325	10.425
1.0	1.0	0.0	0.00044474754056730576	8.6
1.0	2.0	0.0	0.000780534020569576	7.45
1.0	2.0	0.0	0.000779179351420268	7.175
1.0	2.0	0.0	0.0007682938104310676	7.1
1.0	2.0	0.0	0.0007678629724606058	7.05
1.0	3.0	0.0	0.001129984878439185	7.125
1.0	3.0	0.0	0.0011283591592555061	7.0
1.0	2.0	0.0	0.0007741547501924389	7.5
1.0	3.0	0.0	0.001162823509872291	7.4
1.0	2.0	0.0	0.0008378779000395066	10.0
1.0	3.0	0.0	0.0011968879339589406	7.725
1.0	2.0	0.0	0.0008408094004327944	10.625
1.0	2.0	0.0	0.0008331851031815033	9.425
1.0	2.0	0.0	0.0008470034444143352	11.3
1.0	3.0	0.0	0.0012150380794431368	8.2
1.0	2.0	0.0	0.0008299002898034399	8.9
1.0	2.0	0.0	0.0008533290188614837	12.025
1.0	3.0	0.0	0.0011894378632901143	7.4
1.0	2.0	0.0	0.0008232958799817844	8.425
1.0	3.0	0.0	0.0012303956642255296	8.775
1.0	2.0	0.0	0.0008658005210618736	12.8
1.0	2.0	0.0	0.000815636633383729	8.0
1.0	3.0	0.0	0.0012027463866095419	7.625
1.0	2.0	0.0	0.0008824891845289934	13.625
1.0	3.0	0.0	0.0012498177624020255	9.45
1.0	2.0	0.0	0.0009118711269410987	14.5
1.0	2.0	0.0	0.00095564922162051	15.425
1.0	2.0	0.0	0.0008533721118196373	10.225
1.0	1.0	0.0	0.0004753634219568496	9.625
1.0	2.0	0.0	0.0008785758621051925	11.05
1.0	1.0	0.0	0.0005142073472410705	16.4
1.0	3.0	0.0	0.0013673816714620203	11.925
1.0	1.0	0.0	0.000494274939271109	12.9
1.0	1.0	0.0	0.000494274939271109	12.9
1.0	1.0	0.0	0.00041646423380047894	7.913043478260869
1.0	2.0	0.0	0.0008075864236718115	6.565217391304348
1.0	1.0	0.0	0.0004248889092293783	6.086956521739131
1.0	1.0	0.0	0.00044075053181880737	6.630434782608695
1.0	1.0	0.0	0.00045001514755539207	7.760869565217392
1.0	1.0	0.0	0.00044133494564960716	7.1521739130434785
1.0	1.0	0.0	0.00044000384017768373	9.630434782608695
1.0	3.0	0.0	0.0011596251813193472	5.304347826086956
1.0	2.0	0.0	0.0007562297184706258	5.260869565217392
1.0	2.0	0.0	0.0008124015741808642	6.413043478260869
1.0	2.0	0.0	0.0007372204757918579	7.717391304347826
1.0	3.0	0.0	0.0011034225577799897	4.978260869565218
1.0	2.0	0.0	0.000733284546851101	5.521739130434782
1.0	3.0	0.0	0.001225054774352125	7.630434782608695
1.0	2.0	0.0	0.0008186910732959654	7.304347826086956
1.0	3.0	0.0	0.0010643046156662006	6.108695652173913
1.0	3.0	0.0	0.0011009055324107241	5.391304347826087
1.0	3.0	0.0	0.0011353021889299987	5.108695652173913
1.0	3.0	0.0	0.0012161433058225789	6.934782608695652
1.0	3.0	0.0	0.0012241948226062364	7.173913043478261
1.0	2.0	0.0	0.0008206439093187809	7.456521739130435
1.0	3.0	0.0	0.0012079041986544773	6.021739130434782
1.0	3.0	0.0	0.0011911069387273256	5.6521739130434785
1.0	3.0	0.0	0.0012270460883311825	7.586956521739131
1.0	2.0	0.0	0.0008215846270343142	7.739130434782608
1.0	2.0	0.0	0.0007726757548908547	5.804347826086956
1.0	3.0	0.0	0.0010581328462258709	6.8478260869565215
1.0	3.0	0.0	0.0012226956032165962	6.782608695652174
1.0	1.0	0.0	0.00045243959527376107	8.608695652173912
1.0	1.0	0.0	0.0004318420588564979	6.282608695652174
1.0	3.0	0.0	0.0011091088176972594	6.934782608695652
1.0	3.0	0.0	0.0011082488892967285	6.108695652173913
1.0	3.0	0.0	0.0010692890648414126	7.6521739130434785
1.0	1.0	0.0	0.0004498635181559836	7.913043478260869
1.0	1.0	0.0	0.00045149887755822763	8.152173913043478
1.0	3.0	0.0	0.001188027741930541	6.173913043478261
1.0	1.0	0.0	0.00044599846675925133	7.0
1.0	1.0	0.0	0.0004527570718943324	8.565217391304348
1.0	2.0	0.0	0.0007438729225037754	7.739130434782608
1.0	2.0	0.0	0.0007475655568642639	8.543478260869565
1.0	2.0	0.0	0.0007678640508376204	6.956521739130435
1.0	2.0	0.0	0.0007678640508376204	6.956521739130435
1.0	2.0	0.0	0.0007614687830687564	8.630434782608695
1.0	2.0	0.0	0.0007627771162505901	9.434782608695652
1.0	2.0	0.0	0.0007866518601385346	7.804347826086956
1.0	2.0	0.0	0.0007866518601385346	7.804347826086956
1.0	3.0	0.0	0.0011842541941923886	8.652173913043478
1.0	2.0	0.0	0.0008551007476055833	5.681818181818182
1.0	2.0	0.0	0.000853417061190931	5.2727272727272725
1.0	2.0	0.0	0.000853417061190931	5.2727272727272725
1.0	2.0	0.0	0.000860732499937063	6.636363636363637
1.0	1.0	0.0	0.000437905391334141	6.136363636363637
1.0	3.0	0.0	0.0011185624728189615	3.772727272727273
1.0	3.0	0.0	0.0011662046155949358	4.818181818181818
1.0	3.0	0.0	0.001163322549036577	4.409090909090909
1.0	3.0	0.0	0.001163322549036577	4.409090909090909
1.0	2.0	0.0	0.0007679285032075118	4.181818181818182
1.0	2.0	0.0	0.0007679285032075118	4.181818181818182
1.0	2.0	0.0	0.000762859743137403	3.8181818181818183
1.0	3.0	0.0	0.0011243660885904983	4.181818181818182
1.0	2.0	0.0	0.0007650026545873202	3.9545454545454546
1.0	2.0	0.0	0.0007757234667108797	4.681818181818182
1.0	2.0	0.0	0.0007754245446954698	4.7727272727272725
1.0	3.0	0.0	0.0011789813162416348	5.181818181818182
1.0	3.0	0.0	0.001179864816330804	5.7727272727272725
1.0	2.0	0.0	0.0007853420975946647	5.2727272727272725
1.0	1.0	0.0	0.0004683630999818976	6.636363636363637
1.0	1.0	0.0	0.0004677112063962214	6.2272727272727275
1.0	1.0	0.0	0.0004677112063962214	6.2272727272727275
1.0	1.0	0.0	0.00047157703594549044	7.590909090909091
1.0	2.0	0.0	0.0007492593808516811	11.431372549019608
1.0	2.0	0.0	0.0007578923940746202	11.755102040816327
1.0	1.0	0.0	0.00041149830350856414	10.137254901960784
1.0	1.0	0.0	0.00041257593375395457	10.326530612244898
1.0	2.0	0.0	0.0008450155672222844	9.745098039215685
1.0	2.0	0.0	0.0008459311948985065	9.877551020408163
1.0	1.0	0.0	0.00042700133980168146	11.607843137254902
1.0	1.0	0.0	0.0004181444540388028	11.588235294117647
1.0	1.0	0.0	0.000427868983867891	11.816326530612244
1.0	1.0	0.0	0.0004207522171041997	11.83673469387755
1.0	2.0	0.0	0.0008796538130606309	12.372549019607844
1.0	1.0	0.0	0.0004493677736488493	9.235294117647058
1.0	1.0	0.0	0.00044947170789501627	9.224489795918368
1.0	1.0	0.0	0.0004519363609010984	9.784313725490197
1.0	1.0	0.0	0.0004519378403302132	9.510204081632653
1.0	1.0	0.0	0.000450856559831167	10.450980392156863
1.0	1.0	0.0	0.000450856777476267	10.122448979591837
1.0	2.0	0.0	0.0007839814573068541	15.490196078431373
1.0	2.0	0.0	0.0007839814580808957	15.040816326530612
1.0	2.0	0.0	0.000831232243051955	11.431372549019608
1.0	2.0	0.0	0.0008334048187208932	11.673469387755102
1.0	2.0	0.0	0.0008241313542956282	8.607843137254902
1.0	2.0	0.0	0.000824139294256032	8.36734693877551
1.0	2.0	0.0	0.0007934535757677257	16.392156862745097
1.0	2.0	0.0	0.0007934535798986221	15.938775510204081
1.0	4.0	0.0	0.0014128513603300652	9.705882352941176
1.0	4.0	0.0	0.0014564559497741432	9.156862745098039
1.0	4.0	0.0	0.0014238549404004645	9.959183673469388
1.0	4.0	0.0	0.0014612911773409297	9.346938775510203
1.0	3.0	0.0	0.0011185795000590202	10.490196078431373
1.0	3.0	0.0	0.001137188898763072	9.96078431372549
1.0	3.0	0.0	0.001102730741291969	10.529411764705882
1.0	3.0	0.0	0.0011229479133158307	10.73469387755102
1.0	3.0	0.0	0.0011398537685902747	10.142857142857142
1.0	3.0	0.0	0.0011230349302723635	10.857142857142858
1.0	3.0	0.0	0.0011472361602698066	8.803921568627452
1.0	3.0	0.0	0.0011447131705162464	10.627450980392156
1.0	3.0	0.0	0.0011142000373673606	10.607843137254902
1.0	3.0	0.0	0.001149058415827603	8.938775510204081
1.0	3.0	0.0	0.0011475812908510437	10.83673469387755
1.0	3.0	0.0	0.0011230349302723635	10.857142857142858
1.0	2.0	0.0	0.0008109499302580179	11.431372549019608
1.0	2.0	0.0	0.0007889072021501246	8.568627450980392
1.0	1.0	0.0	0.00042468336983131035	10.941176470588236
1.0	2.0	0.0	0.0007896206237605327	8.653061224489797
1.0	1.0	0.0	0.00042548431184667983	11.122448979591837
1.0	1.0	0.0	0.0004207522171041997	11.83673469387755
1.0	3.0	0.0	0.0012053343702601994	8.372549019607844
1.0	3.0	0.0	0.0012059295604491206	8.408163265306122
1.0	1.0	0.0	0.0004575260172979776	12.411764705882353
1.0	1.0	0.0	0.0004585178656457202	12.653061224489797
1.0	3.0	0.0	0.0012182991380862368	8.254901960784315
1.0	1.0	0.0	0.0004449586429064253	9.352941176470589
1.0	3.0	0.0	0.0012186022374856683	8.244897959183673
1.0	1.0	0.0	0.0004641014130193482	10.72549019607843
1.0	1.0	0.0	0.0004451262850834379	9.387755102040817
1.0	1.0	0.0	0.00046451783177713644	10.857142857142858
1.0	1.0	0.0	0.00047983500344513964	13.352941176470589
1.0	2.0	0.0	0.0008210005810624693	8.215686274509803
1.0	2.0	0.0	0.0008211492718773457	8.16326530612245
1.0	2.0	0.0	0.0008252018408931023	8.215686274509803
1.0	2.0	0.0	0.0008252763344537416	8.122448979591837
1.0	2.0	0.0	0.0008282698526861368	8.254901960784315
1.0	2.0	0.0	0.0008283341125796368	8.122448979591837
1.0	2.0	0.0	0.0008282231218372627	8.333333333333334
1.0	2.0	0.0	0.0008282491829038338	8.16326530612245
1.0	2.0	0.0	0.000827855861749372	8.450980392156863
1.0	2.0	0.0	0.0008278831966966255	8.244897959183673
1.0	3.0	0.0	0.0012289888994047498	8.803921568627452
1.0	3.0	0.0	0.0012290028359062408	8.53061224489796
1.0	4.0	0.0	0.0016295879315330118	9.07843137254902
1.0	4.0	0.0	0.0016295905196983488	8.775510204081632
1.0	3.0	0.0	0.001225377351537684	9.470588235294118
1.0	3.0	0.0	0.0012253811837346965	9.142857142857142
1.0	1.0	0.0	0.00045065061309907685	10.058823529411764
1.0	1.0	0.0	0.00045065061309907685	10.058823529411764
1.0	1.0	0.0	0.00045065276303582263	9.755102040816327
1.0	1.0	0.0	0.00045065276303582263	9.755102040816327
1.0	3.0	0.0	0.0012274486986229714	9.941176470588236
1.0	3.0	0.0	0.0012274490239161475	9.591836734693878
1.0	1.0	0.0	0.0004521940290519933	10.92156862745098
1.0	1.0	0.0	0.0004521946597013615	10.571428571428571
1.0	2.0	0.0	0.0008228389406918059	10.490196078431373
1.0	2.0	0.0	0.0008228397957169592	10.122448979591837
1.0	2.0	0.0	0.0008230496310062025	11.07843137254902
1.0	2.0	0.0	0.0008230496788434601	10.693877551020408
1.0	2.0	0.0	0.0008215570590913855	11.705882352941176
1.0	2.0	0.0	0.0008215573555424456	11.306122448979592
1.0	2.0	0.0	0.0008158120919271644	12.372549019607844
1.0	2.0	0.0	0.0008158121005232436	11.959183673469388
1.0	2.0	0.0	0.0008063752817359087	13.07843137254902
1.0	2.0	0.0	0.0008063753729877733	12.653061224489797
1.0	2.0	0.0	0.0007897088266077076	13.823529411764707
1.0	2.0	0.0	0.000789708827826412	13.387755102040817
1.0	3.0	0.0	0.0011447327236747355	14.607843137254902
1.0	3.0	0.0	0.0011447327497934232	14.16326530612245
1.0	2.0	0.0	0.0007840183474091255	15.509803921568627
1.0	2.0	0.0	0.0007840183481876141	15.061224489795919
1.0	3.0	0.0	0.0011900220254897618	16.372549019607842
1.0	3.0	0.0	0.0011900220305114903	15.918367346938776
1.0	1.0	0.0	0.00044061345844112574	17.352941176470587
1.0	1.0	0.0	0.0004406134590367038	16.897959183673468
1.0	2.0	0.0	0.0007763793785396091	6.8604651162790695
1.0	1.0	0.0	0.0004252182293208441	7.1395348837209305
1.0	1.0	0.0	0.00043962158761957817	8.581395348837209
1.0	1.0	0.0	0.0004373552016751289	6.3023255813953485
1.0	2.0	0.0	0.0007821939199091856	5.232558139534884
1.0	2.0	0.0	0.0008574269784567654	6.209302325581396
1.0	1.0	0.0	0.0004409662041502399	6.534883720930233
1.0	2.0	0.0	0.0008706368738565294	6.8604651162790695
1.0	1.0	0.0	0.00045055739428875624	9.093023255813954
1.0	4.0	0.0	0.0015185786192243788	6.162790697674419
1.0	3.0	0.0	0.0011863350371424585	8.30232558139535
1.0	3.0	0.0	0.001170833766261723	7.511627906976744
1.0	3.0	0.0	0.001170148116504887	5.6976744186046515
1.0	2.0	0.0	0.000781227776806643	6.953488372093023
1.0	3.0	0.0	0.0011869623076539305	7.604651162790698
1.0	3.0	0.0	0.001179478529785752	5.325581395348837
1.0	3.0	0.0	0.0012722851543533467	8.395348837209303
1.0	3.0	0.0	0.0011696228747344966	5.046511627906977
1.0	1.0	0.0	0.0004395972567340713	9.279069767441861
1.0	1.0	0.0	0.00043473317491135187	6.674418604651163
1.0	3.0	0.0	0.0011381645991901022	4.8604651162790695
1.0	1.0	0.0	0.00046539748183602886	9.372093023255815
1.0	1.0	0.0	0.00046539748183602886	9.372093023255815
1.0	1.0	0.0	0.00043464523071025764	6.023255813953488
1.0	3.0	0.0	0.0011699946352807253	5.27906976744186
1.0	2.0	0.0	0.0007999247329561264	5.744186046511628
1.0	3.0	0.0	0.001192133438233636	5.558139534883721
1.0	2.0	0.0	0.0008101138479780737	6.209302325581396
1.0	1.0	0.0	0.000469181540394685	7.186046511627907
1.0	3.0	0.0	0.0012244983672309111	7.744186046511628
1.0	3.0	0.0	0.0011959658640512253	5.930232558139535
1.0	3.0	0.0	0.0012255995302124516	8.116279069767442
1.0	2.0	0.0	0.0008166342977723349	6.627906976744186
1.0	2.0	0.0	0.0008196971358504267	7.4186046511627906
1.0	3.0	0.0	0.001223191598596198	7.6976744186046515
1.0	3.0	0.0	0.0012244737037266683	7.046511627906977
1.0	2.0	0.0	0.0008088501960656643	6.348837209302325
1.0	1.0	0.0	0.0004517025716214521	8.720930232558139
1.0	2.0	0.0	0.0008173620163925785	7.232558139534884
1.0	3.0	0.0	0.0012185636766688362	6.767441860465116
1.0	1.0	0.0	0.00045126156291994005	8.674418604651162
1.0	1.0	0.0	0.00045160660436275376	8.023255813953488
1.0	1.0	0.0	0.0004497124936064177	7.744186046511628
1.0	1.0	0.0	0.00047506666943967807	7.837209302325581
1.0	2.0	0.0	0.000739835499489634	5.630434782608695
1.0	2.0	0.0	0.0007517411062961347	5.695652173913044
1.0	2.0	0.0	0.0007695602934008504	6.978260869565218
1.0	1.0	0.0	0.00042701435117584814	6.826086956521739
1.0	2.0	0.0	0.0007126920494996231	4.826086956521739
1.0	1.0	0.0	0.0004323857188127128	7.630434782608695
1.0	2.0	0.0	0.0008567634601941521	8.543478260869565
1.0	1.0	0.0	0.0004388558392677545	9.391304347826088
1.0	2.0	0.0	0.0007082411909156173	5.956521739130435
1.0	2.0	0.0	0.0007186305649975115	7.630434782608695
1.0	1.0	0.0	0.00040150855668377814	6.934782608695652
1.0	1.0	0.0	0.0004079218125137943	8.021739130434783
1.0	1.0	0.0	0.000408158584643688	7.521739130434782
1.0	1.0	0.0	0.00043038749833598127	7.869565217391305
1.0	4.0	0.0	0.001523206774406953	5.8478260869565215
1.0	3.0	0.0	0.00108065526572098	5.130434782608695
1.0	3.0	0.0	0.0011648873904225839	6.6521739130434785
1.0	3.0	0.0	0.00106504821970213	4.891304347826087
1.0	3.0	0.0	0.0011578182224615515	6.413043478260869
1.0	3.0	0.0	0.0011108016953270843	6.173913043478261
1.0	3.0	0.0	0.0011540109554548544	6.891304347826087
1.0	3.0	0.0	0.0011717303146973807	7.608695652173913
1.0	3.0	0.0	0.0011822807123563564	8.41304347826087
1.0	1.0	0.0	0.00042701435117584814	6.826086956521739
1.0	3.0	0.0	0.0011795093526265306	7.695652173913044
1.0	1.0	0.0	0.0004316372711005346	7.391304347826087
1.0	1.0	0.0	0.0004369034192427563	8.673913043478262
1.0	3.0	0.0	0.001028659958761793	4.804347826086956
1.0	3.0	0.0	0.001000742914237403	4.913043478260869
1.0	1.0	0.0	0.0004697110573612034	9.521739130434783
1.0	3.0	0.0	0.0010259742695573006	5.543478260869565
1.0	3.0	0.0	0.000999431207812328	5.239130434782608
1.0	2.0	0.0	0.0007227879341577606	5.695652173913044
1.0	3.0	0.0	0.000992195314470539	5.6521739130434785
1.0	3.0	0.0	0.0010232471564514103	6.282608695652174
1.0	3.0	0.0	0.001060484235843369	5.956521739130435
1.0	3.0	0.0	0.001003630821975783	6.239130434782608
1.0	2.0	0.0	0.0007218838536489674	6.434782608695652
1.0	2.0	0.0	0.0007330629174585383	6.326086956521739
1.0	3.0	0.0	0.0010403115055383646	6.956521739130435
1.0	3.0	0.0	0.001036379585858727	7.0
1.0	3.0	0.0	0.0010817337213746686	7.043478260869565
1.0	3.0	0.0	0.0010810869023773302	6.543478260869565
1.0	3.0	0.0	0.0011021576456201009	7.804347826086956
1.0	2.0	0.0	0.000728172265177608	7.8478260869565215
1.0	2.0	0.0	0.0007423417983809838	8.565217391304348
1.0	1.0	0.0	0.000414463325889444	8.782608695652174
1.0	4.0	0.0	0.002012768926815586	1.0
1.0	2.0	0.0	0.0008332801625075632	6.038461538461538
1.0	1.0	0.0	0.00044906693507853763	6.115384615384615
1.0	1.0	0.0	0.00044906693507853763	6.115384615384615
1.0	1.0	0.0	0.0005419582699683444	1.75
1.0	1.0	0.0	0.0005419582699683444	1.75
1.0	1.0	0.0	0.0005419582699683444	1.75
1.0	3.0	0.0	0.0010475658955902088	3.8076923076923075
1.0	2.0	0.0	0.000699790273606859	3.8076923076923075
1.0	2.0	0.0	0.000702248280618838	4.115384615384615
1.0	3.0	0.0	0.0013388156133690675	6.576923076923077
1.0	3.0	0.0	0.0012172178581620517	5.153846153846154
1.0	3.0	0.0	0.0009996298299962195	3.5
1.0	3.0	0.0	0.0010219668405400647	3.730769230769231
1.0	3.0	0.0	0.0010049309107287175	3.5
1.0	2.0	0.0	0.0007624033140058118	4.384615384615385
1.0	3.0	0.0	0.0010249945064677458	3.769230769230769
1.0	2.0	0.0	0.0008082196910110911	5.038461538461538
1.0	3.0	0.0	0.0010238802119248945	3.8461538461538463
1.0	2.0	0.0	0.000720528008082725	4.3076923076923075
1.0	3.0	0.0	0.0010354849063440275	4.115384615384615
1.0	2.0	0.0	0.0008504491753090432	5.769230769230769
1.0	3.0	0.0	0.0010870966605398568	4.346153846153846
1.0	2.0	0.0	0.0007336421646980041	4.576923076923077
1.0	2.0	0.0	0.0007274864257298344	4.5
1.0	2.0	0.0	0.0007322408874368437	4.769230769230769
1.0	3.0	0.0	0.0011242632761373366	5.153846153846154
1.0	2.0	0.0	0.0007498026126978775	5.423076923076923
1.0	1.0	0.0	0.0004861407222777667	7.538461538461538
1.0	1.0	0.0	0.0004861407222777667	7.538461538461538
1.0	1.0	0.0	0.0004588980159031077	7.0
1.0	1.0	0.0	0.0005419582699683444	1.75
1.0	1.0	0.0	0.0003996093481493403	5.666666666666667
1.0	1.0	0.0	0.0003996104201047495	5.717948717948718
1.0	1.0	0.0	0.0004023055537255829	5.82051282051282
1.0	1.0	0.0	0.0004077248761902452	6.230769230769231
1.0	1.0	0.0	0.00040775286048158014	6.282051282051282
1.0	1.0	0.0	0.000416207801078658	6.743589743589744
1.0	1.0	0.0	0.00042162302972608226	7.358974358974359
1.0	1.0	0.0	0.0004219216268698837	7.410256410256411
1.0	2.0	0.0	0.0008450925611365285	8.025641025641026
1.0	2.0	0.0	0.00074691750803668	6.384615384615385
1.0	4.0	0.0	0.0013329560948231907	4.410256410256411
1.0	2.0	0.0	0.0007004398760572859	5.076923076923077
1.0	3.0	0.0	0.0010079066774370709	4.538461538461538
1.0	2.0	0.0	0.00070446290103422	5.358974358974359
1.0	3.0	0.0	0.0010177392633275739	4.9743589743589745
1.0	3.0	0.0	0.0010534809306930843	4.6923076923076925
1.0	3.0	0.0	0.0010535024615448804	4.743589743589744
1.0	3.0	0.0	0.0010339214654255739	4.846153846153846
1.0	3.0	0.0	0.0010339351984840655	4.897435897435898
1.0	3.0	0.0	0.00106094956109227	4.846153846153846
1.0	2.0	0.0	0.0007013486579853053	5.333333333333333
1.0	3.0	0.0	0.0010470292170338897	5.205128205128205
1.0	3.0	0.0	0.0010386380223890326	5.641025641025641
1.0	3.0	0.0	0.0010803761798148194	5.256410256410256
1.0	3.0	0.0	0.001080527509250974	5.3076923076923075
1.0	3.0	0.0	0.0010654577217126052	5.666666666666667
1.0	3.0	0.0	0.0010656907802286996	5.717948717948718
1.0	3.0	0.0	0.0011065705655232579	5.769230769230769
1.0	2.0	0.0	0.0007264496494552293	6.256410256410256
1.0	3.0	0.0	0.001126654284239816	6.384615384615385
1.0	3.0	0.0	0.001127747514016016	6.435897435897436
1.0	3.0	0.0	0.001099966616491352	6.82051282051282
1.0	3.0	0.0	0.0011466017929751674	7.102564102564102
1.0	2.0	0.0	0.0007658873828411254	7.153846153846154
1.0	2.0	0.0	0.000789919450920097	7.589743589743589
1.0	2.0	0.0	0.0008326987124488993	8.41025641025641
1.0	1.0	0.0	0.00046392369039422994	9.0
1.0	2.0	0.0	0.000878560413779069	9.282051282051283
1.0	2.0	0.0	0.0009297451666427968	10.205128205128204
1.0	1.0	0.0	0.0005029627099507733	11.179487179487179
1.0	2.0	1.0	0.0006822376006414737	6.108108108108108
1.0	2.0	0.0	0.0006903393023048548	5.486486486486487
1.0	2.0	0.0	0.0007417754516496368	4.972972972972973
1.0	2.0	0.0	0.000769515764056075	4.864864864864865
1.0	1.0	0.0	0.0004334139642715013	6.27027027027027
1.0	1.0	0.0	0.00043978436029823464	6.054054054054054
1.0	1.0	0.0	0.00044498105836121213	6.324324324324325
1.0	2.0	0.0	0.0008095457329826907	6.5675675675675675
1.0	1.0	0.0	0.0004710887838359502	8.378378378378379
1.0	4.0	0.0	0.001330985114292149	4.4324324324324325
1.0	4.0	0.16666666666666666	0.0012962363651006152	5.162162162162162
1.0	4.0	0.0	0.0013457509671354947	4.4324324324324325
1.0	3.0	0.0	0.0009966115237175523	5.45945945945946
1.0	3.0	0.0	0.001027629553130833	4.648648648648648
1.0	2.0	1.0	0.0006822376006414738	6.108108108108108
1.0	2.0	0.0	0.0006910475761936389	5.324324324324325
1.0	3.0	0.0	0.001024931926366359	5.108108108108108
1.0	1.0	0.0	0.0003831249728534263	5.405405405405405
1.0	2.0	0.0	0.00072232539041109	5.243243243243243
1.0	2.0	0.0	0.0007323724569423346	4.648648648648648
1.0	2.0	0.0	0.0007297495531208768	5.918918918918919
1.0	2.0	0.0	0.0007473377166664018	6.054054054054054
1.0	3.0	0.0	0.0011274892291345373	6.72972972972973
1.0	3.0	0.0	0.0011651181136469752	5.297297297297297
1.0	1.0	0.0	0.00042209633963152533	7.702702702702703
1.0	3.0	0.0	0.0011867554701450655	5.081081081081081
1.0	2.0	0.0	0.0007964741414833887	5.621621621621622
1.0	3.0	0.0	0.0012048621051822946	5.351351351351352
1.0	3.0	0.0	0.0012149302947957324	5.675675675675675
1.0	2.0	0.0	0.0008059695325383818	5.891891891891892
1.0	2.0	0.0	0.0008146072154003364	6.0
1.0	1.0	0.0	0.000448104821996241	6.648648648648648
1.0	2.0	0.0	0.000810368626897548	6.108108108108108
1.0	2.0	0.0	0.0008148754892497066	6.324324324324325
1.0	2.0	0.0	0.0008073150395597821	6.324324324324325
1.0	3.0	0.0	0.0011993811613520927	6.54054054054054
1.0	3.0	0.0	0.0012901161510126885	7.405405405405405
1.0	1.0	0.0	0.0004710887838359502	8.378378378378379
1.0	2.0	0.0	0.0008270090273270053	4.190476190476191
1.0	1.0	0.0	0.00041323419998419496	4.0476190476190474
1.0	2.0	0.0	0.0008452885192070789	4.857142857142857
1.0	1.0	0.0	0.00042985082750269133	5.142857142857143
1.0	3.0	0.0	0.0010693893954995177	3.142857142857143
1.0	2.0	0.0	0.0007402488196886818	3.3333333333333335
1.0	3.0	0.0	0.0010724126176417706	3.2857142857142856
1.0	2.0	0.0	0.000744043308281346	3.9047619047619047
1.0	3.0	0.0	0.0011102454164796296	3.3333333333333335
1.0	2.0	0.0	0.000743090122549032	3.761904761904762
1.0	3.0	0.0	0.001129337520309226	4.190476190476191
1.0	3.0	0.0	0.0010981336372061683	3.0952380952380953
1.0	3.0	0.0	0.0010744228922120451	3.0476190476190474
1.0	3.0	0.0	0.0010772314691721969	3.238095238095238
1.0	2.0	0.0	0.0008362899685238093	5.0476190476190474
1.0	2.0	0.0	0.0007498039883567635	3.5238095238095237
1.0	2.0	0.0	0.0007532936587526469	3.7142857142857144
1.0	1.0	0.0	0.00046000903025582133	6.0
1.0	1.0	0.0	0.0004556410573570991	5.142857142857143
1.0	3.0	0.0	0.0011483891612423399	4.0
1.0	3.0	0.0	0.0011528796789868393	4.190476190476191
1.0	1.0	0.0	0.0004644045128955332	5.809523809523809
1.0	2.0	0.0	0.0008505467540927033	4.0
1.0	1.0	0.0	0.00048653493887032724	5.5
1.0	2.0	0.0	0.0007569544456289349	3.0
1.0	2.0	0.0	0.0007672472557138997	3.6875
1.0	2.0	0.0	0.0008942803933157564	4.5625
1.0	3.0	0.0	0.0010962914717903849	2.6875
1.0	2.0	0.0	0.0007600658996811434	3.125
1.0	3.0	0.0	0.00114532071831345	3.0625
1.0	3.0	0.0	0.001104086088745571	3.0
1.0	3.0	0.0	0.0011557424887978034	3.1875
1.0	2.0	0.0	0.0007748305167223731	3.5
1.0	2.0	0.0	0.0007672472557138997	3.6875
1.0	2.0	0.0	0.00083058845013852	3.75
1.0	2.0	0.0	0.000784630171500648	4.375
1.0	2.0	0.0	0.000784630171500648	4.375
1.0	2.0	0.0	0.0007891379800632138	5.0625
1.0	1.0	0.0	0.00046591182215319823	4.9375
1.0	1.0	0.0	0.0004357781096588822	8.516129032258064
1.0	1.0	0.0	0.0004357781096588822	8.516129032258064
1.0	1.0	0.0	0.00044303015418019765	10.064516129032258
1.0	1.0	0.0	0.00044303015418019765	10.064516129032258
1.0	2.0	0.0	0.0007475958298374798	5.483870967741935
1.0	2.0	0.0	0.0007475958298374798	5.483870967741935
1.0	2.0	0.0	0.0007332868217982144	5.290322580645161
1.0	2.0	0.0	0.0007332868217982143	5.290322580645161
1.0	2.0	0.0	0.0007661030038873722	5.870967741935484
1.0	2.0	0.0	0.0007661030038873722	5.870967741935484
1.0	3.0	0.0	0.0010518988270615296	5.032258064516129
1.0	3.0	0.0	0.0010518988270615296	5.032258064516129
1.0	3.0	0.0	0.0010659188934659734	5.161290322580645
1.0	3.0	0.0	0.0010659188934659734	5.161290322580645
1.0	2.0	0.0	0.0007401090130934739	5.870967741935484
1.0	2.0	0.0	0.0007401090130934739	5.870967741935484
1.0	2.0	0.0	0.000757532842261947	6.709677419354839
1.0	2.0	0.0	0.0007575328422619469	6.709677419354839
1.0	3.0	0.0	0.0011331820063709185	6.838709677419355
1.0	3.0	0.0	0.0011331820063709185	6.838709677419355
1.0	2.0	0.0	0.0007672005848312503	6.32258064516129
1.0	2.0	0.0	0.0007672005848312503	6.32258064516129
1.0	3.0	0.0	0.0011713747133337037	7.548387096774194
1.0	3.0	0.0	0.0011713747133337037	7.548387096774194
1.0	2.0	0.0	0.0007796840885146912	7.612903225806452
1.0	2.0	0.0	0.0007796840885146912	7.612903225806452
1.0	2.0	0.0	0.0007951962237053006	8.32258064516129
1.0	2.0	0.0	0.0007951962237053006	8.32258064516129
1.0	2.0	0.0	0.0007946312409169355	8.387096774193548
1.0	2.0	0.0	0.0007946312409169355	8.387096774193548
1.0	3.0	0.0	0.0011954040684868114	9.096774193548388
1.0	3.0	0.0	0.0011954040684868114	9.096774193548388
1.0	1.0	0.0	0.0004918115314663721	4.833333333333333
1.0	1.0	0.0	0.00044094267847845294	3.9166666666666665
1.0	2.0	0.0	0.0008386610708947168	2.9166666666666665
1.0	2.0	0.0	0.0007953005667554092	3.1666666666666665
1.0	2.0	0.0	0.0008698905176123124	3.3333333333333335
1.0	1.0	0.0	0.0004918115314663721	4.833333333333333
1.0	3.0	0.0	0.0011627703494180846	2.5833333333333335
1.0	2.0	0.0	0.0008109890847833091	2.6666666666666665
1.0	3.0	0.0	0.0011924931402652029	3.0
1.0	2.0	0.0	0.0008043020765319897	3.5833333333333335
1.0	2.0	0.0	0.0008083302618563064	4.166666666666667
1.0	2.0	0.0	0.0008044286726363635	3.75
1.0	3.0	0.0	0.0013578337352264127	3.9166666666666665
1.0	1.0	0.0	0.00046019350139749277	6.2727272727272725
1.0	1.0	0.0	0.00046019350139749277	6.2727272727272725
1.0	1.0	0.0	0.00046019350139749277	6.2727272727272725
1.0	1.0	0.0	0.00043908047084321837	6.681818181818182
1.0	2.0	0.0	0.0007901764663206112	3.8636363636363638
1.0	2.0	0.0	0.0008393670174432046	4.545454545454546
1.0	1.0	0.0	0.00048287594476478476	6.2727272727272725
1.0	1.0	0.0	0.00048287594476478476	6.2727272727272725
1.0	3.0	0.0	0.0010969045137990494	3.409090909090909
1.0	3.0	0.0	0.001102214771972211	3.272727272727273
1.0	3.0	0.0	0.0011046345761062113	3.6818181818181817
1.0	3.0	0.0	0.0011564848667632963	4.636363636363637
1.0	2.0	0.0	0.0007618419553708636	3.8181818181818183
1.0	2.0	0.0	0.0007618419553708636	3.8181818181818183
1.0	2.0	0.0	0.0007710915264803989	4.2272727272727275
1.0	2.0	0.0	0.0007710915264803989	4.2272727272727275
1.0	2.0	0.0	0.0007692257394883285	4.363636363636363
1.0	2.0	0.0	0.0007692257394883285	4.363636363636363
1.0	4.0	0.0	0.0016679891193257276	5.318181818181818
1.0	2.0	0.0	0.0007846856119569818	5.045454545454546
1.0	2.0	0.0	0.0007846856119569818	5.045454545454546
1.0	3.0	0.0	0.001186382252294366	5.7272727272727275
1.0	3.0	0.0	0.0013275131155861394	5.318181818181818
1.0	2.0	0.0	0.0007474402596660029	6.1923076923076925
1.0	2.0	0.0	0.0008173858141250942	8.211538461538462
1.0	2.0	0.0	0.0007508820041622951	6.423076923076923
1.0	1.0	0.0	0.00043326853848269875	8.865384615384615
1.0	1.0	0.0	0.0004039005040451676	6.115384615384615
1.0	1.0	0.0	0.0004017011130716298	6.403846153846154
1.0	1.0	0.0	0.00040186307689963024	6.153846153846154
1.0	1.0	0.0	0.0004762888434552017	10.096153846153847
1.0	2.0	0.0	0.0007308374447502446	6.769230769230769
1.0	1.0	0.0	0.000419464015168994	8.461538461538462
1.0	3.0	0.0	0.001251234250278398	7.538461538461538
1.0	3.0	0.0	0.0012562041805917793	7.961538461538462
1.0	4.0	0.0	0.0015186588145162316	6.634615384615385
1.0	3.0	0.0	0.0011361961939194073	7.346153846153846
1.0	2.0	0.0	0.0007453748740213669	6.076923076923077
1.0	3.0	0.0	0.0010677917554201668	5.480769230769231
1.0	3.0	0.0	0.0011458436518178598	6.75
1.0	1.0	0.0	0.000425109528797394	7.615384615384615
1.0	3.0	0.0	0.0010406619615559599	5.038461538461538
1.0	3.0	0.0	0.0010652824982619621	5.596153846153846
1.0	3.0	0.0	0.0011466085381334388	7.0576923076923075
1.0	2.0	0.0	0.0007469407121634102	6.346153846153846
1.0	3.0	0.0	0.00102500254182137	5.0
1.0	3.0	0.0	0.001164896782288454	7.884615384615385
1.0	1.0	0.0	0.00042717491444203	7.730769230769231
1.0	2.0	0.0	0.000703166702264279	5.288461538461538
1.0	3.0	0.0	0.0011596577717839442	7.134615384615385
1.0	3.0	0.0	0.0010670858561421782	5.134615384615385
1.0	1.0	0.0	0.0004591994634538214	8.51923076923077
1.0	1.0	0.0	0.0004591994634538214	8.51923076923077
1.0	3.0	0.0	0.0010171097382954963	5.096153846153846
1.0	3.0	0.0	0.0010275141891582273	4.846153846153846
1.0	1.0	0.0	0.00043135026310873266	8.115384615384615
1.0	3.0	0.0	0.0010614443020968113	5.423076923076923
1.0	3.0	0.0	0.0010596368995764581	5.173076923076923
1.0	3.0	0.0	0.0013077357047408026	9.115384615384615
1.0	3.0	0.0	0.001033887209102788	5.75
1.0	3.0	0.0	0.0010239038240715574	5.5
1.0	1.0	0.0	0.00046070368654005595	8.942307692307692
1.0	1.0	0.0	0.00046070368654005595	8.942307692307692
1.0	3.0	0.0	0.0010364152872979295	6.019230769230769
1.0	1.0	0.0	0.0004762888434552017	10.096153846153847
1.0	2.0	0.0	0.0007243331768927493	6.5
1.0	3.0	0.0	0.0010610378245655763	6.769230769230769
1.0	3.0	0.0	0.0010986610045399393	7.019230769230769
1.0	3.0	0.0	0.0011175802041829153	7.480769230769231
1.0	1.0	0.0	0.000413739139625592	8.0
1.0	3.0	0.0	0.0011173059396453514	7.480769230769231
1.0	2.0	0.0	0.0007552427098806896	8.23076923076923
1.0	3.0	0.0	0.0012223390676694913	8.346153846153847
1.0	1.0	0.0	0.0004497150226584625	9.326923076923077
1.0	2.0	0.0	0.0008822002637248898	9.288461538461538
1.0	1.0	0.0	0.000481211214579	10.26923076923077
1.0	2.0	0.0	0.0007557260486638162	6.285714285714286
1.0	2.0	0.0	0.000751096115438188	6.163265306122449
1.0	1.0	0.0	0.00043461903902249077	8.612244897959183
1.0	1.0	0.0	0.00043329664821863286	8.571428571428571
1.0	1.0	0.0	0.0004044933228267328	5.959183673469388
1.0	1.0	0.0	0.00040178359461354933	6.081632653061225
1.0	1.0	0.0	0.0004020249007617413	5.877551020408164
1.0	2.0	0.0	0.0007308954505225114	6.408163265306122
1.0	1.0	0.0	0.00041948191977118985	8.081632653061224
1.0	3.0	0.0	0.001261782684365008	7.714285714285714
1.0	3.0	0.0	0.0012563240775489012	7.673469387755102
1.0	4.0	0.0	0.0015381987995467727	6.816326530612245
1.0	2.0	0.0	0.0007526039620779809	6.163265306122449
1.0	3.0	0.0	0.0011706098818797801	7.63265306122449
1.0	3.0	0.0	0.0010750553085359582	5.469387755102041
1.0	3.0	0.0	0.0011640232004160337	6.938775510204081
1.0	1.0	0.0	0.0004298825366987021	7.795918367346939
1.0	3.0	0.0	0.0010443607942610047	4.938775510204081
1.0	3.0	0.0	0.0010656386793986544	5.346938775510204
1.0	3.0	0.0	0.0011467190149542048	6.775510204081633
1.0	2.0	0.0	0.0007471479225935189	6.081632653061225
1.0	3.0	0.0	0.001026029675770073	4.775510204081633
1.0	3.0	0.0	0.001165056008010961	7.591836734693878
1.0	3.0	0.0	0.00115978167579852	6.857142857142857
1.0	2.0	0.0	0.0007043347738862074	5.142857142857143
1.0	1.0	0.0	0.00043300462328453744	7.918367346938775
1.0	3.0	0.0	0.0010686502972952988	4.979591836734694
1.0	3.0	0.0	0.0010176396028788873	4.816326530612245
1.0	1.0	0.0	0.0004619850723162313	8.693877551020408
1.0	1.0	0.0	0.0004619850723162313	8.693877551020408
1.0	3.0	0.0	0.0010284930557898165	4.612244897959184
1.0	1.0	0.0	0.00043141139819200913	7.836734693877551
1.0	3.0	0.0	0.0010618678412502884	5.1020408163265305
1.0	3.0	0.0	0.0010600022763833014	4.8979591836734695
1.0	3.0	0.0	0.0010340541703779834	5.387755102040816
1.0	3.0	0.0	0.0010241904552596365	5.183673469387755
1.0	1.0	0.0	0.00046072469154269044	8.653061224489797
1.0	1.0	0.0	0.00046072469154269044	8.653061224489797
1.0	3.0	0.0	0.001036500975127236	5.673469387755102
1.0	2.0	0.0	0.0007244488180557275	6.122448979591836
1.0	3.0	0.0	0.0010611327918024676	6.408163265306122
1.0	3.0	0.0	0.0010987248275681415	6.612244897959184
1.0	3.0	0.0	0.0011176144755662117	7.1020408163265305
1.0	1.0	0.0	0.00041377308786144456	7.591836734693878
1.0	3.0	0.0	0.0011173352473191531	7.1020408163265305
1.0	2.0	0.0	0.0007552755058563097	7.836734693877551
1.0	3.0	0.0	0.0012223677767590555	7.959183673469388
1.0	1.0	0.0	0.00044972040940266056	8.938775510204081
1.0	2.0	0.0	0.000882209438397807	8.89795918367347
1.0	1.0	0.0	0.0004812174291626742	9.877551020408163
1.0	2.0	1.0	0.0006769995512431339	5.777777777777778
1.0	2.0	0.0	0.0006714609542769575	5.055555555555555
1.0	2.0	1.0	0.0006846057644302077	6.25
1.0	2.0	0.0	0.0007390274572858499	4.833333333333333
1.0	2.0	0.0	0.000763485421162701	4.638888888888889
1.0	1.0	0.0	0.00043310753240460354	6.222222222222222
1.0	1.0	0.0	0.0004386820092336229	5.916666666666667
1.0	1.0	0.0	0.0004445769851406839	6.277777777777778
1.0	2.0	0.0	0.0008235862368280852	6.888888888888889
1.0	1.0	0.0	0.0004531833850474797	7.916666666666667
1.0	4.0	0.0	0.0013140577893916766	4.111111111111111
1.0	4.0	0.16666666666666666	0.0012833689240567324	4.833333333333333
1.0	4.0	0.0	0.0013091393105733255	4.027777777777778
1.0	3.0	0.0	0.0009768827394146962	4.638888888888889
1.0	3.0	0.0	0.0009823958198226295	5.111111111111111
1.0	3.0	0.0	0.0010199038999207793	4.416666666666667
1.0	3.0	0.3333333333333333	0.0009890959963198677	5.388888888888889
1.0	4.0	0.16666666666666666	0.0013523178436466942	6.166666666666667
1.0	2.0	0.0	0.0006929193746818095	4.805555555555555
1.0	2.0	1.0	0.0006769995512431339	5.777777777777778
1.0	2.0	0.0	0.0006842630668683124	5.055555555555555
1.0	2.0	0.0	0.0006997969599156512	5.555555555555555
1.0	1.0	0.0	0.000379329483583323	5.083333333333333
1.0	2.0	0.0	0.0007213361723414635	4.333333333333333
1.0	1.0	0.0	0.0003879083571446183	7.138888888888889
1.0	3.0	0.0	0.001165372633559487	5.25
1.0	3.0	0.0	0.0011822683074656718	4.944444444444445
1.0	2.0	0.0	0.0007978627202938322	5.666666666666667
1.0	3.0	0.0	0.0012047011739670466	5.305555555555555
1.0	3.0	0.0	0.0012165203126056415	5.722222222222222
1.0	2.0	0.0	0.0008110568064433567	6.027777777777778
1.0	2.0	0.0	0.0008194549905868641	6.138888888888889
1.0	1.0	0.0	0.0004490521388062586	6.694444444444445
1.0	2.0	0.0	0.0008176700040368292	6.333333333333333
1.0	2.0	0.0	0.0008220757410106422	6.555555555555555
1.0	2.0	0.0	0.0008214207489241361	6.638888888888889
1.0	3.0	0.0	0.0012305686858205237	6.944444444444445
1.0	2.0	1.0	0.0006759370760919868	6.205128205128205
1.0	2.0	0.0	0.0006696553069390278	5.512820512820513
1.0	2.0	1.0	0.0006831931190918268	6.743589743589744
1.0	2.0	0.0	0.0007374176580236002	5.128205128205129
1.0	2.0	0.0	0.0007344039349644982	4.871794871794871
1.0	2.0	1.0	0.0007295894068527547	5.948717948717949
1.0	1.0	0.0	0.00043216763660529356	6.410256410256411
1.0	1.0	0.0	0.00041662081351078503	6.051282051282051
1.0	1.0	0.0	0.00042756934312943083	6.897435897435898
1.0	2.0	0.0	0.0007915402665254481	6.564102564102564
1.0	1.0	0.0	0.00046863453470604626	8.435897435897436
1.0	4.0	0.0	0.0013095785412685383	4.512820512820513
1.0	4.0	0.0	0.0012982170571389279	4.461538461538462
1.0	4.0	0.16666666666666666	0.0012806857093040514	5.256410256410256
1.0	3.0	0.0	0.0009730188087558574	5.102564102564102
1.0	3.0	0.0	0.0009803558295881209	5.538461538461538
1.0	3.0	0.0	0.001017055679709012	4.769230769230769
1.0	3.0	0.3333333333333333	0.0009865660674764705	5.871794871794871
1.0	4.0	0.16666666666666666	0.001349412811603314	6.666666666666667
1.0	2.0	0.0	0.0006896264690448321	5.256410256410256
1.0	2.0	1.0	0.0006759370760919869	6.205128205128205
1.0	2.0	0.0	0.0006830010741548124	5.435897435897436
1.0	2.0	0.0	0.0006975448808251753	6.0256410256410255
1.0	1.0	0.0	0.00037821153129268567	5.487179487179487
1.0	2.0	0.0	0.0007062282678128346	4.666666666666667
1.0	1.0	0.0	0.0003872267306351682	7.641025641025641
1.0	3.0	0.0	0.0011606201049595166	5.435897435897436
1.0	3.0	0.0	0.0011101048340257636	5.076923076923077
1.0	3.0	0.3333333333333333	0.0010699418421654646	5.333333333333333
1.0	4.0	0.16666666666666666	0.0014447721867879707	5.615384615384615
1.0	2.0	0.0	0.0007939975659988412	5.717948717948718
1.0	3.0	0.0	0.00114567255792047	5.923076923076923
1.0	1.0	0.0	0.00040857581585202634	6.589743589743589
1.0	2.0	0.0	0.000802911987317647	5.9743589743589745
1.0	2.0	0.0	0.0007842575733424507	6.282051282051282
1.0	2.0	0.0	0.0008066835383429654	6.17948717948718
1.0	3.0	0.0	0.0011865643337347046	6.589743589743589
1.0	2.0	0.0	0.0008014503854611616	6.384615384615385
1.0	3.0	0.0	0.001281233161754193	7.461538461538462
1.0	1.0	0.0	0.00046863453470604626	8.435897435897436
1.0	2.0	1.0	0.0006759370760919868	6.205128205128205
1.0	2.0	0.0	0.0006696553069390278	5.512820512820513
1.0	2.0	1.0	0.0006831931190918268	6.743589743589744
1.0	2.0	0.0	0.0007374176580236002	5.128205128205129
1.0	2.0	0.0	0.0007344039349644982	4.871794871794871
1.0	2.0	1.0	0.0007295894068527547	5.948717948717949
1.0	1.0	0.0	0.00043216763660529356	6.410256410256411
1.0	1.0	0.0	0.00041662081351078503	6.051282051282051
1.0	1.0	0.0	0.00042756934312943083	6.897435897435898
1.0	2.0	0.0	0.0007915402665254481	6.564102564102564
1.0	1.0	0.0	0.00046863453470604626	8.435897435897436
1.0	4.0	0.0	0.0013095785412685383	4.512820512820513
1.0	4.0	0.0	0.0012982170571389279	4.461538461538462
1.0	4.0	0.16666666666666666	0.0012806857093040514	5.256410256410256
1.0	3.0	0.0	0.0009730188087558574	5.102564102564102
1.0	3.0	0.0	0.0009803558295881209	5.538461538461538
1.0	3.0	0.0	0.001017055679709012	4.769230769230769
1.0	3.0	0.3333333333333333	0.0009865660674764705	5.871794871794871
1.0	4.0	0.16666666666666666	0.001349412811603314	6.666666666666667
1.0	2.0	0.0	0.0006896264690448321	5.256410256410256
1.0	2.0	1.0	0.0006759370760919869	6.205128205128205
1.0	2.0	0.0	0.0006830010741548124	5.435897435897436
1.0	2.0	0.0	0.0006975448808251753	6.0256410256410255
1.0	1.0	0.0	0.00037821153129268567	5.487179487179487
1.0	2.0	0.0	0.0007062282678128346	4.666666666666667
1.0	1.0	0.0	0.0003872267306351682	7.641025641025641
1.0	3.0	0.0	0.0011606201049595166	5.435897435897436
1.0	3.0	0.0	0.0011101048340257636	5.076923076923077
1.0	3.0	0.3333333333333333	0.0010699418421654646	5.333333333333333
1.0	4.0	0.16666666666666666	0.0014447721867879707	5.615384615384615
1.0	2.0	0.0	0.0007939975659988412	5.717948717948718
1.0	3.0	0.0	0.00114567255792047	5.923076923076923
1.0	1.0	0.0	0.00040857581585202634	6.589743589743589
1.0	2.0	0.0	0.000802911987317647	5.9743589743589745
1.0	2.0	0.0	0.0007842575733424507	6.282051282051282
1.0	2.0	0.0	0.0008066835383429654	6.17948717948718
1.0	3.0	0.0	0.0011865643337347046	6.589743589743589
1.0	2.0	0.0	0.0008014503854611616	6.384615384615385
1.0	3.0	0.0	0.001281233161754193	7.461538461538462
1.0	1.0	0.0	0.00046863453470604626	8.435897435897436
1.0	4.0	0.0	0.0015170960746079684	5.7407407407407405
1.0	1.0	0.0	0.0004398420402698202	6.111111111111111
1.0	1.0	0.0	0.00042565413009137065	6.703703703703703
1.0	1.0	0.0	0.00042565413009137065	6.703703703703703
1.0	1.0	0.0	0.0004378342799311195	8.481481481481481
1.0	3.0	0.0	0.001125944488910759	6.333333333333333
1.0	2.0	0.0	0.0007745964278665255	5.0
1.0	2.0	0.0	0.0007982495470528103	5.444444444444445
1.0	2.0	0.0	0.0007957350333081784	5.814814814814815
1.0	2.0	0.0	0.0007766016713458535	7.148148148148148
1.0	2.0	0.0	0.0007766016713458535	7.148148148148148
1.0	2.0	0.0	0.0007923494693073623	7.962962962962963
1.0	2.0	0.0	0.0007923494693073623	7.962962962962963
1.0	2.0	0.0	0.0007953875747079052	8.777777777777779
1.0	3.0	0.0	0.001107666569076699	5.37037037037037
1.0	2.0	0.0	0.0007562491779664346	5.222222222222222
1.0	2.0	0.0	0.0007562491779664346	5.222222222222222
1.0	2.0	0.0	0.0007593726472231488	5.074074074074074
1.0	2.0	0.0	0.0007593726472231488	5.074074074074074
1.0	3.0	0.0	0.001113662652995807	4.925925925925926
1.0	3.0	0.0	0.0011857173884679468	5.148148148148148
1.0	3.0	0.0	0.0011451251069969064	6.777777777777778
1.0	2.0	0.0	0.0007856969609777837	6.2592592592592595
1.0	3.0	0.0	0.0011810619735602343	7.518518518518518
1.0	2.0	0.0	0.0007868050820672404	7.592592592592593
1.0	2.0	0.0	0.0007990013791675703	8.333333333333334
1.0	2.0	0.0	0.0007987363789018543	8.407407407407407
1.0	2.0	0.0	0.0008027580867227251	9.148148148148149
1.0	3.0	0.0	0.001229946520339375	5.827586206896552
1.0	1.0	0.0	0.00045335968275344674	6.793103448275862
1.0	1.0	0.0	0.0004777404924289669	7.344827586206897
1.0	1.0	0.0	0.0004476530067187497	6.655172413793103
1.0	1.0	0.0	0.00043896222383926883	8.379310344827585
1.0	1.0	0.0	0.0004452370208087753	9.827586206896552
1.0	2.0	0.0	0.0008111752729341642	5.551724137931035
1.0	2.0	0.0	0.0008005872045142649	8.172413793103448
1.0	2.0	0.0	0.0008005872045142649	8.172413793103448
1.0	2.0	0.0	0.0008448439731358144	7.620689655172414
1.0	2.0	0.0	0.000853181954939229	8.241379310344827
1.0	2.0	0.0	0.0008395892540814327	7.068965517241379
1.0	2.0	0.0	0.0008646367233712698	8.931034482758621
1.0	2.0	0.0	0.000833429717314239	6.586206896551724
1.0	2.0	0.0	0.0008826722108473211	9.689655172413794
1.0	2.0	0.0	0.0008289031173341953	6.172413793103448
1.0	2.0	0.0	0.0009111354832013948	10.517241379310345
1.0	2.0	0.0	0.0008168819489688613	5.620689655172414
1.0	3.0	0.0	0.0012083182355011174	5.482758620689655
1.0	2.0	0.0	0.0009559111979885783	11.413793103448276
1.0	2.0	0.0	0.0008781322136864983	6.379310344827586
1.0	1.0	0.0	0.0005139001996852778	12.379310344827585
1.0	3.0	0.0	0.0012092347044531863	5.689655172413793
1.0	2.0	0.0	0.0008033634917555446	5.9655172413793105
1.0	2.0	0.0	0.000787166502128137	6.310344827586207
1.0	3.0	0.0	0.001150022892581553	6.724137931034483
1.0	3.0	0.0	0.0011790891480759882	7.413793103448276
1.0	3.0	0.0	0.0011790891480759882	7.413793103448276
1.0	1.0	0.0	0.00043896222383926883	8.379310344827585
1.0	3.0	0.0	0.0011998990703176052	8.862068965517242
1.0	2.0	0.0	0.000871095158871031	6.342105263157895
1.0	1.0	0.0	0.0004457424068365494	6.421052631578948
1.0	2.0	0.0	0.0008330863263232083	6.342105263157895
1.0	2.0	0.0	0.0008652908925568979	6.5
1.0	1.0	0.0	0.0004259942095794193	6.7631578947368425
1.0	1.0	0.0	0.00043170638791350613	7.421052631578948
1.0	1.0	0.0	0.0004349284066167853	7.526315789473684
1.0	1.0	0.0	0.00048090040806139525	8.18421052631579
1.0	1.0	0.0	0.00044211349167777917	6.7631578947368425
1.0	2.0	0.0	0.0007795173758688978	5.7631578947368425
1.0	1.0	0.0	0.00048090040806139525	8.18421052631579
1.0	3.0	0.0	0.001197463981427635	5.421052631578948
1.0	2.0	0.0	0.0008002964193776975	5.473684210526316
1.0	3.0	0.0	0.0011900847264526388	5.526315789473684
1.0	3.0	0.0	0.0012074426233900002	5.447368421052632
1.0	3.0	0.0	0.0012104157910404357	5.473684210526316
1.0	2.0	0.0	0.0007783823494123929	5.631578947368421
1.0	1.0	0.0	0.0004408828840070585	6.5
1.0	2.0	0.0	0.0008056229066672877	5.526315789473684
1.0	1.0	0.0	0.0004467532085231336	6.447368421052632
1.0	3.0	0.0	0.0011240983053578647	5.684210526315789
1.0	3.0	0.0	0.0011968273648634688	5.552631578947368
1.0	3.0	0.0	0.0011730497445024864	5.526315789473684
1.0	3.0	0.0	0.0011421803905311942	5.7894736842105265
1.0	3.0	0.0	0.0011876442295296703	5.578947368421052
1.0	1.0	0.0	0.0004754148344797255	7.315789473684211
1.0	3.0	0.0	0.0011612397632744984	6.447368421052632
1.0	1.0	0.0	0.00044248173827793325	6.526315789473684
1.0	3.0	0.0	0.0011237953891308195	5.7105263157894735
1.0	3.0	0.0	0.0011701403163658472	6.552631578947368
1.0	2.0	0.0	0.0007723322908079038	6.473684210526316
1.0	2.0	0.0	0.0008042291477481501	5.684210526315789
1.0	2.0	0.0	0.0008108142150341861	5.7631578947368425
1.0	3.0	0.0	0.0013229893054981126	7.2105263157894735
1.0	3.0	0.0	0.0011941761096655426	5.7894736842105265
1.0	1.0	0.0	0.0004732814362790064	7.473684210526316
1.0	3.0	0.0	0.0012087829584456985	5.815789473684211
1.0	2.0	0.0	0.0008106000684441228	5.815789473684211
1.0	1.0	0.0	0.00044599768127253487	6.7894736842105265
1.0	2.0	0.0	0.0008590214072251557	11.6875
1.0	1.0	0.0	0.0004397657373785565	12.609375
1.0	2.0	0.0	0.000761590411833841	7.09375
1.0	2.0	0.0	0.0007530519330307761	8.484375
1.0	1.0	0.0	0.00041856658447113446	9.15625
1.0	1.0	0.0	0.00042494234856074677	8.171875
1.0	1.0	0.0	0.0004417815844752549	8.546875
1.0	1.0	0.0	0.00042700428775895277	8.921875
1.0	2.0	0.0	0.0008620038905751783	10.1875
1.0	1.0	0.0	0.00042517769265240765	8.6875
1.0	1.0	0.0	0.0004473725100414546	9.640625
1.0	2.0	0.0	0.0008753309369661761	9.875
1.0	1.0	0.0	0.000448125687568591	10.171875
1.0	3.0	0.0	0.001096673551069866	7.484375
1.0	3.0	0.0	0.0011268817416697392	9.078125
1.0	2.0	0.0	0.000773784452064264	9.90625
1.0	2.0	0.0	0.0007765403636285668	9.96875
1.0	2.0	0.0	0.0007669345021843379	8.34375
1.0	3.0	0.0	0.0011749213963537118	10.734375
1.0	2.0	0.0	0.0007893922164871953	10.796875
1.0	3.0	0.0	0.001186508440633723	11.625
1.0	3.0	0.0	0.0011517451116396797	7.640625
1.0	3.0	0.0	0.0011219732461614194	7.0
1.0	1.0	0.0	0.0004290390382672831	8.625
1.0	2.0	0.0	0.0007784296477483491	7.28125
1.0	3.0	0.0	0.0011541099169591453	9.0625
1.0	3.0	0.0	0.0010966035520210344	7.3125
1.0	4.0	0.0	0.0014892125041409687	8.171875
1.0	3.0	0.0	0.0011156317806830683	8.71875
1.0	2.0	0.0	0.0007751926919155329	9.375
1.0	2.0	0.0	0.0007667901109705792	9.609375
1.0	2.0	0.0	0.0007611996180105166	8.234375
1.0	3.0	0.0	0.0011375775414661088	7.1875
1.0	3.0	0.0	0.0011939826371871343	7.5625
1.0	2.0	0.0	0.0007614189652934302	8.40625
1.0	2.0	0.0	0.0007749528211429909	9.15625
1.0	2.0	0.0	0.0007748559955008393	9.328125
1.0	1.0	0.0	0.0004703783202014729	12.671875
1.0	2.0	0.0	0.0007721665558525985	8.984375
1.0	3.0	0.0	0.0011443492441843897	7.9375
1.0	3.0	0.0	0.0011387961759534858	7.703125
1.0	1.0	0.0	0.0004299668672959196	10.046875
1.0	3.0	0.0	0.0012079910420633197	7.859375
1.0	3.0	0.0	0.0011814681634724033	9.234375
1.0	1.0	0.0	0.0004460772891999495	8.84375
1.0	2.0	0.0	0.000810930685532299	8.140625
1.0	3.0	0.0	0.0012045683550133291	9.53125
1.0	3.0	0.0	0.0012156401805775777	8.390625
1.0	3.0	0.0	0.0012132459326062365	8.65625
1.0	1.0	0.0	0.0004454218653492176	10.515625
1.0	2.0	0.0	0.0008154121936828893	9.828125
1.0	3.0	0.0	0.001205516624766695	8.921875
1.0	1.0	0.0	0.0004718950132933567	11.171875
1.0	1.0	0.0	0.00044846543646612864	9.375
1.0	3.0	0.0	0.0012219121858544444	9.421875
1.0	3.0	0.0	0.0012161893686446024	9.1875
1.0	2.0	0.0	0.0008210379992287934	10.109375
1.0	2.0	0.0	0.0008202858917446781	9.65625
1.0	3.0	0.0	0.001230561588483692	9.84375
1.0	1.0	0.0	0.000450598701685506	10.40625
1.0	2.0	0.0	0.0008255972471356082	10.203125
1.0	2.0	0.0	0.0008252941088611086	10.0
1.0	1.0	0.0	0.0004532992301929514	10.828125
1.0	2.0	0.0	0.0008254304564519491	10.109375
1.0	1.0	0.0	0.0004772425074242079	10.859375
