Constant_feature	Degree	Clustering_coefficient	Pagerank	Aver_path_len
1.0	2.0	0.0	0.031474783778993	5.5
1.0	1.0	0.0	0.01734991347987393	5.464285714285714
1.0	1.0	0.0	0.016688807894875535	4.928571428571429
1.0	1.0	0.0	0.017674662214773887	6.214285714285714
1.0	1.0	0.0	0.017587382808069336	7.035714285714286
1.0	3.0	0.0	0.04203965172313052	3.7857142857142856
1.0	2.0	0.0	0.02883317858913278	4.071428571428571
1.0	3.0	0.0	0.041521232044928594	3.5357142857142856
1.0	3.0	0.0	0.04342380007040028	3.9642857142857144
1.0	4.0	0.0	0.06178673267005441	4.5
1.0	2.0	0.0	0.028653957346004157	4.0
1.0	3.0	0.0	0.041978870013027365	3.7857142857142856
1.0	3.0	0.0	0.04147417666768581	3.607142857142857
1.0	3.0	0.0	0.04351640206818775	4.214285714285714
1.0	2.0	0.0	0.02893237606137294	3.7857142857142856
1.0	3.0	0.0	0.04413433942504901	3.9642857142857144
1.0	3.0	0.0	0.04398283364074745	4.107142857142857
1.0	2.0	0.0	0.034375325654601926	5.392857142857143
1.0	2.0	0.0	0.03066617966395239	4.964285714285714
1.0	3.0	0.0	0.047420010132333074	5.25
1.0	3.0	0.0	0.04335223358880282	4.571428571428571
1.0	2.0	0.0	0.03318674934096702	5.0
1.0	3.0	0.0	0.043144880421786456	4.392857142857143
1.0	1.0	0.0	0.0189175674391561	6.357142857142857
1.0	2.0	0.0	0.030593544922868907	5.321428571428571
1.0	1.0	0.0	0.018382742698527656	5.964285714285714
1.0	2.0	0.0	0.03047678273645303	5.142857142857143
1.0	3.0	0.0	0.047128402039242207	6.071428571428571
1.0	2.0	0.0	0.03130248086500151	5.892857142857143
