Constant_feature	Degree	Clustering_coefficient	Pagerank	Aver_path_len
1.0	1.0	0.0	0.015484883645607576	6.875
1.0	1.0	0.0	0.016005673150769895	10.09375
1.0	2.0	0.0	0.027107192950877348	6.59375
1.0	1.0	0.0	0.016278612899986285	7.125
1.0	2.0	0.0	0.026981755919895593	5.0
1.0	2.0	0.0	0.02752383985875994	5.75
1.0	2.0	0.0	0.027313361131208486	5.65625
1.0	2.0	0.0	0.02814625114619749	6.6875
1.0	1.0	0.0	0.015691670530892942	7.4375
1.0	2.0	0.0	0.0275586822763857	6.1875
1.0	4.0	0.0	0.05226465258350532	5.25
1.0	2.0	0.0	0.026517766266595987	5.65625
1.0	2.0	0.0	0.026517766266595987	5.65625
1.0	3.0	0.0	0.039095619721132645	6.0625
1.0	2.0	0.0	0.026930741909417542	5.09375
1.0	2.0	0.0	0.029439790086998582	6.15625
1.0	2.0	0.0	0.027441901548090814	7.1875
1.0	3.0	0.0	0.03943880908854075	4.96875
1.0	3.0	0.0	0.04070927184905284	7.84375
1.0	3.0	0.0	0.03960852004929801	5.1875
1.0	2.0	0.0	0.028145432412363544	8.6875
1.0	2.0	0.0	0.028145432412363544	8.6875
1.0	3.0	0.0	0.04151341255343485	5.90625
1.0	3.0	0.0	0.04220262678912593	6.46875
1.0	2.0	0.0	0.028670788706409628	9.53125
1.0	2.0	0.0	0.028670788706409628	9.53125
1.0	2.0	0.0	0.028834485896920753	10.375
1.0	3.0	0.0	0.04078862651703974	6.78125
1.0	2.0	0.0	0.02817543823237002	7.5625
1.0	2.0	0.0	0.02817543823237002	7.5625
1.0	2.0	0.0	0.028684325379730646	8.34375
1.0	2.0	0.0	0.028684325379730646	8.34375
1.0	3.0	0.0	0.04325211590192114	9.125
