Constant_feature	Degree	Clustering_coefficient	Pagerank	Aver_path_len
1.0	1.0	0.0	0.01587295766926707	5.620689655172414
1.0	2.0	0.0	0.03318129819326639	5.586206896551724
1.0	2.0	0.0	0.03319692340806667	5.586206896551724
1.0	2.0	0.0	0.033185203125525364	5.551724137931035
1.0	2.0	0.0	0.03319772520980818	5.551724137931035
1.0	3.0	0.0	0.041450462943069116	4.689655172413793
1.0	4.0	0.0	0.05573256137948	4.655172413793103
1.0	3.0	0.0	0.040041029261017	3.586206896551724
1.0	2.0	0.0	0.027781331428377957	4.137931034482759
1.0	2.0	0.0	0.02916272999530216	5.517241379310345
1.0	2.0	0.0	0.029058432251789446	5.551724137931035
1.0	2.0	0.0	0.029532846767832126	5.9655172413793105
1.0	3.0	0.0	0.04008725774502404	3.5517241379310347
1.0	2.0	0.0	0.027898765498739406	4.103448275862069
1.0	3.0	0.0	0.040603362216198466	3.586206896551724
1.0	3.0	0.0	0.04062027459431207	3.5517241379310347
1.0	3.0	0.0	0.040802835541185994	3.586206896551724
1.0	3.0	0.0	0.0408094605413339	3.5517241379310347
1.0	2.0	0.0	0.02892349223986851	4.137931034482759
1.0	2.0	0.0	0.028931660669340747	4.103448275862069
1.0	2.0	0.0	0.02899342937849323	4.137931034482759
1.0	2.0	0.0	0.028995061978866036	4.103448275862069
1.0	3.0	0.0	0.04470022971410788	4.689655172413793
1.0	3.0	0.0	0.04472759766479745	4.689655172413793
1.0	3.0	0.0	0.04470428550180795	4.655172413793103
1.0	3.0	0.0	0.04473292112797049	4.655172413793103
1.0	1.0	0.0	0.018265416086888874	6.551724137931035
1.0	1.0	0.0	0.01827145080024544	6.551724137931035
1.0	1.0	0.0	0.018266155172709644	6.517241379310345
1.0	1.0	0.0	0.018272841895308412	6.517241379310345
