Constant_feature	Degree	Clustering_coefficient	Pagerank	Aver_path_len
1.0	1.0	0.0	0.0365583400024772	3.7857142857142856
1.0	1.0	0.0	0.0365583400024772	3.7857142857142856
1.0	2.0	0.0	0.06111160211836385	3.2857142857142856
1.0	2.0	0.0	0.06033657530955777	2.9285714285714284
1.0	3.0	0.0	0.08748952856314011	2.4285714285714284
1.0	3.0	0.0	0.08723349419392677	2.2857142857142856
1.0	3.0	0.0	0.09276927957444422	2.5714285714285716
1.0	3.0	0.0	0.09055827049247966	2.2142857142857144
1.0	3.0	0.0	0.09295439691820111	2.7142857142857144
1.0	2.0	0.0	0.060800696426968295	2.7857142857142856
1.0	3.0	0.0	0.09097820499300284	3.0
1.0	1.0	0.0	0.03449690164723333	3.5
1.0	1.0	0.0	0.034553508371581235	3.642857142857143
1.0	1.0	0.0	0.03395995784010639	3.9285714285714284
1.0	3.0	0.0	0.09964090354603997	2.857142857142857
