Constant_feature	Degree	Clustering_coefficient	Pagerank	Aver_path_len
1.0	2.0	0.0	0.012484142232749507	10.5
1.0	1.0	0.0	0.006984029902544995	10.712121212121213
1.0	2.0	0.0	0.01313455629550773	11.924242424242424
1.0	1.0	0.0	0.007247005515809039	9.818181818181818
1.0	1.0	0.0	0.006943803261422474	9.136363636363637
1.0	2.0	0.0	0.012724311918008224	10.878787878787879
1.0	1.0	0.0	0.007442021037977717	12.924242424242424
1.0	2.0	0.0	0.013239826720267496	12.393939393939394
1.0	1.0	0.0	0.0071745288530733285	10.06060606060606
1.0	1.0	0.0	0.00747785735356001	13.378787878787879
1.0	1.0	0.0	0.008243621772607299	14.696969696969697
1.0	2.0	0.0	0.012218904850259095	7.5606060606060606
1.0	2.0	0.0	0.012222558000876984	7.575757575757576
1.0	4.0	0.0	0.024377094524448865	9.181818181818182
1.0	4.0	0.0	0.024406279135404923	9.727272727272727
1.0	3.0	0.0	0.017929118350370025	8.015151515151516
1.0	3.0	0.0	0.01784845810120304	8.363636363636363
1.0	4.0	0.0	0.024007300700143556	7.757575757575758
1.0	3.0	0.0	0.017862265389153635	8.742424242424242
1.0	3.0	0.0	0.018132841409807594	9.818181818181818
1.0	3.0	0.0	0.019180560277532715	8.833333333333334
1.0	3.0	0.0	0.019012394764220196	10.393939393939394
1.0	2.0	0.0	0.012626194532523142	8.454545454545455
1.0	3.0	0.0	0.018051249248758047	7.7727272727272725
1.0	4.0	0.0	0.024674192627694366	11.075757575757576
1.0	2.0	0.0	0.012482954749065682	8.378787878787879
1.0	2.0	0.0	0.012291353506559181	9.333333333333334
1.0	2.0	0.0	0.01252630942224873	8.121212121212121
1.0	4.0	0.0	0.02423060719259975	8.151515151515152
1.0	4.0	0.0	0.024135730675778885	7.863636363636363
1.0	3.0	0.0	0.017913659253976054	8.56060606060606
1.0	2.0	0.0	0.012253652139339648	7.651515151515151
1.0	4.0	0.0	0.023595255190565784	9.484848484848484
1.0	1.0	0.0	0.006977167631421156	10.166666666666666
1.0	3.0	0.0	0.018105905995934958	7.848484848484849
1.0	3.0	0.0	0.01815406286315056	10.121212121212121
1.0	3.0	0.0	0.0177923286872343	9.0
1.0	2.0	0.0	0.01227123140806467	7.666666666666667
1.0	1.0	0.0	0.0068935889705880535	8.742424242424242
1.0	3.0	0.0	0.019831892914124058	11.93939393939394
1.0	2.0	0.0	0.012625794801062967	8.636363636363637
1.0	2.0	0.0	0.012518088665674033	8.545454545454545
1.0	1.0	0.0	0.007196213454340519	11.378787878787879
1.0	2.0	0.0	0.012556075355454508	8.257575757575758
1.0	2.0	0.0	0.012291088293630213	7.7272727272727275
1.0	3.0	0.0	0.017869304588420773	7.545454545454546
1.0	3.0	0.0	0.019008695452226734	10.803030303030303
1.0	3.0	0.0	0.01894143868016295	9.075757575757576
1.0	3.0	0.0	0.0178733618234333	7.5606060606060606
1.0	4.0	0.0	0.02706873667617691	12.757575757575758
1.0	2.0	0.0	0.013532319718575773	12.787878787878787
1.0	2.0	0.0	0.012289870341879951	7.712121212121212
1.0	2.0	0.0	0.012554526725820823	10.348484848484848
1.0	2.0	0.0	0.012527927097745068	10.196969696969697
1.0	4.0	0.0	0.02486486681639415	11.515151515151516
1.0	2.0	0.0	0.012479403896736527	9.787878787878787
1.0	1.0	0.0	0.006923789787771594	8.848484848484848
1.0	3.0	0.0	0.017888454380087064	7.590909090909091
1.0	3.0	0.0	0.017890286573810414	7.575757575757576
1.0	3.0	0.0	0.019950973058609933	12.393939393939394
1.0	1.0	0.0	0.0071953034674469485	11.787878787878787
1.0	2.0	0.0	0.015001856717371845	13.712121212121213
1.0	1.0	0.0	0.007582835994030891	13.742424242424242
1.0	4.0	0.0	0.02734656640273922	13.257575757575758
1.0	2.0	0.0	0.013630681311358554	13.272727272727273
1.0	1.0	0.0	0.007645361271231378	14.242424242424242
1.0	1.0	0.0	0.007645361271231378	14.242424242424242
