Constant_feature	Degree	Clustering_coefficient	Pagerank	Aver_path_len
1.0	1.0	0.0	0.009416867523074418	8.489795918367347
1.0	1.0	0.0	0.009544789342009254	7.26530612244898
1.0	2.0	0.0	0.017362692013609973	6.408163265306122
1.0	1.0	0.0	0.010521768055926178	8.326530612244898
1.0	2.0	0.0	0.018348852710165696	11.285714285714286
1.0	2.0	0.0	0.01784179281968864	6.938775510204081
1.0	1.0	0.0	0.010276036718322164	12.244897959183673
1.0	2.0	0.0	0.019907198022412295	8.122448979591837
1.0	2.0	0.0	0.017834544661196175	8.081632653061224
1.0	2.0	0.0	0.018386917385933458	9.428571428571429
1.0	1.0	0.0	0.010328021315352216	10.408163265306122
1.0	1.0	0.0	0.010475410699769178	11.142857142857142
1.0	1.0	0.0	0.010496828454697715	11.918367346938776
1.0	1.0	0.0	0.011226556812257586	12.081632653061224
1.0	4.0	0.0	0.0329630236150322	7.510204081632653
1.0	3.0	0.0	0.02444869310086554	7.061224489795919
1.0	4.0	0.0	0.03306549338948583	8.061224489795919
1.0	3.0	0.0	0.024468923438795732	6.6938775510204085
1.0	4.0	0.0	0.03318921195092828	6.408163265306122
1.0	4.0	0.0	0.03353048611373179	6.285714285714286
1.0	3.0	0.0	0.024848052365908323	8.73469387755102
1.0	2.0	0.0	0.017107026039467385	7.6938775510204085
1.0	2.0	0.0	0.017039384394164712	7.244897959183674
1.0	2.0	0.0	0.017142767185982656	8.306122448979592
1.0	2.0	0.0	0.017089950591612328	6.938775510204081
1.0	2.0	0.0	0.017235609593789145	6.653061224489796
1.0	2.0	0.0	0.0171686038067412	8.918367346938776
1.0	2.0	0.0	0.017291555666244726	6.408163265306122
1.0	1.0	0.0	0.009439579964110649	9.040816326530612
1.0	2.0	0.0	0.01715175516699164	6.285714285714286
1.0	2.0	0.0	0.017388615051964	6.408163265306122
1.0	3.0	0.0	0.025354879708915617	6.285714285714286
1.0	2.0	0.0	0.01893632197389868	7.346938775510204
1.0	3.0	0.0	0.02560867689890533	9.510204081632653
1.0	2.0	0.0	0.017939550312592457	10.408163265306122
1.0	2.0	0.0	0.0179586094572116	10.387755102040817
1.0	3.0	0.0	0.025850477522531515	6.571428571428571
1.0	3.0	0.0	0.027586809518767942	11.26530612244898
1.0	2.0	0.0	0.017800444889775946	6.8979591836734695
1.0	3.0	0.0	0.026813700402382134	7.183673469387755
1.0	3.0	0.0	0.026951536567987933	7.224489795918367
1.0	3.0	0.0	0.026156929659921623	7.551020408163265
1.0	1.0	0.0	0.010086066631061054	8.204081632653061
1.0	3.0	0.0	0.026628864293871124	8.653061224489797
1.0	1.0	0.0	0.010957624607565152	9.10204081632653
1.0	3.0	0.0	0.027758117858406046	9.428571428571429
1.0	3.0	0.0	0.02825330134385157	10.16326530612245
1.0	3.0	0.0	0.027998083917762	10.16326530612245
1.0	3.0	0.0	0.028320825188301306	10.938775510204081
1.0	2.0	0.0	0.020502171276059678	11.10204081632653
