Constant_feature	Degree	Clustering_coefficient	Pagerank	Aver_path_len
1.0	4.0	0.0	0.11206671548901487	2.625
1.0	4.0	0.0	0.12117912781052238	3.4375
1.0	1.0	0.0	0.031096929473395027	3.5625
1.0	1.0	0.0	0.031096929473395027	3.5625
1.0	1.0	0.0	0.03314815771546971	4.375
1.0	1.0	0.0	0.03314815771546971	4.375
1.0	3.0	0.0	0.08623092086017	2.6875
1.0	2.0	0.0	0.05901789259807861	3.0
1.0	2.0	0.0	0.06460895753513443	4.25
1.0	3.0	0.0	0.08112958174724254	2.9375
1.0	1.0	0.0	0.031752087823785365	3.625
1.0	2.0	0.0	0.055592735004047475	3.625
1.0	2.0	0.0	0.055592735004047475	3.625
1.0	2.0	0.0	0.05637932607011384	4.3125
1.0	2.0	0.0	0.05637932607011384	4.3125
1.0	2.0	0.0	0.0566245427560612	5.0
1.0	1.0	0.0	0.034955876853938396	5.1875
