Constant_feature	Degree	Clustering_coefficient	Pagerank	Aver_path_len
1.0	2.0	0.0	0.03529723627509355	3.7916666666666665
1.0	1.0	0.0	0.021093934048817268	5.166666666666667
1.0	3.0	0.0	0.04948484839947731	3.6666666666666665
1.0	2.0	0.0	0.03380423957672223	3.6666666666666665
1.0	2.0	0.0	0.041502436748017596	5.083333333333333
1.0	1.0	0.0	0.022676141827113246	6.041666666666667
1.0	3.0	0.0	0.04893288928038024	3.6666666666666665
1.0	3.0	0.0	0.049584801651149896	4.125
1.0	3.0	0.0	0.051063746846318855	3.5
1.0	3.0	0.0	0.05036111732399138	4.75
1.0	3.0	0.0	0.050415646518025756	3.4166666666666665
1.0	2.0	0.0	0.034412710964801446	4.291666666666667
1.0	2.0	0.0	0.03459412373852385	4.75
1.0	2.0	0.0	0.035103521867133176	4.916666666666667
1.0	2.0	0.0	0.035374322994496644	5.541666666666667
1.0	3.0	0.0	0.056980006182384156	4.208333333333333
1.0	2.0	0.0	0.0360625672634224	5.708333333333333
1.0	2.0	0.0	0.03594144481170763	4.25
1.0	2.0	0.0	0.03614649339229931	6.333333333333333
1.0	3.0	0.0	0.053520142913485606	4.791666666666667
1.0	2.0	0.0	0.03705514592474471	5.583333333333333
1.0	2.0	0.0	0.03705514592474471	5.583333333333333
1.0	2.0	0.0	0.037770643043174415	6.375
1.0	2.0	0.0	0.037770643043174415	6.375
1.0	2.0	0.0	0.03799604944080014	7.166666666666667
