Constant_feature	Degree	Clustering_coefficient	Pagerank	Aver_path_len
1.0	4.0	0.0	0.05798680300033704	3.4827586206896552
1.0	4.0	0.0	0.05858818250166965	3.7241379310344827
1.0	2.0	0.0	0.027413499103280406	3.7241379310344827
1.0	1.0	0.0	0.016380377019102294	4.448275862068965
1.0	1.0	0.0	0.016380377019102294	4.448275862068965
1.0	1.0	0.0	0.016516343615714624	4.689655172413793
1.0	1.0	0.0	0.016516343615714624	4.689655172413793
1.0	3.0	0.0	0.04024390310098012	3.8275862068965516
1.0	4.0	0.0	0.05381146757871371	4.0344827586206895
1.0	4.0	0.0	0.053364730198296184	3.0689655172413794
1.0	2.0	0.0	0.02744835688087781	3.586206896551724
1.0	3.0	0.0	0.040990168853803154	3.310344827586207
1.0	2.0	0.0	0.027702986935562543	3.7586206896551726
1.0	2.0	0.0	0.028949108685544615	4.862068965517241
1.0	2.0	0.0	0.028949108685544615	4.862068965517241
1.0	2.0	0.0	0.030016946810639437	5.689655172413793
1.0	2.0	0.0	0.030016946810639437	5.689655172413793
1.0	2.0	0.0	0.03034922430959463	6.517241379310345
1.0	3.0	0.0	0.043872540318627536	4.103448275862069
1.0	3.0	0.0	0.044103339358710386	4.344827586206897
1.0	2.0	0.0	0.030546436531017566	4.931034482758621
1.0	2.0	0.0	0.030546436531017566	4.931034482758621
1.0	2.0	0.0	0.030650018215229696	5.172413793103448
1.0	2.0	0.0	0.030650018215229696	5.172413793103448
1.0	2.0	0.0	0.031225968393661853	5.758620689655173
1.0	2.0	0.0	0.031225968393661853	5.758620689655173
1.0	2.0	0.0	0.03130581524467385	6.0
1.0	2.0	0.0	0.03130581524467385	6.0
1.0	2.0	0.0	0.031436280721793664	6.586206896551724
1.0	2.0	0.0	0.0315064881065854	6.827586206896552
