Constant_feature	Degree	Clustering_coefficient	Pagerank	Aver_path_len
1.0	4.0	0.0	0.08143691287045832	3.8181818181818183
1.0	1.0	0.0	0.022670815609460916	4.7727272727272725
1.0	1.0	0.0	0.022670815609460916	4.7727272727272725
1.0	1.0	0.0	0.024217620598871493	7.2727272727272725
1.0	1.0	0.0	0.024217620598871493	7.2727272727272725
1.0	1.0	0.0	0.02300186628800931	6.954545454545454
1.0	2.0	0.0	0.04123914925995347	3.8636363636363638
1.0	2.0	0.0	0.04126400327221027	4.0
1.0	3.0	0.0	0.06623212948786733	6.318181818181818
1.0	2.0	0.0	0.040842946675496636	5.318181818181818
1.0	3.0	0.0	0.062182302918515536	6.0
1.0	3.0	0.0	0.0590757739880026	4.045454545454546
1.0	2.0	0.0	0.040450437443553325	4.545454545454546
1.0	2.0	0.0	0.040450437443553325	4.545454545454546
1.0	3.0	0.0	0.06097688268587527	5.545454545454546
1.0	2.0	0.0	0.040843193100761094	5.045454545454546
1.0	2.0	0.0	0.040843193100761094	5.045454545454546
1.0	3.0	0.0	0.061192091199083753	4.2272727272727275
1.0	3.0	0.0	0.05947228110052881	4.636363636363637
1.0	1.0	0.0	0.022705994253330333	5.181818181818182
1.0	2.0	0.0	0.04085711560540737	5.409090909090909
1.0	2.0	0.0	0.04148634147099449	6.090909090909091
1.0	2.0	0.0	0.04167007541897283	6.7727272727272725
