Constant_feature	Degree	Clustering_coefficient	Pagerank	Aver_path_len
1.0	1.0	0.0	0.030447686040841585	4.294117647058823
1.0	1.0	0.0	0.030447686040841585	4.294117647058823
1.0	1.0	0.0	0.030774761516452052	4.764705882352941
1.0	1.0	0.0	0.030774761516452052	4.764705882352941
1.0	3.0	0.0	0.07298134474438206	3.1176470588235294
1.0	3.0	0.0	0.08297212010551083	3.3529411764705883
1.0	3.0	0.0	0.08406215250047946	3.823529411764706
1.0	2.0	0.0	0.050639921013032704	3.8823529411764706
1.0	2.0	0.0	0.05063992101303271	3.8823529411764706
1.0	2.0	0.0	0.0515338328432352	4.647058823529412
1.0	2.0	0.0	0.0515338328432352	4.647058823529412
1.0	3.0	0.0	0.07283071568023454	2.6470588235294117
1.0	3.0	0.0	0.07537398268289372	2.6470588235294117
1.0	2.0	0.0	0.05059930640119861	2.8823529411764706
1.0	3.0	0.0	0.07731219718924764	3.1176470588235294
1.0	2.0	0.0	0.0512804463806394	2.8823529411764706
1.0	3.0	0.0	0.07704561972611032	3.1176470588235294
1.0	1.0	0.0	0.028749711762180153	4.0588235294117645
