Constant_feature	Degree	Clustering_coefficient	Pagerank	Aver_path_len
1.0	1.0	0.0	0.023411085345199638	4.25
1.0	2.0	0.0	0.04879229930058129	4.65
1.0	1.0	0.0	0.024131635721855615	4.55
1.0	1.0	0.0	0.025343845736830073	4.85
1.0	2.0	0.0	0.042237382632174886	3.45
1.0	2.0	0.0	0.04196104910316153	3.2
1.0	2.0	0.0	0.042519345543781686	4.4
1.0	3.0	0.0	0.06035376326345705	3.3
1.0	3.0	0.0	0.060398919780371596	3.05
1.0	3.0	0.0	0.060547713887363686	3.9
1.0	3.0	0.0	0.06070834839641085	3.65
1.0	2.0	0.0	0.04103158705556719	3.65
1.0	3.0	0.0	0.062165202821245304	3.3
1.0	3.0	0.0	0.06359566422163362	3.35
1.0	3.0	0.0	0.06456705476512554	3.6
1.0	2.0	0.0	0.04246212016155507	4.65
1.0	2.0	0.0	0.04341479412168332	5.4
1.0	3.0	0.0	0.0686077693763765	3.9
1.0	2.0	0.0	0.043431512446079956	5.15
1.0	2.0	0.0	0.052108547993889094	5.5
1.0	1.0	0.0	0.02821035832565598	6.45
