Constant_feature	Degree	Clustering_coefficient	Pagerank	Aver_path_len
1.0	2.0	0.0	0.012673222433844323	10.215384615384615
1.0	1.0	0.0	0.007089747031634494	10.430769230769231
1.0	2.0	0.0	0.013333512045292543	11.63076923076923
1.0	1.0	0.0	0.0073563670307000145	9.553846153846154
1.0	1.0	0.0	0.00755478180062517	12.63076923076923
1.0	1.0	0.0	0.008368923533923572	14.4
1.0	2.0	0.0	0.012563591824329748	9.63076923076923
1.0	2.0	0.0	0.013385420233603926	11.076923076923077
1.0	1.0	0.0	0.007292149849392408	10.876923076923077
1.0	1.0	0.0	0.0075751878540025915	12.046153846153846
1.0	2.0	0.0	0.01238032693464881	7.369230769230769
1.0	2.0	0.0	0.012376907084870931	7.4
1.0	4.0	0.0	0.024745221403470158	8.907692307692308
1.0	4.0	0.0	0.024775694712073453	9.446153846153846
1.0	3.0	0.0	0.018197729639184954	7.769230769230769
1.0	3.0	0.0	0.018115950471298495	8.107692307692307
1.0	3.0	0.0	0.018131909516394974	8.476923076923077
1.0	4.0	0.0	0.024360293750805728	7.523076923076923
1.0	3.0	0.0	0.01840730971943655	9.538461538461538
1.0	3.0	0.0	0.019470134616899625	8.569230769230769
1.0	3.0	0.0	0.019300378904244225	10.107692307692307
1.0	2.0	0.0	0.012815802784314578	8.2
1.0	4.0	0.0	0.025048251545617413	10.784615384615385
1.0	3.0	0.0	0.01831751480773526	7.553846153846154
1.0	2.0	0.0	0.012670106327661738	8.138461538461538
1.0	2.0	0.0	0.012477053286802132	9.061538461538461
1.0	2.0	0.0	0.012712058355678634	7.892307692307693
1.0	1.0	0.0	0.007082681677464892	9.892307692307693
1.0	2.0	0.0	0.0124311680420577	7.430769230769231
1.0	3.0	0.0	0.020132854432652364	11.646153846153846
1.0	1.0	0.0	0.006996172924927461	8.507692307692308
1.0	2.0	0.0	0.012446442029275761	7.461538461538462
1.0	1.0	0.0	0.007305248426058692	11.092307692307692
1.0	4.0	0.0	0.027480080191069046	12.461538461538462
1.0	2.0	0.0	0.01373727478461664	12.492307692307692
1.0	3.0	0.0	0.018115752456887596	7.338461538461538
1.0	3.0	0.0	0.01812120684479457	7.369230769230769
1.0	2.0	0.0	0.015228934176080136	13.415384615384616
1.0	1.0	0.0	0.007697644499142986	13.446153846153846
1.0	4.0	0.0	0.02418460938979266	7.7384615384615385
1.0	3.0	0.0	0.018098634023459688	7.4
1.0	3.0	0.0	0.018087790235125873	7.430769230769231
1.0	3.0	0.0	0.018237806558725495	7.707692307692308
1.0	2.0	0.0	0.01238159986813784	7.584615384615384
1.0	2.0	0.0	0.012417449171446498	7.553846153846154
1.0	3.0	0.0	0.017877187671077464	8.046153846153846
1.0	2.0	0.0	0.012656956813676259	8.384615384615385
1.0	3.0	0.0	0.017961227927343587	8.723076923076922
1.0	3.0	0.0	0.018408283292769244	10.246153846153845
1.0	2.0	0.0	0.012597654853164376	8.692307692307692
1.0	4.0	0.0	0.025018025142549763	10.215384615384615
1.0	3.0	0.0	0.019220127727199117	10.892307692307693
1.0	3.0	0.0	0.018040352226968433	9.153846153846153
1.0	1.0	0.0	0.006955892775440599	8.723076923076922
1.0	3.0	0.0	0.01786952264252583	9.661538461538461
1.0	2.0	0.0	0.012814775675602491	10.446153846153846
1.0	3.0	0.0	0.01925767770599079	9.892307692307693
1.0	3.0	0.0	0.01806257715708053	8.984615384615385
1.0	2.0	0.0	0.012298184557037416	8.553846153846154
1.0	3.0	0.0	0.0202012982136554	11.061538461538461
1.0	3.0	0.0	0.020794268302878484	11.907692307692308
1.0	4.0	0.0	0.02773974304418956	11.907692307692308
1.0	1.0	0.0	0.007281043701274631	11.876923076923077
1.0	1.0	0.0	0.007753953615067245	12.892307692307693
1.0	1.0	0.0	0.007756174862153133	12.892307692307693
1.0	1.0	0.0	0.007756174862153133	12.892307692307693
