Constant_feature	Degree	Clustering_coefficient	Pagerank	Aver_path_len
1.0	1.0	0.0	0.023565507123063024	4.2
1.0	1.0	0.0	0.02322156281323981	4.15
1.0	3.0	0.0	0.0631042602465874	3.65
1.0	2.0	0.0	0.040580827832318374	3.3
1.0	3.0	0.0	0.05925495365250237	2.75
1.0	3.0	0.0	0.05970589051425936	3.1
1.0	3.0	0.0	0.05925983360002088	2.8
1.0	3.0	0.0	0.06071523322177941	3.55
1.0	3.0	0.0	0.06267843730618329	3.25
1.0	3.0	0.0	0.06031035804946293	3.6
1.0	3.0	0.0	0.060138744602617714	3.65
1.0	3.0	0.0	0.06153327338616074	3.2
1.0	2.0	0.0	0.04211609595733305	3.85
1.0	2.0	0.0	0.04246902264775668	4.3
1.0	1.0	0.0	0.023692991018090484	4.6
1.0	2.0	0.0	0.042330176740570505	4.35
1.0	2.0	0.0	0.042268070830601814	4.4
1.0	2.0	0.0	0.04320674583875854	4.6
1.0	2.0	0.0	0.04331527696756771	5.05
1.0	2.0	0.0	0.043274851791422125	5.1
1.0	2.0	0.0	0.04325788585970331	5.15
