Constant_feature	Degree	Clustering_coefficient	Pagerank	Aver_path_len
1.0	1.0	0.0	0.028445056483602137	4.611111111111111
1.0	3.0	0.0	0.07777933045458588	3.9444444444444446
1.0	2.0	0.0	0.05127863570353629	3.611111111111111
1.0	2.0	0.0	0.05074024808295824	3.6666666666666665
1.0	2.0	0.0	0.04957096821805844	4.722222222222222
1.0	2.0	0.0	0.054815346646397645	4.666666666666667
1.0	2.0	0.0	0.054815346646397645	4.666666666666667
1.0	2.0	0.0	0.0582641266540136	5.5
1.0	2.0	0.0	0.0582641266540136	5.5
1.0	3.0	0.0	0.07727193439042102	3.6666666666666665
1.0	1.0	0.0	0.03148180155890728	6.444444444444445
1.0	1.0	0.0	0.03148180155890728	6.444444444444445
1.0	3.0	0.0	0.072287640225022	4.111111111111111
1.0	2.0	0.0	0.04978364135486187	3.8333333333333335
1.0	3.0	0.0	0.07540080328770361	5.333333333333333
1.0	2.0	0.0	0.04959275103062717	4.833333333333333
1.0	2.0	0.0	0.05052675287356702	6.055555555555555
1.0	2.0	0.0	0.05031562419855149	5.444444444444445
1.0	1.0	0.0	0.027884063977867562	6.277777777777778
