Constant_feature	Degree	Clustering_coefficient	Pagerank	Aver_path_len
1.0	2.0	0.0	0.025097300417393456	7.594594594594595
1.0	1.0	0.0	0.01411241263936675	6.5675675675675675
1.0	1.0	0.0	0.01412887283226949	6.783783783783784
1.0	1.0	0.0	0.013983917450826432	7.918918918918919
1.0	1.0	0.0	0.014218642748294414	7.378378378378378
1.0	2.0	0.0	0.02713285570912874	8.891891891891891
1.0	1.0	0.0	0.01455226850807506	9.108108108108109
1.0	2.0	0.0	0.025621448959269544	6.027027027027027
1.0	2.0	0.0	0.025459205799493012	6.081081081081081
1.0	2.0	0.0	0.025632224589365427	5.594594594594595
1.0	2.0	0.0	0.024696458755123142	8.297297297297296
1.0	2.0	0.0	0.026216788381913075	7.486486486486487
1.0	4.0	0.0	0.05067697914598126	5.702702702702703
1.0	4.0	0.0	0.0503566762717694	6.405405405405405
1.0	2.0	0.0	0.027567819716623657	6.621621621621622
1.0	2.0	0.0	0.024928808146001562	10.837837837837839
1.0	2.0	0.0	0.024928808146001562	10.837837837837839
1.0	2.0	0.0	0.024620601703106464	9.945945945945946
1.0	2.0	0.0	0.024620601703106464	9.945945945945946
1.0	3.0	0.0	0.03827077095729968	5.594594594594595
1.0	3.0	0.0	0.035903490126647994	9.054054054054054
1.0	3.0	0.0	0.03840018380797638	5.648648648648648
1.0	1.0	0.0	0.014034385158343548	6.675675675675675
1.0	2.0	0.0	0.027445945046368596	7.324324324324325
1.0	3.0	0.0	0.038323714486044255	5.8108108108108105
1.0	1.0	0.0	0.01396191191459194	7.378378378378378
1.0	3.0	0.0	0.03784131223467914	6.945945945945946
1.0	1.0	0.0	0.015036617019394096	7.594594594594595
1.0	3.0	0.0	0.03862125565876457	6.405405405405405
1.0	3.0	0.0	0.038884343240043924	6.891891891891892
1.0	1.0	0.0	0.014151390897367095	6.621621621621622
1.0	1.0	0.0	0.014982180832761831	8.297297297297296
1.0	1.0	0.0	0.014296098821206436	7.864864864864865
1.0	4.0	0.0	0.05591841395447554	9.702702702702704
1.0	3.0	0.0	0.039738795775659586	8.135135135135135
1.0	1.0	0.0	0.0152121661484221	10.675675675675675
1.0	1.0	0.0	0.0152121661484221	10.675675675675675
1.0	1.0	0.0	0.0152121661484221	10.675675675675675
