Constant_feature	Degree	Clustering_coefficient	Pagerank	Aver_path_len
1.0	2.0	0.0	0.02303092011757225	5.72972972972973
1.0	1.0	0.0	0.012878296485918104	6.216216216216216
1.0	2.0	0.0	0.02270459293630283	6.594594594594595
1.0	2.0	0.0	0.022702117073716083	6.54054054054054
1.0	2.0	0.0	0.02659630625222348	6.945945945945946
1.0	2.0	0.0	0.02659630625222348	6.945945945945946
1.0	1.0	0.0	0.013582742708859008	7.702702702702703
1.0	2.0	0.0	0.02262851557520095	4.891891891891892
1.0	1.0	0.0	0.014778046426543777	10.18918918918919
1.0	3.0	0.0	0.031886270539323205	4.45945945945946
1.0	3.0	0.0	0.031899411438502404	4.405405405405405
1.0	3.0	0.0	0.03177257586642866	4.405405405405405
1.0	3.0	0.0	0.031519217339458144	4.297297297297297
1.0	3.0	0.0	0.03131016920744019	4.297297297297297
1.0	3.0	0.0	0.031242895533100636	4.243243243243243
1.0	2.0	0.0	0.022561198273561796	5.324324324324325
1.0	3.0	0.0	0.034156135759549476	5.243243243243243
1.0	3.0	0.0	0.033146477800300334	4.72972972972973
1.0	2.0	0.0	0.02171834366379289	5.0
1.0	2.0	0.0	0.021696183299202174	4.945945945945946
1.0	3.0	0.0	0.0323136169882265	5.702702702702703
1.0	3.0	0.0	0.032304490741358986	5.648648648648648
1.0	2.0	0.0	0.023254438143060257	5.4324324324324325
1.0	2.0	0.0	0.023400765726237095	5.4324324324324325
1.0	2.0	0.0	0.023400765726237095	5.4324324324324325
1.0	3.0	0.0	0.03480280389601777	6.027027027027027
1.0	3.0	0.0	0.03608011588799062	6.027027027027027
1.0	3.0	0.0	0.03608011588799062	6.027027027027027
1.0	2.0	0.0	0.023064584063311508	7.027027027027027
1.0	3.0	0.0	0.036506188114457834	6.72972972972973
1.0	2.0	0.0	0.024116994965614764	6.783783783783784
1.0	2.0	0.0	0.024116994965614764	6.783783783783784
1.0	2.0	0.0	0.024545725688622948	7.54054054054054
1.0	2.0	0.0	0.024545725688622948	7.54054054054054
1.0	3.0	0.0	0.03686814993074735	8.297297297297296
1.0	1.0	0.0	0.014599215161758751	7.918918918918919
1.0	1.0	0.0	0.014599215161758751	7.918918918918919
1.0	2.0	0.0	0.02699337071315127	9.216216216216216
