Constant_feature	Degree	Clustering_coefficient	Pagerank	Aver_path_len
1.0	1.0	0.0	0.035635777602222835	3.5384615384615383
1.0	3.0	0.0	0.08973344796481404	2.076923076923077
1.0	2.0	0.0	0.061429920483507865	2.4615384615384617
1.0	2.0	0.0	0.06330533708514313	3.0
1.0	4.0	0.0	0.12111825641955633	2.230769230769231
1.0	2.0	0.0	0.06323535934790717	2.8461538461538463
1.0	2.0	0.0	0.06409197277230556	3.1538461538461537
1.0	3.0	0.0	0.09497647272735169	2.6153846153846154
1.0	3.0	0.0	0.08948684743617458	2.1538461538461537
1.0	1.0	0.0	0.034394089491858	3.1538461538461537
1.0	3.0	0.0	0.0901214241023715	2.3846153846153846
1.0	2.0	0.0	0.06308590877551293	2.769230769230769
1.0	2.0	0.0	0.06465759131736727	3.3846153846153846
1.0	2.0	0.0	0.06472759447390683	3.6153846153846154
