Constant_feature	Degree	Clustering_coefficient	Pagerank	Aver_path_len
1.0	1.0	0.0	0.019619337345636798	4.76
1.0	1.0	0.0	0.02091953402731056	5.72
1.0	3.0	0.0	0.04857289152246595	3.56
1.0	2.0	0.0	0.03269529775100011	3.96
1.0	3.0	0.0	0.055005906199454245	4.2
1.0	2.0	0.0	0.039412226692961246	5.48
1.0	3.0	0.0	0.04746864200670015	3.48
1.0	3.0	0.0	0.04759191713500507	3.88
1.0	3.0	0.0	0.04924339375918173	4.04
1.0	3.0	0.0	0.049305398867103764	4.44
1.0	3.0	0.0	0.05257744510207275	3.8
1.0	2.0	0.0	0.03461971105394309	4.84
1.0	2.0	0.0	0.03461971105394309	4.84
1.0	2.0	0.0	0.034648384532928074	5.24
1.0	2.0	0.0	0.034648384532928074	5.24
1.0	2.0	0.0	0.03555482150748858	5.64
1.0	2.0	0.0	0.03555482150748858	5.64
1.0	3.0	0.0	0.05691191076156779	4.76
1.0	2.0	0.0	0.035846579750332244	6.44
1.0	1.0	0.0	0.020348119960846414	5.16
1.0	2.0	0.0	0.035575985152290365	6.04
1.0	2.0	0.0	0.035575985152290365	6.04
1.0	2.0	0.0	0.04109555668131584	6.28
1.0	2.0	0.0	0.03586619699565817	6.84
1.0	2.0	0.0	0.04336218424149299	7.16
1.0	1.0	0.0	0.023359656706594036	8.12
