Constant_feature	Degree	Clustering_coefficient	Pagerank	Aver_path_len
1.0	2.0	0.0	0.031631850013132	6.25
1.0	2.0	0.0	0.031631850013132	6.25
1.0	2.0	0.0	0.03305399615019975	6.107142857142857
1.0	2.0	0.0	0.03305399615019975	6.107142857142857
1.0	2.0	0.0	0.03458092948021399	7.5
1.0	2.0	0.0	0.03458092948021399	7.5
1.0	1.0	0.0	0.021174216340610372	12.214285714285714
1.0	1.0	0.0	0.021174216340610372	12.214285714285714
1.0	3.0	0.0	0.04588978895087081	5.535714285714286
1.0	3.0	0.0	0.04588978895087081	5.535714285714286
1.0	4.0	0.0	0.06407338646828191	6.571428571428571
1.0	2.0	0.0	0.03208985919275461	5.785714285714286
1.0	2.0	0.0	0.03208985919275461	5.785714285714286
1.0	1.0	0.0	0.017864854504556202	7.535714285714286
1.0	1.0	0.0	0.017864854504556202	7.535714285714286
1.0	2.0	0.0	0.03370191885746466	6.5
1.0	2.0	0.0	0.03370191885746466	6.5
1.0	2.0	0.0	0.03417457282029687	6.964285714285714
1.0	2.0	0.0	0.03417457282029687	6.964285714285714
1.0	2.0	0.0	0.035006514125723476	8.107142857142858
1.0	2.0	0.0	0.035006514125723476	8.107142857142858
1.0	2.0	0.0	0.0355514095930393	8.785714285714286
1.0	2.0	0.0	0.0355514095930393	8.785714285714286
1.0	2.0	0.0	0.0363305521648849	9.535714285714286
1.0	2.0	0.0	0.0363305521648849	9.535714285714286
1.0	2.0	0.0	0.03752375162672153	10.357142857142858
1.0	2.0	0.0	0.03752375162672153	10.357142857142858
1.0	2.0	0.0	0.039389092945390614	11.25
1.0	2.0	0.0	0.039389092945390614	11.25
