Constant_feature	Degree	Clustering_coefficient	Pagerank	Aver_path_len
1.0	1.0	0.0	0.020768934793022133	6.0
1.0	1.0	0.0	0.02088107492052486	6.791666666666667
1.0	1.0	0.0	0.021049550031535566	6.708333333333333
1.0	1.0	0.0	0.02098943422916561	7.5
1.0	4.0	0.0	0.07243769903762196	3.9583333333333335
1.0	1.0	0.0	0.020298044802801264	4.916666666666667
1.0	1.0	0.0	0.020298044802801264	4.916666666666667
1.0	3.0	0.0	0.05252924152199863	3.8333333333333335
1.0	3.0	0.0	0.051865936170918336	4.208333333333333
1.0	2.0	0.0	0.035813316857080724	3.9583333333333335
1.0	2.0	0.0	0.035813316857080724	3.9583333333333335
1.0	2.0	0.0	0.03567501379841682	4.083333333333333
1.0	2.0	0.0	0.03567501379841682	4.083333333333333
1.0	3.0	0.0	0.05252442175661311	4.583333333333333
1.0	3.0	0.0	0.05380232841880913	4.333333333333333
1.0	2.0	0.0	0.03663874007308842	5.208333333333333
1.0	2.0	0.0	0.036618285521323735	5.291666666666667
1.0	3.0	0.0	0.05589802129428666	5.041666666666667
1.0	2.0	0.0	0.03719071009205736	5.041666666666667
1.0	3.0	0.0	0.05626919149474459	5.833333333333333
1.0	2.0	0.0	0.03746733450911102	5.916666666666667
1.0	3.0	0.0	0.05683023964521955	5.75
1.0	2.0	0.0	0.037919709658235934	5.75
1.0	3.0	0.0	0.056632499469864594	6.541666666666667
1.0	2.0	0.0	0.03811389644526095	6.458333333333333
