Constant_feature	Degree	Clustering_coefficient	Pagerank	Aver_path_len
1.0	2.0	0.0	0.05188200017321957	2.9375
1.0	2.0	0.0	0.05198921734271176	3.6875
1.0	1.0	0.0	0.03202487467018543	4.6875
1.0	1.0	0.0	0.02888117395920036	3.6875
1.0	1.0	0.0	0.02888117395920036	3.6875
1.0	3.0	0.0	0.07461098200803387	2.5625
1.0	3.0	0.0	0.07461098200803386	2.5625
1.0	3.0	0.0	0.078717519009897	3.0625
1.0	2.0	0.0	0.05188200017321957	2.9375
1.0	3.0	0.0	0.07468042026180421	2.9375
1.0	3.0	0.0	0.08714621051121815	3.75
1.0	3.0	0.0	0.07666321981848123	2.75
1.0	3.0	0.0	0.07468042026180421	2.9375
1.0	3.0	0.0	0.07666321981848122	2.75
1.0	2.0	0.0	0.051989217342711766	3.6875
1.0	1.0	0.0	0.03202487467018543	4.6875
1.0	2.0	0.0	0.052672494011611795	4.1875
