Constant_feature	Degree	Clustering_coefficient	Pagerank	Aver_path_len
1.0	1.0	0.0	0.018038036122977358	6.185185185185185
1.0	4.0	0.0	0.06262234970972641	3.5185185185185186
1.0	1.0	0.0	0.01766199503766436	4.481481481481482
1.0	1.0	0.0	0.01766199503766436	4.481481481481482
1.0	3.0	0.0	0.04367005890560516	3.2222222222222223
1.0	2.0	0.0	0.029777507091236735	3.888888888888889
1.0	2.0	0.0	0.029768276931655804	4.148148148148148
1.0	3.0	0.0	0.04374360220869018	3.5555555555555554
1.0	3.0	0.0	0.0429486496073679	3.3703703703703702
1.0	3.0	0.0	0.04357075256895494	3.740740740740741
1.0	3.0	0.0	0.04292335097501846	3.6296296296296298
1.0	3.0	0.0	0.04720142589211977	4.037037037037037
1.0	2.0	0.0	0.031112013450305738	4.296296296296297
1.0	2.0	0.0	0.031109233574514693	4.481481481481482
1.0	3.0	0.0	0.04440338934211591	4.407407407407407
1.0	3.0	0.0	0.04440064688912838	4.666666666666667
1.0	2.0	0.0	0.03203830756489249	5.037037037037037
1.0	3.0	0.0	0.04822229218324128	5.222222222222222
1.0	2.0	0.0	0.03281983207306745	4.777777777777778
1.0	2.0	0.0	0.03281983207306745	4.777777777777778
1.0	2.0	0.0	0.03136132897545437	5.222222222222222
1.0	2.0	0.0	0.03135961337019682	5.481481481481482
1.0	3.0	0.0	0.050634244534033604	6.2592592592592595
1.0	2.0	0.0	0.033532284910279264	5.518518518518518
1.0	2.0	0.0	0.033532284910279264	5.518518518518518
1.0	2.0	0.0	0.03215198977584546	6.037037037037037
1.0	2.0	0.0	0.03215213680184448	6.296296296296297
1.0	1.0	0.0	0.01876256948305156	7.222222222222222
