Constant_feature	Degree	Clustering_coefficient	Pagerank	Aver_path_len
1.0	1.0	0.0	0.018529368850912997	6.285714285714286
1.0	1.0	0.0	0.016767774166822	4.821428571428571
1.0	2.0	0.0	0.03464518646684072	7.285714285714286
1.0	3.0	0.0	0.042862962347395964	3.75
1.0	2.0	0.0	0.02951838211179491	4.678571428571429
1.0	1.0	0.0	0.017034152190594395	5.928571428571429
1.0	3.0	0.0	0.04462978378413453	4.428571428571429
1.0	3.0	0.0	0.04245914134130438	4.178571428571429
1.0	2.0	0.0	0.029696243218322642	4.25
1.0	3.0	0.0	0.04243822313978893	3.892857142857143
1.0	3.0	0.0	0.042962760472326604	4.642857142857143
1.0	2.0	0.0	0.03351435123635957	5.321428571428571
1.0	2.0	0.0	0.029766105960230625	4.5
1.0	3.0	0.0	0.04370722954662469	5.25
1.0	3.0	0.0	0.04439782107813711	3.857142857142857
1.0	3.0	0.0	0.04528351458669368	4.964285714285714
1.0	2.0	0.0	0.030371008278783408	5.464285714285714
1.0	3.0	0.0	0.04333366902827494	4.107142857142857
1.0	2.0	0.0	0.030627707811921118	6.071428571428571
1.0	2.0	0.0	0.031182461106711933	6.285714285714286
1.0	2.0	0.0	0.029516683466957815	4.607142857142857
1.0	3.0	0.0	0.04356150265118411	5.035714285714286
1.0	2.0	0.0	0.031264809678866405	6.892857142857143
1.0	3.0	0.0	0.043566903039892836	5.107142857142857
1.0	2.0	0.0	0.03057883877210818	5.714285714285714
1.0	2.0	0.0	0.030593245735983942	5.785714285714286
1.0	3.0	0.0	0.04687411347258735	6.392857142857143
1.0	2.0	0.0	0.031277364026545226	6.464285714285714
1.0	1.0	0.0	0.019038692431898853	8.25
