Constant_feature	Degree	Clustering_coefficient	Pagerank	Aver_path_len
1.0	1.0	0.0	0.02273970568411193	4.333333333333333
1.0	1.0	0.0	0.02273970568411193	4.333333333333333
1.0	1.0	0.0	0.024904944657144965	5.9523809523809526
1.0	1.0	0.0	0.024904944657144965	5.9523809523809526
1.0	1.0	0.0	0.024904944657144965	5.9523809523809526
1.0	1.0	0.0	0.024904944657144965	5.9523809523809526
1.0	3.0	0.0	0.0678673551943413	5.0
1.0	3.0	0.0	0.0678673551943413	5.0
1.0	3.0	0.0	0.057284246045576304	3.1904761904761907
1.0	3.0	0.0	0.057284246045576304	3.1904761904761907
1.0	3.0	0.0	0.058140082292432144	3.2857142857142856
1.0	3.0	0.0	0.058140082292432144	3.2857142857142856
1.0	3.0	0.0	0.06064775638946558	3.380952380952381
1.0	3.0	0.0	0.06064775638946558	3.380952380952381
1.0	2.0	0.0	0.040246913259270406	3.6666666666666665
1.0	2.0	0.0	0.040246913259270406	3.6666666666666665
1.0	2.0	0.0	0.04047918685417208	3.761904761904762
1.0	2.0	0.0	0.04047918685417208	3.761904761904762
1.0	3.0	0.0	0.06163649999751405	4.238095238095238
1.0	3.0	0.0	0.06163649999751405	4.238095238095238
1.0	2.0	0.0	0.041148364968826096	4.142857142857143
1.0	2.0	0.0	0.041148364968826096	4.142857142857143
