Constant_feature	Degree	Clustering_coefficient	Pagerank	Aver_path_len
1.0	1.0	0.0	0.019069210752663233	5.04
1.0	2.0	0.0	0.0387345307611172	5.72
1.0	1.0	0.0	0.019162669309588203	5.08
1.0	1.0	0.0	0.01971344887912897	6.32
1.0	3.0	0.0	0.051279475792405736	4.6
1.0	2.0	0.0	0.03378858227136765	4.52
1.0	3.0	0.0	0.04859539098645364	3.52
1.0	3.0	0.0	0.04867732178422993	3.92
1.0	3.0	0.0	0.048434171137057655	3.44
1.0	3.0	0.0	0.048449335260888085	3.72
1.0	3.0	0.0	0.04936497918544855	4.48
1.0	3.0	0.0	0.04906602132147314	4.28
1.0	2.0	0.0	0.03295493670498079	3.44
1.0	3.0	0.0	0.05105474287959223	4.12
1.0	3.0	0.0	0.05074378877627499	4.08
1.0	2.0	0.0	0.034120588048997265	4.28
1.0	2.0	0.0	0.034397646460933566	4.84
1.0	3.0	0.0	0.052776125177373005	5.4
1.0	2.0	0.0	0.034316406426042764	4.64
1.0	3.0	0.0	0.052461672657218586	4.84
1.0	2.0	0.0	0.03451691493324665	5.2
1.0	1.0	0.0	0.01922978518248566	5.56
1.0	3.0	0.0	0.05289242400908264	5.36
1.0	2.0	0.0	0.035245685335178065	5.92
1.0	1.0	0.0	0.01967827494222915	6.36
1.0	1.0	0.0	0.02127587102454257	6.68
