Constant_feature	Degree	Clustering_coefficient	Pagerank	Aver_path_len
1.0	1.0	0.0	0.013900612422102778	8.894736842105264
1.0	1.0	0.0	0.01385601064956451	8.105263157894736
1.0	2.0	0.0	0.02410846344107853	10.210526315789474
1.0	1.0	0.0	0.015124164426499614	12.5
1.0	1.0	0.0	0.015124164426499614	12.5
1.0	1.0	0.0	0.013572976427816992	12.0
1.0	3.0	0.0	0.03779059191306084	7.921052631578948
1.0	3.0	0.0	0.038041687010757025	8.473684210526315
1.0	3.0	0.0	0.037671436927414655	7.473684210526316
1.0	2.0	0.0	0.02569538210970569	9.131578947368421
1.0	3.0	0.0	0.037641675756501444	7.131578947368421
1.0	1.0	0.0	0.013977307741523162	9.447368421052632
1.0	1.0	0.0	0.013866166528426361	8.447368421052632
1.0	3.0	0.0	0.03767983333147443	6.894736842105263
1.0	3.0	0.0	0.03905775601198699	9.842105263157896
1.0	1.0	0.0	0.013868606947936906	7.868421052631579
1.0	2.0	0.0	0.02520698613077208	6.7631578947368425
1.0	1.0	0.0	0.014282176932285093	10.81578947368421
1.0	2.0	0.0	0.026842238794682144	10.657894736842104
1.0	3.0	0.0	0.03779303019664862	6.684210526315789
1.0	3.0	0.0	0.037527914283801846	7.105263157894737
1.0	3.0	0.0	0.03620431659538745	10.210526315789474
1.0	3.0	0.0	0.03511868530267436	9.394736842105264
1.0	2.0	0.0	0.025197983645909014	6.921052631578948
1.0	2.0	0.0	0.025277690016257414	6.7105263157894735
1.0	1.0	0.0	0.013902481746937737	7.657894736842105
1.0	2.0	0.0	0.02527738719315263	6.7894736842105265
1.0	2.0	0.0	0.024855818908733028	7.394736842105263
1.0	3.0	0.0	0.03677608730387825	7.7368421052631575
1.0	3.0	0.0	0.04186429335891649	11.526315789473685
1.0	2.0	0.0	0.024098043861253027	8.789473684210526
1.0	1.0	0.0	0.013822775376589335	8.078947368421053
1.0	1.0	0.0	0.013425502367424706	11.18421052631579
1.0	2.0	0.0	0.02444141451367441	8.236842105263158
1.0	2.0	0.0	0.024493283111253025	11.026315789473685
1.0	2.0	0.0	0.02673085534648275	8.657894736842104
1.0	2.0	0.0	0.024594854772402044	11.842105263157896
1.0	3.0	0.0	0.03669657204576748	11.026315789473685
1.0	1.0	0.0	0.014592772122767352	9.631578947368421
