Constant_feature	Degree	Clustering_coefficient	Pagerank	Aver_path_len
1.0	0.0	0.0	0.0	0.0
1.0	2.0	0.0	0.022241383185458333	8.125
1.0	1.0	0.0	0.012262571897475597	8.1
1.0	1.0	0.0	0.01177192781704748	7.125
1.0	1.0	0.0	0.012493461228134037	8.925
1.0	1.0	0.0	0.012875680521822558	7.425
1.0	1.0	0.0	0.012941824920290505	11.725
1.0	3.0	0.0	0.029538437433902123	5.725
1.0	2.0	0.0	0.020167743554919935	5.975
1.0	2.0	0.0	0.02245276048207495	5.65
1.0	2.0	0.0	0.02297905352728403	6.025
1.0	1.0	0.0	0.012860940748304905	7.95
1.0	4.0	0.0	0.043658548004030726	7.125
1.0	3.0	0.0	0.030651419056560138	6.45
1.0	3.0	0.0	0.029174239830427336	5.55
1.0	2.0	0.0	0.020032281809101805	5.575
1.0	3.0	0.0	0.030714968898495384	6.625
1.0	3.0	0.0	0.029104735478796374	5.125
1.0	3.0	0.0	0.02899827136020259	5.3
1.0	2.0	0.0	0.02038628504572173	6.025
1.0	3.0	0.0	0.031110527998031396	6.15
1.0	2.0	0.0	0.024298725771873544	8.05
1.0	2.0	0.0	0.0216628188860848	7.45
1.0	3.0	0.0	0.033516078146507006	7.95
1.0	3.0	0.0	0.02984028257443424	5.05
1.0	3.0	0.0	0.029989470520442138	5.725
1.0	3.0	0.0	0.030098001726424812	5.9
1.0	1.0	0.0	0.013373057139281788	9.025
1.0	2.0	0.0	0.02149428668846495	5.325
1.0	2.0	0.0	0.021265470174006762	6.6
1.0	2.0	0.0	0.02130282519559202	6.775
1.0	2.0	0.0	0.02184285112426356	7.475
1.0	2.0	0.0	0.021854880295563785	7.65
1.0	3.0	0.0	0.034737717123683204	6.975
1.0	2.0	0.0	0.02286320559655362	7.6
1.0	3.0	0.0	0.0347906122795012	6.45
1.0	3.0	0.0	0.033338498798776955	8.275
1.0	2.0	0.0	0.022903491874793163	9.1
1.0	2.0	0.0	0.022903491874793163	9.1
1.0	2.0	0.0	0.023247667990345933	9.925
1.0	2.0	0.0	0.023247667990345933	9.925
1.0	3.0	0.0	0.03501183543018514	10.75
