Constant_feature	Degree	Clustering_coefficient	Pagerank	Aver_path_len
1.0	1.0	0.0	0.01763210646947534	8.482758620689655
1.0	1.0	0.0	0.016733027388859407	5.517241379310345
1.0	1.0	0.0	0.016785107938437474	4.758620689655173
1.0	3.0	0.0	0.04305365163398801	4.551724137931035
1.0	3.0	0.0	0.04527833479366202	4.896551724137931
1.0	2.0	0.0	0.02959963478510875	4.551724137931035
1.0	2.0	0.0	0.030634800981060778	6.275862068965517
1.0	2.0	0.0	0.030634800981060778	6.275862068965517
1.0	2.0	0.0	0.03003525214492097	5.413793103448276
1.0	2.0	0.0	0.03003525214492097	5.413793103448276
1.0	3.0	0.0	0.042296675185151095	3.8620689655172415
1.0	3.0	0.0	0.04215694624977519	3.5172413793103448
1.0	3.0	0.0	0.04466477198579959	4.551724137931035
1.0	3.0	0.0	0.0422779673902859	3.8620689655172415
1.0	3.0	0.0	0.04484071879491966	3.793103448275862
1.0	3.0	0.0	0.0432559654325253	4.482758620689655
1.0	1.0	0.0	0.016916553869844878	5.862068965517241
1.0	2.0	0.0	0.030560860428713775	4.206896551724138
1.0	2.0	0.0	0.03026682383820921	5.310344827586207
1.0	2.0	0.0	0.03026682383820921	5.310344827586207
1.0	2.0	0.0	0.03061419212316941	4.689655172413793
1.0	2.0	0.0	0.031013579637643934	6.137931034482759
1.0	2.0	0.0	0.031013579637643934	6.137931034482759
1.0	2.0	0.0	0.031246137923921457	6.9655172413793105
1.0	3.0	0.0	0.04509069699697761	5.241379310344827
1.0	2.0	0.0	0.03109235330694288	6.0
1.0	2.0	0.0	0.03109235330694288	6.0
1.0	2.0	0.0	0.03162291205615932	6.758620689655173
1.0	2.0	0.0	0.03162291205615932	6.758620689655173
1.0	3.0	0.0	0.047665206679511005	7.517241379310345
