Constant_feature	Degree	Clustering_coefficient	Pagerank	Aver_path_len
1.0	1.0	0.0	0.017715442102562873	5.074074074074074
1.0	2.0	0.0	0.032306246899020875	4.333333333333333
1.0	1.0	0.0	0.01792325194448265	4.851851851851852
1.0	3.0	0.0	0.04533111380799319	3.5925925925925926
1.0	2.0	0.0	0.031162467920044925	4.37037037037037
1.0	2.0	0.0	0.031182574198845524	4.2592592592592595
1.0	4.0	0.0	0.058950494932334965	3.5555555555555554
1.0	2.0	0.0	0.031458130217146545	4.37037037037037
1.0	2.0	0.0	0.031458130217146545	4.37037037037037
1.0	3.0	0.0	0.04489138224520883	3.8518518518518516
1.0	2.0	0.0	0.03249548146873976	5.185185185185185
1.0	2.0	0.0	0.03249548146873976	5.185185185185185
1.0	2.0	0.0	0.032817135198112045	6.0
1.0	3.0	0.0	0.04708259896544116	4.962962962962963
1.0	2.0	0.0	0.032761668968004885	5.777777777777778
1.0	2.0	0.0	0.032761668968004885	5.777777777777778
1.0	2.0	0.0	0.03348309045969068	6.592592592592593
1.0	2.0	0.0	0.03348309045969068	6.592592592592593
1.0	2.0	0.0	0.0337040948599138	7.407407407407407
1.0	3.0	0.0	0.047147442925725425	4.111111111111111
1.0	3.0	0.0	0.04784011998286607	3.888888888888889
1.0	3.0	0.0	0.04794419743850008	4.851851851851852
1.0	2.0	0.0	0.03314905221904072	5.592592592592593
1.0	2.0	0.0	0.03314905221904072	5.592592592592593
1.0	2.0	0.0	0.03376644951838488	6.333333333333333
1.0	2.0	0.0	0.03376644951838488	6.333333333333333
1.0	3.0	0.0	0.050924596247660325	7.074074074074074
1.0	1.0	0.0	0.018849094629272044	8.037037037037036
