Constant_feature	Degree	Clustering_coefficient	Pagerank	Aver_path_len
1.0	2.0	0.0	0.05319126774654072	4.333333333333333
1.0	2.0	0.0	0.04727533504508473	3.8333333333333335
1.0	1.0	0.0	0.028306995041427408	4.777777777777778
1.0	2.0	0.0	0.04919456256123419	3.5555555555555554
1.0	4.0	0.0	0.11060139057899576	4.944444444444445
1.0	1.0	0.0	0.03014743059985015	5.888888888888889
1.0	1.0	0.0	0.03014743059985015	5.888888888888889
1.0	1.0	0.0	0.03014743059985015	5.888888888888889
1.0	3.0	0.0	0.068021788617676	3.611111111111111
1.0	3.0	0.0	0.07681531230554968	3.8333333333333335
1.0	3.0	0.0	0.06962628693232842	3.388888888888889
1.0	3.0	0.0	0.06894337652589991	4.0
1.0	2.0	0.0	0.046557190691015375	3.5
1.0	2.0	0.0	0.0469437180478176	3.9444444444444446
1.0	2.0	0.0	0.04808212197650556	4.722222222222222
1.0	2.0	0.0	0.04808212197650556	4.722222222222222
1.0	2.0	0.0	0.049190664802198664	5.444444444444445
1.0	2.0	0.0	0.049190664802198664	5.444444444444445
1.0	2.0	0.0	0.04953491054947115	6.166666666666667
