Constant_feature	Degree	Clustering_coefficient	Pagerank	Aver_path_len
1.0	2.0	0.0	0.04174641469009131	4.142857142857143
1.0	1.0	0.0	0.023988104620988333	5.095238095238095
1.0	2.0	0.0	0.04067594298255191	6.0
1.0	2.0	0.0	0.04119839882874841	6.0476190476190474
1.0	2.0	0.0	0.046826722682117974	6.0476190476190474
1.0	2.0	0.0	0.04608807884417487	5.476190476190476
1.0	2.0	0.0	0.04786696193584125	6.714285714285714
1.0	2.0	0.0	0.04549334062021445	5.0
1.0	2.0	0.0	0.04944675227716736	7.476190476190476
1.0	2.0	0.0	0.04490432230574479	4.619047619047619
1.0	2.0	0.0	0.05191010877696671	8.333333333333334
1.0	2.0	0.0	0.04419564411138549	4.333333333333333
1.0	1.0	0.0	0.027905830724866687	9.285714285714286
1.0	3.0	0.0	0.06480736492520395	4.142857142857143
1.0	3.0	0.0	0.05919357070738214	4.238095238095238
1.0	3.0	0.0	0.05824381686455893	4.619047619047619
1.0	3.0	0.0	0.05863701861042794	5.238095238095238
1.0	3.0	0.0	0.06116247278867542	5.333333333333333
1.0	2.0	0.0	0.040866223418630845	5.0
1.0	2.0	0.0	0.04069913992659456	6.0
1.0	2.0	0.0	0.04124948913927717	5.619047619047619
1.0	1.0	0.0	0.022894280218389258	6.285714285714286
