Constant_feature	Degree	Clustering_coefficient	Pagerank	Aver_path_len
1.0	1.0	0.0	0.021167255474037822	7.208333333333333
1.0	1.0	0.0	0.021230974152144123	7.833333333333333
1.0	2.0	0.0	0.03909384370306651	5.125
1.0	1.0	0.0	0.021453745539329324	5.75
1.0	1.0	0.0	0.020942147914407593	6.666666666666667
1.0	1.0	0.0	0.021161970110849856	7.291666666666667
1.0	3.0	0.0	0.054863125278402994	5.166666666666667
1.0	2.0	0.0	0.03762116950624127	5.791666666666667
1.0	2.0	0.0	0.03904548356619938	4.916666666666667
1.0	2.0	0.0	0.03854997830136981	5.791666666666667
1.0	2.0	0.0	0.03783654403787099	6.25
1.0	2.0	0.0	0.03776000114866615	4.958333333333333
1.0	2.0	0.0	0.038445439457217075	4.833333333333333
1.0	2.0	0.0	0.03893865707468945	5.416666666666667
1.0	3.0	0.0	0.054967534314674174	6.791666666666667
1.0	3.0	0.0	0.05818048990885235	4.791666666666667
1.0	3.0	0.0	0.0564746262876027	5.708333333333333
1.0	2.0	0.0	0.0377102134812368	7.583333333333333
1.0	2.0	0.0	0.0377102134812368	7.583333333333333
1.0	3.0	0.0	0.057223427531125554	6.25
1.0	3.0	0.0	0.05720580473312534	6.333333333333333
1.0	3.0	0.0	0.05743732314551719	6.875
1.0	2.0	0.0	0.03826942743488304	8.375
1.0	2.0	0.0	0.03826942743488304	8.375
1.0	2.0	0.0	0.038441176982370415	9.166666666666666
