Constant_feature	Degree	Clustering_coefficient	Pagerank	Aver_path_len
1.0	4.0	0.0	0.09872516954582788	5.25
1.0	2.0	0.0	0.04754078822172007	4.25
1.0	1.0	0.0	0.02577505069487416	4.85
1.0	1.0	0.0	0.027253353261499233	5.55
1.0	2.0	0.0	0.048369492316262766	4.7
1.0	1.0	0.0	0.02697562617107082	6.2
1.0	1.0	0.0	0.02697562617107082	6.2
1.0	2.0	0.0	0.052540172488859116	6.1
1.0	1.0	0.0	0.028404419804570438	7.05
1.0	3.0	0.0	0.0700454292929649	3.9
1.0	3.0	0.0	0.06897057749640365	3.75
1.0	2.0	0.0	0.04601001376381689	3.9
1.0	3.0	0.0	0.06534177168176615	4.95
1.0	2.0	0.0	0.04568017666799938	4.15
1.0	2.0	0.0	0.04492127237605491	4.5
1.0	2.0	0.0	0.04485152552673818	5.7
1.0	2.0	0.0	0.04485152552673818	5.7
1.0	2.0	0.0	0.045525315898503116	6.45
1.0	2.0	0.0	0.045525315898503116	6.45
1.0	2.0	0.0	0.04573537255401833	7.2
1.0	2.0	0.0	0.04998200464073771	4.6
