Constant_feature	Degree	Clustering_coefficient	Pagerank	Aver_path_len
1.0	1.0	0.0	0.012837094623214005	11.025641025641026
1.0	1.0	0.0	0.012837094623214005	11.025641025641026
1.0	1.0	0.0	0.013507589117644582	9.64102564102564
1.0	1.0	0.0	0.013507589117644582	9.64102564102564
1.0	1.0	0.0	0.013507589117644582	9.64102564102564
1.0	1.0	0.0	0.013507589117644582	9.64102564102564
1.0	2.0	0.0	0.021472439855350797	7.384615384615385
1.0	2.0	0.0	0.021472439855350797	7.384615384615385
1.0	3.0	0.0	0.031499036460369376	6.0
1.0	3.0	0.0	0.031499036460369376	6.0
1.0	3.0	0.0	0.031467214816424234	6.461538461538462
1.0	3.0	0.0	0.031467214816424234	6.461538461538462
1.0	3.0	0.0	0.03141465368624427	6.769230769230769
1.0	3.0	0.0	0.03141465368624427	6.769230769230769
1.0	3.0	0.0	0.0320259593108798	8.41025641025641
1.0	3.0	0.0	0.0320259593108798	8.41025641025641
1.0	3.0	0.0	0.03182974975372672	7.846153846153846
1.0	3.0	0.0	0.03182974975372672	7.846153846153846
1.0	2.0	0.0	0.021721244499493114	6.153846153846154
1.0	2.0	0.0	0.021721244499493114	6.153846153846154
1.0	2.0	0.0	0.021721244499493114	6.153846153846154
1.0	2.0	0.0	0.021721244499493114	6.153846153846154
1.0	3.0	0.0	0.03292706431267149	7.794871794871795
1.0	3.0	0.0	0.03292706431267149	7.794871794871795
1.0	2.0	0.0	0.021715129761871198	6.3076923076923075
1.0	2.0	0.0	0.021715129761871198	6.3076923076923075
1.0	2.0	0.0	0.021715129761871198	6.3076923076923075
1.0	2.0	0.0	0.021715129761871198	6.3076923076923075
1.0	2.0	0.0	0.0218016358850532	7.333333333333333
1.0	2.0	0.0	0.0218016358850532	7.333333333333333
1.0	2.0	0.0	0.022445390311321072	9.23076923076923
1.0	2.0	0.0	0.022445390311321072	9.23076923076923
1.0	2.0	0.0	0.0223508794977486	8.666666666666666
1.0	2.0	0.0	0.0223508794977486	8.666666666666666
1.0	3.0	0.0	0.034455191076621525	10.051282051282051
1.0	3.0	0.0	0.034455191076621525	10.051282051282051
1.0	2.0	0.0	0.022895506562561802	9.487179487179487
1.0	2.0	0.0	0.022895506562561802	9.487179487179487
1.0	3.0	0.0	0.03669025708979519	8.666666666666666
1.0	3.0	0.0	0.03669025708979519	8.666666666666666
