Constant_feature	Degree	Clustering_coefficient	Pagerank	Aver_path_len
1.0	2.0	0.0	0.037111616268317944	4.173913043478261
1.0	1.0	0.0	0.02130200038339746	4.869565217391305
1.0	2.0	0.0	0.03864066919005091	4.260869565217392
1.0	1.0	0.0	0.021019178697335772	4.956521739130435
1.0	3.0	0.0	0.053642296222423794	4.3478260869565215
1.0	3.0	0.0	0.053559872790727533	4.086956521739131
1.0	3.0	0.0	0.055689049872501784	4.869565217391305
1.0	3.0	0.0	0.05463596440961368	3.739130434782609
1.0	2.0	0.0	0.0366252686306225	3.9130434782608696
1.0	2.0	0.0	0.04072024617350593	5.6521739130434785
1.0	2.0	0.0	0.037376895594618376	4.869565217391305
1.0	2.0	0.0	0.03801609353000674	5.6521739130434785
1.0	3.0	0.0	0.056174434372036064	4.0
1.0	2.0	0.0	0.03809270514325478	5.391304347826087
1.0	2.0	0.0	0.03852932036736814	4.695652173913044
1.0	3.0	0.0	0.05711626462214897	3.9130434782608696
1.0	3.0	0.0	0.05658420510702781	5.217391304347826
1.0	2.0	0.0	0.04410037942426451	6.521739130434782
1.0	2.0	0.0	0.03897565004860338	6.0
1.0	2.0	0.0	0.03897565004860338	6.0
1.0	2.0	0.0	0.039632179356753866	6.782608695652174
1.0	2.0	0.0	0.039632179356753866	6.782608695652174
1.0	2.0	0.0	0.03983493068780356	7.565217391304348
1.0	1.0	0.0	0.024012949702259093	7.478260869565218
