Constant_feature	Degree	Clustering_coefficient	Pagerank	Aver_path_len
1.0	1.0	0.0	0.022702372439309376	4.636363636363637
1.0	1.0	0.0	0.024034900763736086	6.2727272727272725
1.0	1.0	0.0	0.024034900763736086	6.2727272727272725
1.0	1.0	0.0	0.023412282700043724	4.681818181818182
1.0	1.0	0.0	0.025352626950764595	6.454545454545454
1.0	3.0	0.0	0.0588999384045627	4.0
1.0	2.0	0.0	0.042143599412035035	3.590909090909091
1.0	2.0	0.0	0.044518191052222454	4.7272727272727275
1.0	3.0	0.0	0.060043414265290126	4.545454545454546
1.0	2.0	0.0	0.04075290294974829	5.363636363636363
1.0	2.0	0.0	0.04087095591851879	5.5
1.0	2.0	0.0	0.04040950324249859	4.818181818181818
1.0	3.0	0.0	0.061180713167728926	3.6818181818181817
1.0	3.0	0.0	0.06243920007934585	3.5454545454545454
1.0	3.0	0.0	0.06562418147103966	5.318181818181818
1.0	3.0	0.0	0.06388298973879437	4.045454545454546
1.0	3.0	0.0	0.06812963506796255	4.818181818181818
1.0	3.0	0.0	0.06355020965657313	3.727272727272727
1.0	1.0	0.0	0.023079142798947835	4.5
1.0	1.0	0.0	0.024786032760882627	5.7727272727272725
1.0	1.0	0.0	0.024786032760882627	5.7727272727272725
1.0	3.0	0.0	0.0700136466846118	5.5
1.0	1.0	0.0	0.025352626950764595	6.454545454545454
