Constant_feature	Degree	Clustering_coefficient	Pagerank	Aver_path_len
1.0	2.0	1.0	0.029799790017952833	3.5789473684210527
1.0	2.0	0.0	0.03131103093398718	3.5789473684210527
1.0	1.0	0.0	0.017418456538682774	4.2631578947368425
1.0	1.0	0.0	0.01911753035771105	4.578947368421052
1.0	1.0	0.0	0.01911753035771105	4.578947368421052
1.0	1.0	0.0	0.02050271943374391	3.142857142857143
1.0	4.0	0.0	0.05659081305705085	2.263157894736842
1.0	4.0	0.16666666666666666	0.056971549876223285	2.6842105263157894
1.0	3.0	0.0	0.04418279251425402	2.5789473684210527
1.0	3.0	0.0	0.04403602094592167	2.526315789473684
1.0	3.0	0.0	0.046932521684974124	3.1578947368421053
1.0	2.0	1.0	0.029799790017952837	3.5789473684210527
1.0	2.0	0.0	0.03052444517444741	2.8947368421052633
1.0	2.0	0.0	0.03066539736811409	2.9473684210526314
1.0	3.0	0.0	0.04612654911871239	2.8947368421052633
1.0	3.0	0.0	0.04739825715618942	3.4210526315789473
1.0	2.0	0.0	0.03087106741362869	3.1578947368421053
1.0	3.0	0.0	0.04615544193692901	3.3157894736842106
1.0	1.0	0.0	0.017650820007517137	4.105263157894737
1.0	1.0	0.0	0.017791288245383587	4.368421052631579
1.0	3.0	0.0	0.05182462156237063	3.6315789473684212
1.0	3.0	0.0	0.05200404921642448	1.7142857142857142
1.0	2.0	0.0	0.037625091020947535	2.2857142857142856
1.0	2.0	0.0	0.03500147750244595	2.0
1.0	2.0	0.0	0.03500147750244595	2.0
1.0	2.0	0.0	0.035175187103487215	2.2857142857142856
1.0	2.0	0.0	0.035175187103487215	2.2857142857142856
1.0	2.0	0.0	0.03522909683130338	2.5714285714285716
