Constant_feature	Degree	Clustering_coefficient	Pagerank	Aver_path_len
1.0	1.0	0.0	0.029115926279191216	4.529411764705882
1.0	2.0	0.0	0.05077138743762101	3.1176470588235294
1.0	1.0	0.0	0.028532250980979872	4.0
1.0	1.0	0.0	0.02885366893542466	4.411764705882353
1.0	1.0	0.0	0.031054766570962462	5.235294117647059
1.0	1.0	0.0	0.028680440548925813	4.0588235294117645
1.0	3.0	0.0	0.0738012252964278	2.6470588235294117
1.0	2.0	0.0	0.052388597277428645	3.588235294117647
1.0	1.0	0.0	0.02926371228405839	5.0
1.0	3.0	0.0	0.07658831908569466	3.0588235294117645
1.0	3.0	0.0	0.07766063758911286	3.4705882352941178
1.0	3.0	0.0	0.07352044306039023	2.6470588235294117
1.0	3.0	0.0	0.07720018572746772	3.4705882352941178
1.0	2.0	0.0	0.05666479854287656	4.294117647058823
1.0	2.0	0.0	0.051256812581965426	3.1176470588235294
1.0	3.0	0.0	0.07708500082713445	3.1176470588235294
1.0	3.0	0.0	0.07853231387353588	3.588235294117647
1.0	3.0	0.0	0.07902951310080214	4.0588235294117645
