Constant_feature	Degree	Clustering_coefficient	Pagerank	Aver_path_len
1.0	1.0	0.0	0.02015212119644995	4.391304347826087
1.0	2.0	0.0	0.03834514148753889	3.869565217391304
1.0	3.0	0.0	0.06692644115017501	5.956521739130435
1.0	2.0	0.0	0.035875324171445386	4.304347826086956
1.0	2.0	0.0	0.03614437699319119	4.6521739130434785
1.0	3.0	0.0	0.051172982388016305	3.0869565217391304
1.0	3.0	0.0	0.050286636973082124	3.260869565217391
1.0	3.0	0.0	0.05311360570188866	3.347826086956522
1.0	3.0	0.0	0.05083358368662377	3.5217391304347827
1.0	3.0	0.0	0.0514530641311884	3.869565217391304
1.0	3.0	0.0	0.05209752394882866	3.6956521739130435
1.0	3.0	0.0	0.05328360169158672	3.4347826086956523
1.0	3.0	0.0	0.051730464222085396	3.869565217391304
1.0	2.0	0.0	0.0405411407516824	4.478260869565218
1.0	2.0	0.0	0.036313240804882754	3.9565217391304346
1.0	2.0	0.0	0.04248909450407044	5.173913043478261
1.0	2.0	0.0	0.03602598283198818	4.130434782608695
1.0	2.0	0.0	0.03646257455097873	4.6521739130434785
1.0	2.0	0.0	0.036686138704554346	4.478260869565218
1.0	2.0	0.0	0.0374650462409799	5.434782608695652
1.0	2.0	0.0	0.03753541372478562	5.260869565217392
1.0	2.0	0.0	0.03657627763911145	4.913043478260869
1.0	1.0	0.0	0.024245111252432765	6.913043478260869
1.0	1.0	0.0	0.024245111252432765	6.913043478260869
