Constant_feature	Degree	Clustering_coefficient	Pagerank	Aver_path_len
1.0	2.0	0.0	0.059412466712695775	3.0
1.0	1.0	0.0	0.03142030873955694	3.7333333333333334
1.0	1.0	0.0	0.03142030873955694	3.7333333333333334
1.0	3.0	0.0	0.08332693248039809	2.6
1.0	2.0	0.0	0.065784588289453	4.2
1.0	2.0	0.0	0.06259050563518974	3.533333333333333
1.0	3.0	0.0	0.08124861203289255	2.933333333333333
1.0	3.0	0.0	0.08124861203289255	2.933333333333333
1.0	2.0	0.0	0.06971326825732874	5.0
1.0	3.0	0.0	0.08390014652376382	2.8
1.0	3.0	0.0	0.08390014652376382	2.8
1.0	2.0	0.0	0.056563925052454424	3.6
1.0	2.0	0.0	0.05656392505245442	3.6
1.0	1.0	0.0	0.03761977663190707	5.933333333333334
1.0	2.0	0.0	0.057643238647846026	4.266666666666667
1.0	2.0	0.0	0.05764323864784603	4.266666666666667
