Constant_feature	Degree	Clustering_coefficient	Pagerank	Aver_path_len
1.0	2.0	0.0	0.04013073055207102	5.5
1.0	1.0	0.0	0.02168453082470916	5.583333333333333
1.0	1.0	0.0	0.02168453082470916	5.583333333333333
1.0	2.0	0.0	0.03658343021751665	3.625
1.0	2.0	0.0	0.034254437409143745	4.041666666666667
1.0	2.0	0.0	0.04483547927364273	6.625
1.0	3.0	0.0	0.05894979280336587	4.625
1.0	3.0	0.0	0.05059005856676632	3.0833333333333335
1.0	3.0	0.0	0.050223628218999034	3.2916666666666665
1.0	3.0	0.0	0.05020542018130564	3.375
1.0	2.0	0.0	0.0386790694540837	4.25
1.0	2.0	0.0	0.04048307009513797	4.958333333333333
1.0	3.0	0.0	0.050429973973218745	3.75
1.0	3.0	0.0	0.050415566145754806	3.8333333333333335
1.0	3.0	0.0	0.05305473867526664	3.8333333333333335
1.0	2.0	0.0	0.04239245054678291	5.75
1.0	2.0	0.0	0.035339061409661046	4.0
1.0	2.0	0.0	0.03544349914148749	4.541666666666667
1.0	2.0	0.0	0.03542353603372479	4.458333333333333
1.0	3.0	0.0	0.054260626920568225	4.625
1.0	2.0	0.0	0.036230936681757184	4.625
1.0	2.0	0.0	0.03621803679574876	5.083333333333333
1.0	2.0	0.0	0.03625269562280916	5.083333333333333
1.0	1.0	0.0	0.02417550983777448	7.583333333333333
1.0	1.0	0.0	0.022059189793994613	6.458333333333333
