Constant_feature	Degree	Clustering_coefficient	Pagerank	Aver_path_len
1.0	1.0	0.0	0.03186220486767264	5.588235294117647
1.0	2.0	0.0	0.04758852841907621	3.0
1.0	2.0	0.0	0.053839793866071226	3.823529411764706
1.0	3.0	0.0	0.0698092616034951	2.823529411764706
1.0	3.0	0.0	0.07032268979150405	2.9411764705882355
1.0	2.0	0.0	0.0495976613793106	3.411764705882353
1.0	2.0	0.0	0.04979853661730929	3.5294117647058822
1.0	2.0	0.0	0.05133074703055133	4.0
1.0	2.0	0.0	0.051436438929746725	4.117647058823529
1.0	2.0	0.0	0.05212606929890624	4.588235294117647
1.0	2.0	0.0	0.0521582892206268	4.705882352941177
1.0	3.0	0.0	0.06946220965064658	2.764705882352941
1.0	3.0	0.0	0.06978607051156838	2.764705882352941
1.0	3.0	0.0	0.07326063033620037	3.1176470588235294
1.0	2.0	0.0	0.04894867696633565	3.4705882352941178
1.0	2.0	0.0	0.05008799878847294	3.823529411764706
1.0	2.0	0.0	0.05012316792385138	3.823529411764706
1.0	2.0	0.0	0.05846102479865446	4.647058823529412
