Constant_feature	Degree	Clustering_coefficient	Pagerank	Aver_path_len
1.0	1.0	0.0	0.018884944984039656	8.592592592592593
1.0	2.0	0.0	0.0327247247731753	4.888888888888889
1.0	1.0	0.0	0.01851785049302422	6.148148148148148
1.0	2.0	0.0	0.032617120593785645	4.518518518518518
1.0	2.0	0.0	0.03287868195036663	4.37037037037037
1.0	2.0	0.0	0.03331317056535115	4.7407407407407405
1.0	2.0	0.0	0.0341893827443132	8.222222222222221
1.0	2.0	0.0	0.03389352665301855	7.2592592592592595
1.0	2.0	0.0	0.03261329055712198	4.444444444444445
1.0	3.0	0.0	0.048254963700070944	5.407407407407407
1.0	3.0	0.0	0.047720519553753296	4.074074074074074
1.0	2.0	0.0	0.03328801422030817	6.148148148148148
1.0	2.0	0.0	0.03328801422030817	6.148148148148148
1.0	3.0	0.0	0.0486435938034251	5.777777777777778
1.0	2.0	0.0	0.03386385966063177	6.888888888888889
1.0	2.0	0.0	0.03386385966063177	6.888888888888889
1.0	3.0	0.0	0.04827701631253414	5.62962962962963
1.0	3.0	0.0	0.051047636070068445	7.62962962962963
1.0	3.0	0.0	0.04982223421562793	5.185185185185185
1.0	2.0	0.0	0.032731749531095145	5.037037037037037
1.0	2.0	0.0	0.03347379615741961	6.592592592592593
1.0	2.0	0.0	0.03347379615741961	6.592592592592593
1.0	2.0	0.0	0.033305828319441205	6.444444444444445
1.0	2.0	0.0	0.033305828319441205	6.444444444444445
1.0	2.0	0.0	0.03389352665301854	7.2592592592592595
1.0	2.0	0.0	0.03401916553115783	7.407407407407407
1.0	2.0	0.0	0.03401916553115783	7.407407407407407
1.0	2.0	0.0	0.03407473906829288	8.074074074074074
