Constant_feature	Degree	Clustering_coefficient	Pagerank	Aver_path_len
1.0	4.0	0.0	0.09063990671159024	4.238095238095238
1.0	0.0	0.0	0.0	0.0
1.0	2.0	0.0	0.04255103376040925	3.5714285714285716
1.0	1.0	0.0	0.02493903708947496	5.190476190476191
1.0	1.0	0.0	0.02493903708947496	5.190476190476191
1.0	1.0	0.0	0.02493903708947496	5.190476190476191
1.0	1.0	0.0	0.023751315213857874	5.666666666666667
1.0	3.0	0.0	0.062015498287951276	4.142857142857143
1.0	2.0	0.0	0.043318619821175255	5.380952380952381
1.0	1.0	0.0	0.02411275915277192	7.0
1.0	3.0	0.0	0.06252488742091844	3.5714285714285716
1.0	3.0	0.0	0.06146225715708098	4.0476190476190474
1.0	2.0	0.0	0.04277182642659438	3.6666666666666665
1.0	2.0	0.0	0.042398214408986945	3.857142857142857
1.0	2.0	0.0	0.04239794114529468	4.809523809523809
1.0	2.0	0.0	0.04239794114529468	4.809523809523809
1.0	2.0	0.0	0.042635053780833446	4.809523809523809
1.0	2.0	0.0	0.04314356115231113	5.571428571428571
1.0	2.0	0.0	0.04314356115231113	5.571428571428571
1.0	3.0	0.0	0.06402084662763306	4.714285714285714
1.0	2.0	0.0	0.04337386635814982	6.333333333333333
1.0	2.0	0.0	0.04329813998367647	5.476190476190476
1.0	3.0	0.0	0.06522565902473393	6.0476190476190474
