Constant_feature	Degree	Clustering_coefficient	Pagerank	Aver_path_len
1.0	1.0	0.0	0.022039275129728798	6.6
1.0	2.0	0.0	0.038441653031965346	5.68
1.0	1.0	0.0	0.02071901581205979	5.64
1.0	1.0	0.0	0.02071901581205979	5.64
1.0	3.0	0.0	0.050593309186187006	3.96
1.0	2.0	0.0	0.033529492212363496	3.84
1.0	2.0	0.0	0.0325189162303712	3.64
1.0	3.0	0.0	0.05624123938355094	4.68
1.0	3.0	0.0	0.04675438616596528	3.08
1.0	3.0	0.0	0.048188694474546066	3.44
1.0	2.0	0.0	0.03453853091880636	4.4
1.0	3.0	0.0	0.04722808053932423	3.2
1.0	2.0	0.0	0.034476566004229006	4.28
1.0	3.0	0.0	0.047606995145575134	3.32
1.0	3.0	0.0	0.047561328153067156	3.52
1.0	2.0	0.0	0.037217095807756256	4.76
1.0	2.0	0.0	0.03364253596539184	4.0
1.0	3.0	0.0	0.04796580870763808	3.76
1.0	3.0	0.0	0.05034101785780108	3.88
1.0	2.0	0.0	0.0340867815463923	4.24
1.0	2.0	0.0	0.04042954041064667	5.64
1.0	2.0	0.0	0.03367925270774925	4.16
1.0	2.0	0.0	0.03382040142154209	4.4
1.0	3.0	0.0	0.05188563961200697	4.8
1.0	2.0	0.0	0.034629973568281215	5.04
1.0	1.0	0.0	0.021145454194994598	6.64
