Constant_feature	Degree	Clustering_coefficient	Pagerank	Aver_path_len
1.0	0.0	0.0	0.0	0.0
1.0	2.0	0.0	0.03220669100208362	7.4
1.0	2.0	0.0	0.02969798910436918	5.433333333333334
1.0	1.0	0.0	0.0166347548661685	6.9
1.0	2.0	0.0	0.027127283483368174	5.7
1.0	3.0	0.0	0.041464631496321666	4.633333333333334
1.0	3.0	0.0	0.03932385438990727	4.633333333333334
1.0	3.0	0.0	0.03958476331348747	5.1
1.0	3.0	0.0	0.04101235842479592	4.466666666666667
1.0	3.0	0.0	0.0411825900908489	4.933333333333334
1.0	3.0	0.0	0.04004361351623337	4.3
1.0	3.0	0.0	0.039729303450858545	5.1
1.0	3.0	0.0	0.04019534379519915	4.766666666666667
1.0	3.0	0.0	0.0400863693313438	5.666666666666667
1.0	2.0	0.0	0.0276777420130443	4.466666666666667
1.0	2.0	0.0	0.02800492316084689	4.933333333333334
1.0	1.0	0.0	0.015529608790662015	5.433333333333334
1.0	2.0	0.0	0.028178522613693	5.8
1.0	1.0	0.0	0.015580458563705752	5.9
1.0	2.0	0.0	0.02829936593875118	6.366666666666666
1.0	2.0	0.0	0.028266822369801048	5.1
1.0	3.0	0.0	0.04344693746376265	6.5
1.0	2.0	0.0	0.028994394375825936	7.066666666666666
1.0	2.0	0.0	0.0290282712683793	5.0
1.0	1.0	0.0	0.017718944542007325	8.366666666666667
1.0	3.0	0.0	0.04469373849194953	5.933333333333334
1.0	3.0	0.0	0.04378320459207183	6.566666666666666
1.0	2.0	0.0	0.030162712063577662	7.4
1.0	2.0	0.0	0.030162712063577662	7.4
1.0	2.0	0.0	0.03067527375200596	8.233333333333333
1.0	2.0	0.0	0.03067527375200596	8.233333333333333
1.0	2.0	0.0	0.030831547919346034	9.066666666666666
