Constant_feature	Degree	Clustering_coefficient	Pagerank	Aver_path_len
1.0	4.0	0.0	0.06521457506806566	4.851851851851852
1.0	1.0	0.0	0.01824510087800853	5.814814814814815
1.0	1.0	0.0	0.01824510087800853	5.814814814814815
1.0	1.0	0.0	0.017843187336752466	4.925925925925926
1.0	2.0	0.0	0.03635167452685144	5.703703703703703
1.0	2.0	0.0	0.03635167452685144	5.703703703703703
1.0	2.0	0.0	0.03644127930532913	6.222222222222222
1.0	2.0	0.0	0.03279175747782433	4.62962962962963
1.0	2.0	0.0	0.032325915075421735	4.2592592592592595
1.0	3.0	0.0	0.04682403081528635	4.703703703703703
1.0	3.0	0.0	0.04666061237376216	3.7037037037037037
1.0	3.0	0.0	0.046480686987278516	4.222222222222222
1.0	3.0	0.0	0.04757379947320418	3.962962962962963
1.0	2.0	0.0	0.03251915918188414	5.444444444444445
1.0	2.0	0.0	0.032425347807493815	4.962962962962963
1.0	2.0	0.0	0.031713386537851426	3.7777777777777777
1.0	3.0	0.0	0.04969516461334911	5.703703703703703
1.0	2.0	0.0	0.033114846765718436	6.185185185185185
1.0	3.0	0.0	0.04714422217507039	3.925925925925926
1.0	1.0	0.0	0.018480632317967215	6.666666666666667
1.0	2.0	0.0	0.03255848228501796	4.444444444444445
1.0	2.0	0.0	0.03255848228501796	4.444444444444445
1.0	3.0	0.0	0.049477251782443436	4.814814814814815
1.0	3.0	0.0	0.049477251782443436	4.814814814814815
1.0	3.0	0.0	0.049657321497335906	5.333333333333333
1.0	1.0	0.0	0.019929362386398426	6.666666666666667
1.0	1.0	0.0	0.019929362386398426	6.666666666666667
1.0	1.0	0.0	0.019970331472965175	7.185185185185185
