Constant_feature	Degree	Clustering_coefficient	Pagerank	Aver_path_len
1.0	2.0	0.0	0.018385162468495468	4.954545454545454
1.0	1.0	0.0	0.01058284655668176	5.863636363636363
1.0	1.0	0.0	0.010622040879783103	6.204545454545454
1.0	1.0	0.0	0.01190515480136754	7.113636363636363
1.0	3.0	0.0	0.027017925127738113	4.681818181818182
1.0	3.0	0.0	0.02720096070245491	5.2727272727272725
1.0	3.0	0.0	0.028248023851481376	6.25
1.0	1.0	0.0	0.01190515480136754	7.113636363636363
1.0	3.0	0.0	0.02653887906919368	4.5
1.0	3.0	0.0	0.02633052200380225	4.2727272727272725
1.0	3.0	0.0	0.026856802545391384	4.840909090909091
1.0	3.0	0.0	0.02786860348274603	4.886363636363637
1.0	3.0	0.0	0.026801944277146605	4.613636363636363
1.0	3.0	0.0	0.027999292674010814	5.2272727272727275
1.0	3.0	0.0	0.028748553726106997	5.25
1.0	2.0	0.0	0.01838070689829497	5.090909090909091
1.0	2.0	0.0	0.018688387860342912	5.295454545454546
1.0	3.0	0.0	0.027393333681100137	5.840909090909091
1.0	3.0	0.0	0.02705874620316517	5.568181818181818
1.0	3.0	0.0	0.02912148093924094	6.0
1.0	3.0	0.0	0.02697032252007506	6.25
1.0	3.0	0.0	0.032273326087486856	6.136363636363637
1.0	2.0	0.0	0.018722855353099678	5.7727272727272725
1.0	3.0	0.0	0.02734983196730031	6.931818181818182
1.0	3.0	0.0	0.027685171909148647	6.931818181818182
1.0	3.0	0.0	0.027733123692743465	6.545454545454546
1.0	2.0	0.0	0.019315025760248496	6.7272727272727275
1.0	2.0	0.0	0.021338734299329233	7.181818181818182
1.0	2.0	0.0	0.020308862895033072	6.886363636363637
1.0	2.0	0.0	0.020308862895033072	6.886363636363637
1.0	3.0	0.0	0.028246847334463684	7.340909090909091
1.0	2.0	0.0	0.019402305148785607	7.818181818181818
1.0	2.0	0.0	0.01951924152937956	7.818181818181818
1.0	2.0	0.0	0.019720257969047906	7.5227272727272725
1.0	2.0	0.0	0.019594854862031743	7.431818181818182
1.0	2.0	0.0	0.01957121647331153	8.227272727272727
1.0	2.0	0.0	0.020772857082430735	7.7727272727272725
1.0	2.0	0.0	0.020772857082430735	7.7727272727272725
1.0	1.0	0.0	0.011824727977668235	8.159090909090908
1.0	2.0	0.0	0.0199446941849915	8.704545454545455
1.0	2.0	0.0	0.019980972618911123	8.704545454545455
1.0	2.0	0.0	0.019775373449867822	8.227272727272727
1.0	2.0	0.0	0.020920374783793175	8.659090909090908
1.0	2.0	0.0	0.02011900702962618	8.318181818181818
1.0	2.0	0.0	0.020173772543850808	9.113636363636363
