Constant_feature	Degree	Clustering_coefficient	Pagerank	Aver_path_len
1.0	1.0	0.0	0.014153962646967565	8.833333333333334
1.0	2.0	0.0	0.023747448824779235	5.472222222222222
1.0	1.0	0.0	0.013272576770058513	5.944444444444445
1.0	2.0	0.0	0.026919283908806886	6.111111111111111
1.0	2.0	0.0	0.02692176653153511	6.222222222222222
1.0	2.0	0.0	0.02734868735241259	6.555555555555555
1.0	2.0	0.0	0.02734868735241259	6.555555555555555
1.0	1.0	0.0	0.01396638739417961	7.305555555555555
1.0	2.0	0.0	0.02319037438095568	4.805555555555555
1.0	3.0	0.0	0.03296139318175535	4.25
1.0	3.0	0.0	0.03299529500447131	4.138888888888889
1.0	3.0	0.0	0.03278291024629827	3.9444444444444446
1.0	3.0	0.0	0.032948941547619376	4.222222222222222
1.0	2.0	0.0	0.023277258588344257	5.111111111111111
1.0	3.0	0.0	0.03303218130145918	3.9166666666666665
1.0	3.0	0.0	0.033076993288513934	4.027777777777778
1.0	3.0	0.0	0.035233321744958024	4.972222222222222
1.0	3.0	0.0	0.034236384561420044	4.361111111111111
1.0	2.0	0.0	0.02349450502831789	4.555555555555555
1.0	2.0	0.0	0.023508819314219886	4.666666666666667
1.0	3.0	0.0	0.036271589884083924	5.194444444444445
1.0	3.0	0.0	0.03627892971066887	5.305555555555555
1.0	2.0	0.0	0.02411136047124517	5.055555555555555
1.0	2.0	0.0	0.02411136047124517	5.055555555555555
1.0	3.0	0.0	0.03534069303213133	5.444444444444445
1.0	3.0	0.0	0.03712228187462345	5.638888888888889
1.0	3.0	0.0	0.03712228187462345	5.638888888888889
1.0	3.0	0.0	0.03754757982867971	6.333333333333333
1.0	2.0	0.0	0.024670786552925438	6.25
1.0	2.0	0.0	0.024670786552925438	6.25
1.0	2.0	0.0	0.025255320838834507	7.055555555555555
1.0	2.0	0.0	0.025255320838834507	7.055555555555555
1.0	1.0	0.0	0.014816050389970198	7.083333333333333
1.0	1.0	0.0	0.014817824087164467	7.194444444444445
1.0	3.0	0.0	0.03817262131946943	7.861111111111111
1.0	1.0	0.0	0.015009016651544816	7.527777777777778
1.0	1.0	0.0	0.015009016651544816	7.527777777777778
