Constant_feature	Degree	Clustering_coefficient	Pagerank	Aver_path_len
1.0	2.0	0.0	0.04057809706487997	4.2727272727272725
1.0	1.0	0.0	0.021055762269670947	4.545454545454546
1.0	1.0	0.0	0.02134622101534545	4.545454545454546
1.0	1.0	0.0	0.023887271166564337	5.909090909090909
1.0	3.0	0.0	0.053137746491320186	3.3636363636363638
1.0	3.0	0.3333333333333333	0.05466939994082359	4.681818181818182
1.0	2.0	0.0	0.036379574405098467	3.409090909090909
1.0	3.0	0.0	0.05563782666774929	3.6818181818181817
1.0	2.0	0.0	0.03731272893261321	3.9545454545454546
1.0	2.0	1.0	0.037724658205226205	5.590909090909091
1.0	2.0	1.0	0.037724658205226205	5.590909090909091
1.0	2.0	0.0	0.037829146963636665	4.2727272727272725
1.0	3.0	0.0	0.053350594691715936	3.3181818181818183
1.0	3.0	0.0	0.05331392200376521	3.272727272727273
1.0	3.0	0.0	0.054563900693223255	3.909090909090909
1.0	3.0	0.0	0.05342031765573804	3.272727272727273
1.0	3.0	0.0	0.057025518710064824	3.909090909090909
1.0	3.0	0.0	0.05569391047409236	3.590909090909091
1.0	3.0	0.0	0.0566605977621481	3.590909090909091
1.0	1.0	0.0	0.021455244725653015	4.863636363636363
1.0	3.0	0.0	0.06513537629141741	4.954545454545454
1.0	2.0	0.0	0.04672299869530787	5.818181818181818
1.0	1.0	0.0	0.02537452696871935	6.7727272727272725
