Constant_feature	Degree	Clustering_coefficient	Pagerank	Aver_path_len
1.0	1.0	0.0	0.007896235650672287	9.507692307692308
1.0	1.0	0.0	0.007896235650672287	9.507692307692308
1.0	1.0	0.0	0.007896235650672287	9.507692307692308
1.0	1.0	0.0	0.007866430761091758	11.415384615384616
1.0	1.0	0.0	0.007866430761091758	11.415384615384616
1.0	1.0	0.0	0.007866430761091758	11.415384615384616
1.0	1.0	0.0	0.007915525384978146	13.046153846153846
1.0	1.0	0.0	0.007915525384978146	13.046153846153846
1.0	1.0	0.0	0.007915525384978146	13.046153846153846
1.0	1.0	0.0	0.00801151791037324	13.938461538461539
1.0	1.0	0.0	0.00801151791037324	13.938461538461539
1.0	1.0	0.0	0.00801151791037324	13.938461538461539
1.0	2.0	0.0	0.014171618301196422	9.723076923076922
1.0	2.0	0.0	0.014171618301196422	9.723076923076922
1.0	2.0	0.0	0.014171618301196422	9.723076923076922
1.0	2.0	0.0	0.01409754596058629	8.061538461538461
1.0	2.0	0.0	0.01409754596058629	8.061538461538461
1.0	2.0	0.0	0.01409754596058629	8.061538461538461
1.0	2.0	0.0	0.014985011251827255	9.938461538461539
1.0	2.0	0.0	0.014985011251827255	9.938461538461539
1.0	2.0	0.0	0.014985011251827255	9.938461538461539
1.0	3.0	0.0	0.023880781978819904	10.861538461538462
1.0	3.0	0.0	0.023880781978819904	10.861538461538462
1.0	3.0	0.0	0.023880781978819904	10.861538461538462
1.0	3.0	0.0	0.021015891283987745	9.046153846153846
1.0	3.0	0.0	0.021015891283987745	9.046153846153846
1.0	3.0	0.0	0.021015891283987745	9.046153846153846
1.0	3.0	0.0	0.019739144127543455	7.230769230769231
1.0	3.0	0.0	0.019739144127543455	7.230769230769231
1.0	3.0	0.0	0.01973914412754345	7.230769230769231
1.0	3.0	0.0	0.021271714772444626	8.523076923076923
1.0	3.0	0.0	0.021271714772444626	8.523076923076923
1.0	3.0	0.0	0.021271714772444626	8.523076923076923
1.0	2.0	0.0	0.01378167308217234	7.630769230769231
1.0	2.0	0.0	0.01378167308217234	7.630769230769231
1.0	2.0	0.0	0.01378167308217234	7.630769230769231
1.0	1.0	0.0	0.00867982371172259	11.846153846153847
1.0	1.0	0.0	0.00867982371172259	11.846153846153847
1.0	1.0	0.0	0.00867982371172259	11.846153846153847
1.0	1.0	0.0	0.00867982371172259	11.846153846153847
1.0	1.0	0.0	0.00867982371172259	11.846153846153847
1.0	1.0	0.0	0.00867982371172259	11.846153846153847
1.0	2.0	0.0	0.013359529417268486	7.538461538461538
1.0	2.0	0.0	0.013359529417268486	7.538461538461538
1.0	2.0	0.0	0.013359529417268486	7.538461538461538
1.0	3.0	0.0	0.021169679346490153	10.430769230769231
1.0	3.0	0.0	0.021169679346490153	10.430769230769231
1.0	3.0	0.0	0.021169679346490153	10.430769230769231
1.0	3.0	0.0	0.020662130199648656	11.2
1.0	3.0	0.0	0.020662130199648656	11.2
1.0	3.0	0.0	0.020662130199648656	11.2
1.0	3.0	0.0	0.021333432798650923	12.061538461538461
1.0	3.0	0.0	0.021333432798650923	12.061538461538461
1.0	3.0	0.0	0.021333432798650923	12.061538461538461
1.0	2.0	0.0	0.014211063999629679	12.123076923076923
1.0	2.0	0.0	0.014211063999629679	12.123076923076923
1.0	2.0	0.0	0.014211063999629679	12.123076923076923
1.0	3.0	0.0	0.021655682767974346	12.953846153846154
1.0	3.0	0.0	0.021655682767974346	12.953846153846154
1.0	3.0	0.0	0.021655682767974346	12.953846153846154
1.0	2.0	0.0	0.014439931226036935	13.015384615384615
1.0	2.0	0.0	0.014439931226036935	13.015384615384615
1.0	2.0	0.0	0.014439931226036935	13.015384615384615
1.0	2.0	0.0	0.014509145688495442	13.876923076923077
1.0	2.0	0.0	0.014509145688495442	13.876923076923077
1.0	2.0	0.0	0.014509145688495442	13.876923076923077
