Constant_feature	Degree	Clustering_coefficient	Pagerank	Aver_path_len
1.0	2.0	0.0	0.0640063850642526	3.466666666666667
1.0	1.0	0.0	0.03218823075055044	4.133333333333334
1.0	1.0	0.0	0.03324131635777251	3.7333333333333334
1.0	3.0	0.0	0.08119889831711585	2.533333333333333
1.0	3.0	0.0	0.08333569780254593	2.4
1.0	2.0	0.0	0.05656785943565468	3.2
1.0	3.0	0.0	0.08164031593175412	2.8
1.0	2.0	0.0	0.057686218189815314	3.8666666666666667
1.0	2.0	0.0	0.05672276517793309	3.466666666666667
1.0	2.0	0.0	0.05773324604608918	4.133333333333334
1.0	2.0	0.0	0.05718888443395951	2.933333333333333
1.0	2.0	0.0	0.05668062656146272	3.3333333333333335
1.0	3.0	0.0	0.08646011065545081	3.2
1.0	3.0	0.0	0.08996955844199334	2.8
1.0	2.0	0.0	0.06836481812716966	4.266666666666667
1.0	1.0	0.0	0.03701506870648009	5.2
