Constant_feature	Degree	Clustering_coefficient	Pagerank	Aver_path_len
1.0	2.0	0.0	0.03226398999461949	8.857142857142858
1.0	2.0	0.0	0.03315934573144442	7.214285714285714
1.0	1.0	0.0	0.019078757194704622	9.928571428571429
1.0	1.0	0.0	0.01814861397254766	10.607142857142858
1.0	1.0	0.0	0.018541000568693095	7.857142857142857
1.0	4.0	0.0	0.06273456061644193	8.071428571428571
1.0	2.0	0.0	0.03226397383686849	8.892857142857142
1.0	2.0	0.0	0.03266733970337991	9.678571428571429
1.0	2.0	0.0	0.032485596901870854	7.607142857142857
1.0	2.0	0.0	0.03473463796843859	8.964285714285714
1.0	3.0	0.0	0.049001060274455395	9.642857142857142
1.0	2.0	0.0	0.03426079707579045	6.571428571428571
1.0	2.0	0.0	0.0343555266925822	6.607142857142857
1.0	2.0	0.0	0.03411876400755556	6.607142857142857
1.0	2.0	0.0	0.034419778922562136	6.714285714285714
1.0	2.0	0.0	0.03389403337111248	6.714285714285714
1.0	2.0	0.0	0.03447241365897151	6.892857142857143
1.0	2.0	0.0	0.035700763131074134	10.142857142857142
1.0	2.0	0.0	0.03524535337725826	9.464285714285714
1.0	3.0	0.0	0.05031010133725208	6.892857142857143
1.0	2.0	0.0	0.03643015861829178	10.892857142857142
1.0	2.0	0.0	0.03495615306720748	8.857142857142858
1.0	2.0	0.0	0.03452021600025462	7.142857142857143
1.0	2.0	0.0	0.03758890701166135	11.714285714285714
1.0	2.0	0.0	0.03477530000264603	8.321428571428571
1.0	2.0	0.0	0.03457901964960318	7.464285714285714
1.0	2.0	0.0	0.039441339013854056	12.607142857142858
1.0	2.0	0.0	0.03465639993427078	7.857142857142857
1.0	1.0	0.0	0.02119609836458746	13.571428571428571
