Constant_feature	Degree	Clustering_coefficient	Pagerank	Aver_path_len
1.0	1.0	0.0	0.01740611097758305	7.241379310344827
1.0	1.0	0.0	0.017675743799824877	8.758620689655173
1.0	1.0	0.0	0.016408042282453093	5.448275862068965
1.0	1.0	0.0	0.01725186450400732	5.310344827586207
1.0	3.0	0.0	0.04245350504260339	4.0
1.0	2.0	0.0	0.02998820762920632	4.137931034482759
1.0	2.0	0.0	0.028573423675549714	4.827586206896552
1.0	2.0	0.0	0.030995670609732857	5.103448275862069
1.0	3.0	0.0	0.041837971076890995	4.275862068965517
1.0	3.0	0.0	0.04248607604729862	5.0344827586206895
1.0	3.0	0.0	0.04229723246886111	5.310344827586207
1.0	3.0	0.0	0.04358322495809816	4.482758620689655
1.0	3.0	0.0	0.043032682623918614	4.896551724137931
1.0	2.0	0.0	0.02975402223379992	5.862068965517241
1.0	2.0	0.0	0.02968745795954693	6.137931034482759
1.0	2.0	0.0	0.03120053811283334	4.689655172413793
1.0	3.0	0.0	0.046393565991334214	4.344827586206897
1.0	2.0	0.0	0.030165129701412344	5.724137931034483
1.0	2.0	0.0	0.030165129701412344	5.724137931034483
1.0	2.0	0.0	0.030387602290950076	6.689655172413793
1.0	2.0	0.0	0.030367539218899522	6.9655172413793105
1.0	3.0	0.0	0.045411103574183424	5.586206896551724
1.0	2.0	0.0	0.030936834814273673	6.551724137931035
1.0	2.0	0.0	0.030936834814273673	6.551724137931035
1.0	2.0	0.0	0.0311768829709793	7.379310344827586
1.0	3.0	0.0	0.04690683195001834	6.275862068965517
1.0	2.0	0.0	0.03123465941549316	6.344827586206897
1.0	2.0	0.0	0.0317485214440746	7.0344827586206895
1.0	2.0	0.0	0.03173206278759923	7.103448275862069
1.0	3.0	0.0	0.047805527322887835	7.793103448275862
