Constant_feature	Degree	Clustering_coefficient	Pagerank	Aver_path_len
1.0	4.0	0.0	0.08739148936037316	2.9
1.0	1.0	0.0	0.025123898951530853	6.0
1.0	1.0	0.0	0.024424588304746718	3.85
1.0	1.0	0.0	0.024424588304746718	3.85
1.0	1.0	0.0	0.027082014096612456	5.1
1.0	1.0	0.0	0.027082014096612456	5.1
1.0	3.0	0.0	0.06447091838648146	2.75
1.0	3.0	0.0	0.06385522084151879	3.1
1.0	3.0	0.0	0.06440813643941198	3.35
1.0	2.0	0.0	0.04642372881717814	3.4
1.0	2.0	0.0	0.044167382262513724	3.75
1.0	2.0	0.0	0.044167382262513724	3.75
1.0	2.0	0.0	0.044426954856822284	4.1
1.0	2.0	0.0	0.044426954856822284	4.1
1.0	3.0	0.0	0.07439885054925448	4.15
1.0	2.0	0.0	0.04499969963105502	4.4
1.0	2.0	0.0	0.04499969963105502	4.4
1.0	2.0	0.0	0.04520420804714609	4.85
1.0	2.0	0.0	0.04520420804714609	4.85
1.0	3.0	0.0	0.06787167656770615	5.05
1.0	2.0	0.0	0.045446385688752124	5.6
