Constant_feature	Degree	Clustering_coefficient	Pagerank	Aver_path_len
1.0	1.0	0.0	0.0343148347726925	3.7857142857142856
1.0	1.0	0.0	0.03431483477269251	3.7857142857142856
1.0	3.0	0.0	0.0884493018957803	2.2857142857142856
1.0	3.0	0.0	0.08828928370223665	2.2142857142857144
1.0	3.0	0.0	0.09164579515368243	2.5714285714285716
1.0	3.0	0.0	0.09216117161061183	2.857142857142857
1.0	3.0	0.0	0.09216117161061183	2.857142857142857
1.0	2.0	0.0	0.06131701870661449	2.857142857142857
1.0	2.0	0.0	0.06239072103495052	3.5
1.0	2.0	0.0	0.062390721034950525	3.5
1.0	2.0	0.0	0.06248922595969543	3.2142857142857144
1.0	2.0	0.0	0.06258811194234154	3.5
1.0	2.0	0.0	0.06295025675435591	3.857142857142857
1.0	2.0	0.0	0.06749759197696667	3.357142857142857
1.0	1.0	0.0	0.0370399590718171	4.285714285714286
