Constant_feature	Degree	Clustering_coefficient	Pagerank	Aver_path_len
1.0	1.0	0.0	0.020021863058426338	4.833333333333333
1.0	1.0	0.0	0.01949099360448422	4.291666666666667
1.0	2.0	0.0	0.039790138358208174	5.25
1.0	1.0	0.0	0.01956221500094067	4.5
1.0	1.0	0.0	0.022104814413516437	6.791666666666667
1.0	3.0	0.0	0.049522159070919995	3.125
1.0	3.0	0.0	0.05008233178694685	3.3333333333333335
1.0	3.0	0.0	0.05001893934090397	3.3333333333333335
1.0	3.0	0.0	0.05068203830757316	3.7916666666666665
1.0	3.0	0.0	0.050874993581775815	3.75
1.0	3.0	0.0	0.05079326380130536	3.5416666666666665
1.0	3.0	0.0	0.05163539119044158	3.3333333333333335
1.0	3.0	0.0	0.0518752956866261	3.5416666666666665
1.0	2.0	0.0	0.034668565565490445	3.7916666666666665
1.0	3.0	0.0	0.053407572148557805	3.875
1.0	2.0	0.0	0.0348046713238876	4.0
1.0	2.0	0.0	0.03554228372005355	4.416666666666667
1.0	3.0	0.0	0.05446163878279935	4.958333333333333
1.0	3.0	0.0	0.05358508100223742	4.375
1.0	2.0	0.0	0.03635993892225749	4.5
1.0	2.0	0.0	0.035642322374895674	4.333333333333333
1.0	2.0	0.0	0.03647987695392222	5.166666666666667
1.0	2.0	0.0	0.03645570822386276	4.958333333333333
1.0	2.0	0.0	0.04023198761669594	5.833333333333333
1.0	1.0	0.0	0.02190591616327091	6.208333333333333
