Constant_feature	Degree	Clustering_coefficient	Pagerank	Aver_path_len
1.0	4.0	0.0	0.057006092497112255	6.655172413793103
1.0	2.0	0.0	0.025444642411798946	5.0
1.0	2.0	0.0	0.025656435107255092	5.275862068965517
1.0	1.0	0.0	0.014098086369089722	5.482758620689655
1.0	1.0	0.0	0.014672240866967267	6.172413793103448
1.0	1.0	0.0	0.014254442706110242	5.758620689655173
1.0	1.0	0.0	0.015528450988732687	7.620689655172414
1.0	1.0	0.0	0.015528450988732687	7.620689655172414
1.0	1.0	0.0	0.015528450988732687	7.620689655172414
1.0	1.0	0.0	0.014738216513966982	2.5
1.0	2.0	0.0	0.025815192949014465	4.655172413793103
1.0	3.0	0.0	0.04011987366054678	1.6666666666666667
1.0	2.0	0.0	0.026834923593971702	1.8333333333333333
1.0	2.0	0.0	0.026834923593971702	1.8333333333333333
1.0	2.0	0.0	0.02688256748200994	2.0
1.0	2.0	0.0	0.02688256748200994	2.0
1.0	2.0	0.0	0.026896116862712142	2.1666666666666665
1.0	3.0	0.0	0.0371446659873886	4.172413793103448
1.0	2.0	0.0	0.025397394788157442	4.448275862068965
1.0	3.0	0.0	0.037983191708613355	4.517241379310345
1.0	3.0	0.0	0.039900303020795724	5.206896551724138
1.0	3.0	0.0	0.03850705570284676	4.793103448275862
1.0	2.0	0.0	0.02749798915299725	5.896551724137931
1.0	2.0	0.0	0.02521372185649671	5.551724137931035
1.0	2.0	0.0	0.025338450800821793	5.827586206896552
1.0	3.0	0.0	0.03687231595549431	6.172413793103448
1.0	3.0	0.0	0.036965763175570904	6.448275862068965
1.0	2.0	0.0	0.025358168966314	7.0
1.0	2.0	0.0	0.025358168966314	7.0
1.0	2.0	0.0	0.02540178646394947	7.275862068965517
1.0	2.0	0.0	0.02540178646394947	7.275862068965517
1.0	2.0	0.0	0.0257655127127904	7.827586206896552
1.0	2.0	0.0	0.0257655127127904	7.827586206896552
1.0	2.0	0.0	0.025890968073048633	8.655172413793103
1.0	2.0	0.0	0.02579735900122991	8.10344827586207
1.0	2.0	0.0	0.02579735900122991	8.10344827586207
1.0	2.0	0.0	0.025920850426465847	8.931034482758621
