Constant_feature	Degree	Clustering_coefficient	Pagerank	Aver_path_len
1.0	1.0	0.0	0.01904056884445855	5.16
1.0	1.0	0.0	0.019013795885082084	5.08
1.0	2.0	0.0	0.03911139093701661	5.8
1.0	1.0	0.0	0.01886774380015821	4.92
1.0	1.0	0.0	0.020002566613492777	6.6
1.0	3.0	0.0	0.048018984978541346	3.4
1.0	3.0	0.0	0.04835821142912071	3.56
1.0	2.0	0.0	0.033706594351143426	4.68
1.0	3.0	0.0	0.04832609618709495	3.48
1.0	3.0	0.0	0.05064841619520499	4.2
1.0	3.0	0.0	0.050558652866634676	4.12
1.0	3.0	0.0	0.04960069846130498	3.8
1.0	2.0	0.0	0.034689623677396336	4.36
1.0	2.0	0.0	0.03476712695707691	4.52
1.0	3.0	0.0	0.050070636282187816	3.96
1.0	2.0	0.0	0.0335208614122707	4.2
1.0	3.0	0.0	0.04912411478903883	4.44
1.0	3.0	0.0	0.05321418977105706	4.92
1.0	2.0	0.0	0.03564826892717861	5.08
1.0	3.0	0.0	0.04925058852312853	5.08
1.0	3.0	0.0	0.053852660178285466	5.64
1.0	2.0	0.0	0.03440030367832268	5.24
1.0	2.0	0.0	0.03444610994779068	5.88
1.0	2.0	0.0	0.03515110603478462	6.04
1.0	2.0	0.0	0.035163758478262676	6.68
1.0	1.0	0.0	0.021446930793965688	6.76
