Constant_feature	Degree	Clustering_coefficient	Pagerank	Aver_path_len
1.0	1.0	0.0	0.019002586608197248	5.615384615384615
1.0	1.0	0.0	0.01942985029091631	7.076923076923077
1.0	2.0	0.0	0.03264515981202118	3.6923076923076925
1.0	3.0	0.0	0.04716450775133338	4.153846153846154
1.0	3.0	0.0	0.04888707304927986	4.8076923076923075
1.0	2.0	0.0	0.03266409419624486	5.461538461538462
1.0	2.0	0.0	0.034446498476345046	6.5
1.0	3.0	0.0	0.0476544459834322	3.576923076923077
1.0	2.0	0.0	0.0326669609404498	4.153846153846154
1.0	2.0	0.0	0.03254273754380984	3.8846153846153846
1.0	3.0	0.0	0.04853985894820567	4.0
1.0	3.0	0.0	0.046895868733209896	4.6923076923076925
1.0	3.0	0.0	0.04915752855375574	4.846153846153846
1.0	3.0	0.0	0.04737690292554972	5.346153846153846
1.0	3.0	0.0	0.050993185827519154	4.653846153846154
1.0	2.0	0.0	0.03386547823371329	4.730769230769231
1.0	2.0	0.0	0.03295575516373354	5.5
1.0	1.0	0.0	0.01845107499916885	5.8076923076923075
1.0	2.0	0.0	0.03312321670769751	6.153846153846154
1.0	2.0	0.0	0.033871034309198654	5.653846153846154
1.0	2.0	0.0	0.033871034309198654	5.653846153846154
1.0	2.0	0.0	0.033740179354903324	6.3076923076923075
1.0	2.0	0.0	0.03472873319540985	5.384615384615385
1.0	2.0	0.0	0.03467022286191781	5.461538461538462
1.0	2.0	0.0	0.033792392089333115	6.961538461538462
1.0	3.0	0.0	0.052417120659110215	6.115384615384615
1.0	2.0	0.0	0.034446498476345046	6.5
