Constant_feature	Degree	Clustering_coefficient	Pagerank	Aver_path_len
1.0	1.0	0.0	0.014253082491622807	5.942857142857143
1.0	1.0	0.0	0.014253082491622807	5.942857142857143
1.0	4.0	0.0	0.04808664448533802	3.7714285714285714
1.0	2.0	0.0	0.02458799966639525	4.0
1.0	2.0	0.0	0.02458799966639525	4.0
1.0	1.0	0.0	0.013596864498500795	4.742857142857143
1.0	1.0	0.0	0.015575492911163573	8.114285714285714
1.0	1.0	0.0	0.015575492911163573	8.114285714285714
1.0	4.0	0.0	0.05502760802377296	5.6
1.0	4.0	0.0	0.05502760802377296	5.6
1.0	3.0	0.0	0.03773333661779739	4.8
1.0	3.0	0.0	0.03773333661779739	4.8
1.0	1.0	0.0	0.015158560355655057	6.571428571428571
1.0	1.0	0.0	0.015158560355655057	6.571428571428571
1.0	1.0	0.0	0.015158560355655057	6.571428571428571
1.0	1.0	0.0	0.015158560355655057	6.571428571428571
1.0	1.0	0.0	0.015158560355655057	6.571428571428571
1.0	1.0	0.0	0.015158560355655057	6.571428571428571
1.0	3.0	0.0	0.036638525372266896	4.285714285714286
1.0	3.0	0.0	0.036638525372266896	4.285714285714286
1.0	2.0	0.0	0.02574237523717718	5.542857142857143
1.0	2.0	0.0	0.02574237523717718	5.542857142857143
1.0	3.0	0.0	0.038249598512333616	4.9714285714285715
1.0	3.0	0.0	0.038249598512333616	4.9714285714285715
1.0	3.0	0.0	0.03881247056087514	6.228571428571429
1.0	3.0	0.0	0.03881247056087514	6.228571428571429
1.0	3.0	0.0	0.036469517437729006	4.457142857142857
1.0	2.0	0.0	0.025897252077534183	5.714285714285714
1.0	2.0	0.0	0.025897252077534183	5.714285714285714
1.0	2.0	0.0	0.025414928325196942	5.314285714285714
1.0	2.0	0.0	0.025414928325196942	5.314285714285714
1.0	2.0	0.0	0.028440320705381432	7.142857142857143
1.0	2.0	0.0	0.028440320705381432	7.142857142857143
1.0	2.0	0.0	0.02599002673963575	6.171428571428572
1.0	2.0	0.0	0.02599002673963575	6.171428571428572
1.0	2.0	0.0	0.026169576962195528	7.0285714285714285
