Constant_feature	Degree	Clustering_coefficient	Pagerank	Aver_path_len
1.0	4.0	0.0	0.11384404269803784	2.75
1.0	1.0	0.0	0.03149660159397395	3.6875
1.0	1.0	0.0	0.03149660159397395	3.6875
1.0	2.0	0.0	0.06120001433199912	3.1875
1.0	2.0	0.0	0.06120001433199912	3.1875
1.0	1.0	0.0	0.03342217734067799	4.125
1.0	1.0	0.0	0.03342217734067799	4.125
1.0	4.0	0.0	0.11317888194893701	2.5
1.0	4.0	0.0	0.11317888194893701	2.5
1.0	2.0	0.0	0.05696142853040512	2.75
1.0	2.0	0.0	0.05696142853040512	2.75
1.0	3.0	0.0	0.08412451514977257	2.375
1.0	3.0	0.0	0.08412451514977257	2.375
1.0	1.0	0.0	0.03134717987760763	3.4375
1.0	1.0	0.0	0.03134717987760763	3.4375
1.0	1.0	0.0	0.03134717987760763	3.4375
1.0	1.0	0.0	0.03134717987760763	3.4375
