Constant_feature	Degree	Clustering_coefficient	Pagerank	Aver_path_len
1.0	4.0	0.0	0.07049360648532244	3.6666666666666665
1.0	2.0	0.0	0.03448193775829717	3.25
1.0	1.0	0.0	0.019861143940558483	4.625
1.0	1.0	0.0	0.019861143940558483	4.625
1.0	1.0	0.0	0.020788839897911273	6.208333333333333
1.0	1.0	0.0	0.020788839897911273	6.208333333333333
1.0	4.0	0.0	0.06497968212099506	2.6666666666666665
1.0	3.0	0.0	0.049671895645489184	3.0833333333333335
1.0	3.0	0.0	0.050756656589445504	3.5833333333333335
1.0	3.0	0.0	0.05093780163560628	3.125
1.0	3.0	0.0	0.05093780163560628	3.125
1.0	2.0	0.0	0.03516408485805421	3.875
1.0	2.0	0.0	0.035542807805653616	4.375
1.0	2.0	0.0	0.03590655414609906	3.8333333333333335
1.0	2.0	0.0	0.03590655414609906	3.8333333333333335
1.0	2.0	0.0	0.03590655414609906	3.8333333333333335
1.0	2.0	0.0	0.03590655414609906	3.8333333333333335
1.0	2.0	0.0	0.03613975934325658	4.666666666666667
1.0	2.0	0.0	0.03625688653711783	5.166666666666667
1.0	2.0	0.0	0.036947343806845064	4.541666666666667
1.0	2.0	0.0	0.036947343806845064	4.541666666666667
1.0	2.0	0.0	0.036947343806845064	4.541666666666667
1.0	2.0	0.0	0.036947343806845064	4.541666666666667
1.0	3.0	0.0	0.05596076004821987	5.25
1.0	3.0	0.0	0.05596076004821987	5.25
