Constant_feature	Degree	Clustering_coefficient	Pagerank	Aver_path_len
1.0	2.0	0.0	0.03256918399373547	4.2272727272727275
1.0	1.0	0.0	0.01808448428468624	4.7727272727272725
1.0	1.0	0.0	0.025342807108613596	1.6666666666666667
1.0	1.0	0.0	0.025342807108613596	1.6666666666666667
1.0	2.0	0.0	0.03204281832292432	3.1818181818181817
1.0	1.0	0.0	0.01903365475925162	5.2272727272727275
1.0	2.0	0.0	0.03239928234772177	3.909090909090909
1.0	3.0	0.0	0.04872821788749593	3.590909090909091
1.0	3.0	0.0	0.05109942558900895	4.2727272727272725
1.0	2.0	0.0	0.03394462475758331	4.363636363636363
1.0	2.0	0.0	0.03477184795228047	5.045454545454546
1.0	2.0	0.0	0.03471709945713382	5.136363636363637
1.0	2.0	0.0	0.03497347747806561	5.818181818181818
1.0	3.0	0.0	0.04573610486361616	2.8636363636363638
1.0	3.0	0.0	0.04608014553369648	3.1818181818181817
1.0	3.0	0.0	0.04596294993410034	3.1818181818181817
1.0	3.0	0.0	0.046657695060678364	3.5
1.0	3.0	0.0	0.04652956375602707	3.5
1.0	3.0	0.0	0.04793576354149598	3.8181818181818183
1.0	2.0	0.0	0.03257445272613152	3.9545454545454546
1.0	2.0	0.0	0.032775628072414846	4.2727272727272725
1.0	3.0	0.0	0.04968882160339774	4.409090909090909
1.0	2.0	0.0	0.033436816178487504	4.7272727272727275
1.0	2.0	0.0	0.03349944049040817	5.045454545454546
1.0	1.0	0.0	0.0186103532615101	5.363636363636363
1.0	1.0	0.0	0.025342807108613596	1.6666666666666667
1.0	3.0	0.0	0.0721197268223073	1.0
