Constant_feature	Degree	Clustering_coefficient	Pagerank	Aver_path_len
1.0	2.0	0.0	0.0553133663371604	2.6
1.0	2.0	0.0	0.05698592609125257	3.066666666666667
1.0	1.0	0.0	0.03042316699841192	3.466666666666667
1.0	1.0	0.0	0.031258537329154595	3.533333333333333
1.0	3.0	0.0	0.07797229935517022	2.4
1.0	3.0	0.0	0.07870336414093435	2.8
1.0	4.0	0.0	0.10371366997548627	2.1333333333333333
1.0	3.0	0.0	0.08057894684750333	2.533333333333333
1.0	2.0	0.0	0.055053593175232604	3.066666666666667
1.0	2.0	0.0	0.05531042841107285	3.466666666666667
1.0	2.0	0.0	0.05647357081329517	3.7333333333333334
1.0	2.0	0.0	0.05655150432096814	4.133333333333334
1.0	3.0	0.0	0.08336282917813663	2.6
1.0	4.0	0.0	0.11434401950202482	3.0
1.0	1.0	0.0	0.03197738876209798	3.933333333333333
1.0	1.0	0.0	0.03197738876209798	3.933333333333333
