Constant_feature	Degree	Clustering_coefficient	Pagerank	Aver_path_len
1.0	4.0	0.0	0.0626129622926477	4.321428571428571
1.0	1.0	0.0	0.017536529012785854	5.285714285714286
1.0	1.0	0.0	0.017536529012785854	5.285714285714286
1.0	1.0	0.0	0.019582663447471754	7.107142857142857
1.0	1.0	0.0	0.019582663447471754	7.107142857142857
1.0	1.0	0.0	0.017692492312418186	6.642857142857143
1.0	3.0	0.0	0.04646079240521894	4.571428571428571
1.0	2.0	0.0	0.03136399350139285	5.214285714285714
1.0	3.0	0.0	0.04554014940590367	4.285714285714286
1.0	3.0	0.0	0.04613164202445799	5.178571428571429
1.0	2.0	0.0	0.03352062925360106	5.321428571428571
1.0	2.0	0.0	0.03111416033872428	4.464285714285714
1.0	2.0	0.0	0.03111416033872428	4.464285714285714
1.0	3.0	0.0	0.0455700153476746	4.821428571428571
1.0	2.0	0.0	0.031121587247602535	4.642857142857143
1.0	2.0	0.0	0.031121587247602535	4.642857142857143
1.0	2.0	0.0	0.0319398336725129	6.0
1.0	2.0	0.0	0.0319398336725129	6.0
1.0	3.0	0.0	0.05378205490828758	6.142857142857143
1.0	2.0	0.0	0.03255912944935641	6.821428571428571
1.0	2.0	0.0	0.03255912944935641	6.821428571428571
1.0	2.0	0.0	0.0327519281617839	7.642857142857143
1.0	3.0	0.0	0.04747875092590635	5.678571428571429
1.0	3.0	0.0	0.0466506784910439	6.285714285714286
1.0	2.0	0.0	0.032174341751682406	7.107142857142857
1.0	2.0	0.0	0.032174341751682406	7.107142857142857
1.0	2.0	0.0	0.03273808340951005	7.928571428571429
1.0	2.0	0.0	0.03273808340951005	7.928571428571429
1.0	2.0	0.0	0.03291125431037073	8.75
