Constant_feature	Degree	Clustering_coefficient	Pagerank	Aver_path_len
1.0	2.0	0.0	0.03725239010477134	4.52
1.0	2.0	0.0	0.038376711253926374	5.88
1.0	1.0	0.0	0.021495518536338847	6.2
1.0	2.0	0.0	0.03217485139540727	3.84
1.0	2.0	0.0	0.03474580160225056	5.36
1.0	2.0	0.0	0.041944823100258474	6.12
1.0	3.0	0.0	0.04677386221086413	3.36
1.0	3.0	0.0	0.046761443836904934	3.32
1.0	3.0	0.0	0.047278169721984675	3.72
1.0	3.0	0.0	0.0480179155092825	3.32
1.0	3.0	0.0	0.04905002803023872	3.76
1.0	3.0	0.0	0.047666473884246593	4.0
1.0	3.0	0.0	0.04795214406516149	3.72
1.0	3.0	0.0	0.048224903966458024	3.76
1.0	2.0	0.0	0.03501391349724242	3.88
1.0	2.0	0.0	0.033556173346090096	4.36
1.0	1.0	0.0	0.01856154778037753	4.72
1.0	2.0	0.0	0.03368494430704027	4.64
1.0	2.0	0.0	0.033854735261630124	4.52
1.0	2.0	0.0	0.03394822517635751	4.56
1.0	3.0	0.0	0.05175463115264321	5.0
1.0	2.0	0.0	0.034530838460175	5.28
1.0	2.0	0.0	0.03471533023611913	5.32
1.0	3.0	0.0	0.0588285205531739	5.24
1.0	1.0	0.0	0.02111560947239947	6.84
1.0	1.0	0.0	0.022720493538657474	7.08
