Constant_feature	Degree	Clustering_coefficient	Pagerank	Aver_path_len
1.0	2.0	0.0	0.0012313545279976005	5.571428571428571
1.0	1.0	0.0	0.0006937425958179271	5.914285714285715
1.0	1.0	0.0	0.0006861915490100068	5.8
1.0	1.0	0.0	0.0007047559055907691	5.514285714285714
1.0	2.0	0.0	0.0014099572122102761	6.542857142857143
1.0	2.0	0.0	0.0014167690519978626	7.285714285714286
1.0	2.0	0.0	0.0014202960414924646	7.171428571428572
1.0	2.0	0.0	0.001425567362608179	7.914285714285715
1.0	3.0	0.0	0.0017636913372557357	3.914285714285714
1.0	2.0	0.0	0.0012342837693701018	4.2
1.0	3.0	0.0	0.0017703799501928021	4.257142857142857
1.0	3.0	0.0	0.001797764820799104	4.371428571428571
1.0	3.0	0.0	0.001821750570515484	4.828571428571428
1.0	3.0	0.0	0.0018844501033159586	4.542857142857143
1.0	3.0	0.0	0.0018469505665201	4.942857142857143
1.0	2.0	0.0	0.001252750229917581	5.0
1.0	2.0	0.0	0.0012550565650705744	5.114285714285714
1.0	3.0	0.0	0.0017857739379543132	5.457142857142857
1.0	3.0	0.0	0.0017899322478247023	6.142857142857143
1.0	3.0	0.0	0.0018555875279365106	5.0
1.0	3.0	0.0	0.0019165932099444289	5.628571428571429
1.0	2.0	0.0	0.0012828781401685492	5.742857142857143
1.0	3.0	0.0	0.0019280468507416094	6.371428571428571
1.0	2.0	0.0	0.0012473878392323954	6.314285714285714
1.0	2.0	0.0	0.0012508919368161724	7.0
1.0	2.0	0.0	0.0012763006224489482	5.628571428571429
1.0	2.0	0.0	0.0012798389298818488	5.742857142857143
1.0	2.0	0.0	0.001275250461401132	7.171428571428572
1.0	2.0	0.0	0.001274531608330811	7.857142857142857
1.0	3.0	0.0	0.001937026459885345	6.257142857142857
1.0	2.0	0.0	0.0012992261863404733	6.371428571428571
1.0	3.0	0.0	0.0019455538794646626	7.0
1.0	1.0	0.0	0.0007738404750596894	7.514285714285714
1.0	1.0	0.0	0.0007763597923185167	8.257142857142858
1.0	1.0	0.0	0.0007784773275031672	8.142857142857142
1.0	1.0	0.0	0.0007803314362714028	8.885714285714286
1.0	4.0	0.0	0.002896031486204164	9.326086956521738
1.0	2.0	0.0	0.0012038929051354837	7.217391304347826
1.0	2.0	0.0	0.0012470212693817795	6.239130434782608
1.0	2.0	0.0	0.0012590788121799308	6.130434782608695
1.0	2.0	0.0	0.0012755152380849763	6.391304347826087
1.0	1.0	0.0	0.0007083327870367662	7.043478260869565
1.0	1.0	0.0	0.0006967717936655846	8.347826086956522
1.0	1.0	0.0	0.0006930125873045665	8.782608695652174
1.0	1.0	0.0	0.000709731352522316	7.108695652173913
1.0	1.0	0.0	0.0007662264794509283	7.978260869565218
1.0	1.0	0.0	0.0007299572191771956	8.108695652173912
1.0	2.0	0.0	0.0013854083530206382	8.478260869565217
1.0	1.0	0.0	0.0007718912447050834	8.543478260869565
1.0	1.0	0.0	0.0007625924427169589	9.456521739130435
1.0	1.0	0.0	0.0007718912447050834	8.543478260869565
1.0	1.0	0.0	0.0008005154239450949	10.347826086956522
1.0	1.0	0.0	0.0007917900678244336	10.304347826086957
1.0	1.0	0.0	0.0007917900678244336	10.304347826086957
1.0	1.0	0.0	0.0008005154239450949	10.347826086956522
1.0	1.0	0.0	0.0007917900678244336	10.304347826086957
1.0	3.0	0.0	0.0017285095045933092	8.217391304347826
1.0	2.0	0.0	0.001210203388781732	9.804347826086957
1.0	2.0	0.0	0.0012301729089021995	9.804347826086957
1.0	2.0	0.0	0.0012689070004584242	11.434782608695652
1.0	1.0	0.0	0.0007002442879714625	11.521739130434783
1.0	3.0	0.0	0.0018343513841408813	6.043478260869565
1.0	3.0	0.0	0.0017961178214244374	6.760869565217392
1.0	3.0	0.0	0.0018976222121335077	6.065217391304348
1.0	3.0	0.0	0.0018588917565695775	7.369565217391305
1.0	3.0	0.0	0.0018831530849484014	6.065217391304348
1.0	3.0	0.0	0.0018465023286125598	7.804347826086956
1.0	3.0	0.0	0.0017533003970116984	7.630434782608695
1.0	3.0	0.0	0.0019021760107985465	6.130434782608695
1.0	2.0	0.0	0.0012390043426442718	6.478260869565218
1.0	3.0	0.0	0.0018500696248219778	6.1521739130434785
1.0	2.0	0.0	0.001393526078471156	7.0
1.0	3.0	0.0	0.0019365284613339887	6.673913043478261
1.0	3.0	0.0	0.001971617171231267	7.130434782608695
1.0	3.0	0.0	0.0017412314635925118	8.91304347826087
1.0	2.0	0.0	0.0012022444640723247	9.065217391304348
1.0	3.0	0.0	0.00197592286682869	7.673913043478261
1.0	3.0	0.0	0.001767304227778488	9.695652173913043
1.0	3.0	0.0	0.0021104845411794716	7.565217391304348
1.0	3.0	0.0	0.002081383344729032	8.478260869565217
1.0	3.0	0.0	0.001870236083779272	10.543478260869565
1.0	2.0	0.0	0.0012634873940144658	10.652173913043478
1.0	3.0	0.0	0.002201619037319693	9.369565217391305
1.0	1.0	0.0	0.0007678574452468182	4.666666666666667
1.0	1.0	0.0	0.0007678574452468182	4.666666666666667
1.0	1.0	0.0	0.0007678574452468182	4.666666666666667
1.0	1.0	0.0	0.0007678574452468182	4.666666666666667
1.0	1.0	0.0	0.0007724515711864656	5.333333333333333
1.0	3.0	0.0	0.0019734587526579837	3.142857142857143
1.0	3.0	0.0	0.0020932202619671834	3.7142857142857144
1.0	3.0	0.0	0.0020932202619671834	3.7142857142857144
1.0	1.0	0.0	0.0007724515711864656	5.333333333333333
1.0	2.0	0.0	0.0014103566145908149	3.9047619047619047
1.0	2.0	0.0	0.0014103566145908149	3.9047619047619047
1.0	3.0	0.0	0.0018778066191886187	2.761904761904762
1.0	2.0	0.0	0.0015116835773997662	4.761904761904762
1.0	2.0	0.0	0.0015116835773997662	4.761904761904762
1.0	3.0	0.0	0.001914705737758759	2.9523809523809526
1.0	3.0	0.0	0.001914705737758759	2.9523809523809526
1.0	2.0	0.0	0.0012932554741049696	3.4285714285714284
1.0	2.0	0.0	0.0012932554741049696	3.4285714285714284
1.0	1.0	0.0	0.0008188808991686197	5.714285714285714
1.0	1.0	0.0	0.0008188808991686197	5.714285714285714
1.0	3.0	0.0	0.0019380408010463827	3.619047619047619
1.0	3.0	0.0	0.002108208624948766	4.380952380952381
1.0	1.0	0.0	0.000722607224753825	3.642857142857143
1.0	1.0	0.0	0.0007227381029906199	4.214285714285714
1.0	2.0	0.0	0.0012726423611142778	2.857142857142857
1.0	2.0	0.0	0.0014037344044223207	3.142857142857143
1.0	1.0	0.0	0.0007225658451098435	3.857142857142857
1.0	3.0	0.0	0.0018325202414392352	2.2857142857142856
1.0	3.0	0.0	0.0018352499872585754	2.5
1.0	3.0	0.0	0.0019050373999253327	2.357142857142857
1.0	2.0	0.0	0.0012729924109789994	2.7857142857142856
1.0	2.0	0.0	0.001271617084875886	3.0
1.0	3.0	0.0	0.0019434325298082027	2.7142857142857144
1.0	3.0	0.0	0.0019438495734198022	3.2857142857142856
1.0	2.0	0.0	0.00129546567194689	3.5
1.0	3.0	0.0	0.001946597998528265	2.9285714285714284
1.0	1.0	0.0	0.0007712579255975926	4.071428571428571
1.0	1.0	0.0	0.0008144460712804659	3.6666666666666665
1.0	2.0	0.0	0.001332654325846936	2.2222222222222223
1.0	1.0	0.0	0.000767791207122088	3.0
1.0	3.0	0.0	0.001967524380208248	1.8888888888888888
1.0	3.0	0.0	0.002011009970676517	2.5555555555555554
1.0	2.0	0.0	0.0013334415128159601	2.3333333333333335
1.0	2.0	0.0	0.001342434849073486	2.6666666666666665
1.0	3.0	0.0	0.0020957350827720627	2.111111111111111
1.0	1.0	0.0	0.000742389562214641	3.4444444444444446
1.0	2.0	0.0	0.0015007788794360439	2.7777777777777777
1.0	2.0	0.0	0.0011923124734139882	3.736842105263158
1.0	2.0	0.0	0.0014174568597028273	4.368421052631579
1.0	1.0	0.0	0.0008093439250680998	6.052631578947368
1.0	3.0	0.0	0.0017602329343026277	2.789473684210526
1.0	2.0	0.0	0.0012602637902377823	4.894736842105263
1.0	3.0	0.0	0.001748469450052518	3.1052631578947367
1.0	2.0	0.0	0.001275969273398287	3.210526315789474
1.0	3.0	0.0	0.001748469450052518	3.1052631578947367
1.0	3.0	0.0	0.0017533359200902416	3.4210526315789473
1.0	3.0	0.0	0.0017533359200902414	3.4210526315789473
1.0	2.0	0.0	0.0013492619878283751	3.736842105263158
1.0	2.0	0.0	0.0012297277671319473	3.8421052631578947
1.0	2.0	0.0	0.001229727767131947	3.8421052631578947
1.0	2.0	0.0	0.0012334149434754427	4.157894736842105
1.0	2.0	0.0	0.0012334149434754425	4.157894736842105
1.0	2.0	0.0	0.0012607976397648775	4.578947368421052
1.0	2.0	0.0	0.0012602637902377823	4.894736842105263
1.0	2.0	0.0	0.0012607976397648775	4.578947368421052
1.0	3.0	0.0	0.002230471282604971	5.105263157894737
1.0	1.0	0.0	0.0008093439250680998	6.052631578947368
1.0	2.0	0.0	0.001422426945638848	4.842105263157895
1.0	2.0	0.0	0.0014200209084359809	4.526315789473684
1.0	2.0	0.0	0.0014200209084359809	4.526315789473684
1.0	2.0	0.0	0.001297400446844751	4.947368421052632
1.0	3.0	0.0	0.00186159507635333	3.263157894736842
1.0	3.0	0.0	0.0019405413534252557	4.0
1.0	3.0	0.0	0.001935281807429524	3.6842105263157894
1.0	3.0	0.0	0.001935281807429524	3.6842105263157894
1.0	2.0	0.0	0.001278234323058591	3.5789473684210527
1.0	2.0	0.0	0.001278234323058591	3.5789473684210527
1.0	2.0	0.0	0.0012715102873220381	3.473684210526316
1.0	2.0	0.0	0.0012754979797230837	3.789473684210526
1.0	3.0	0.0	0.0018804606116493458	4.2105263157894735
1.0	2.0	0.0	0.001297400446844751	4.947368421052632
1.0	1.0	0.0	0.0007792480758045424	5.7894736842105265
1.0	1.0	0.0	0.0007780252775898234	5.473684210526316
1.0	1.0	0.0	0.0007780252775898234	5.473684210526316
1.0	2.0	0.0	0.0013199675251280604	5.684210526315789
1.0	2.0	0.0	0.001327270776002989	6.421052631578948
1.0	2.0	0.0	0.0013199675251280604	5.684210526315789
1.0	3.0	0.0	0.001884723811844051	3.0
1.0	2.0	0.0	0.001299287232365269	3.6153846153846154
1.0	3.0	0.0	0.0018847238118440512	3.0
1.0	2.0	0.0	0.001280971495319871	2.8461538461538463
1.0	2.0	0.0	0.001299287232365269	3.6153846153846154
1.0	2.0	0.0	0.0012809714953198712	2.8461538461538463
1.0	2.0	0.0	0.0013214614931415488	4.230769230769231
1.0	2.0	0.0	0.001299287232365269	3.6153846153846154
1.0	2.0	0.0	0.001299287232365269	3.6153846153846154
1.0	2.0	0.0	0.001328551330834956	4.846153846153846
1.0	2.0	0.0	0.0013214614931415488	4.230769230769231
1.0	2.0	0.0	0.0013214614931415488	4.230769230769231
1.0	2.0	0.0	0.0013214614931415488	4.230769230769231
1.0	2.0	0.0	0.001328551330834956	4.846153846153846
1.0	1.0	0.0	0.0007311634747056675	4.125
1.0	1.0	0.0	0.0007350379390862783	4.5
1.0	2.0	0.0	0.0013907576989538265	3.4375
1.0	1.0	0.0	0.0008127283680193156	5.0625
1.0	1.0	0.0	0.0008127283680193156	5.0625
1.0	3.0	0.0	0.0019303157385065748	2.75
1.0	3.0	0.0	0.0019077167519069133	2.5625
1.0	3.0	0.0	0.0019718767885084504	3.1875
1.0	2.0	0.0	0.0013078312005698164	3.125
1.0	2.0	0.0	0.0014969220135366453	4.25
1.0	2.0	0.0	0.0013271193553774814	3.75
1.0	3.0	0.0	0.0019848069156292877	3.5625
1.0	2.0	0.0	0.00133877709476956	2.875
1.0	1.0	0.0	0.0008121707474206362	5.1875
1.0	3.0	0.0	0.0020883969858764687	3.3125
1.0	2.0	0.0	0.0014978002447863605	4.125
1.0	2.0	0.0	0.0014978002447863605	4.125
1.0	1.0	0.0	0.000755997210270251	4.888888888888889
1.0	3.0	0.0	0.001748333443456508	3.8333333333333335
1.0	2.0	0.0	0.0012982201861238651	3.4444444444444446
1.0	3.0	0.0	0.0017103282126674907	3.3333333333333335
1.0	2.0	0.0	0.0012214550386161417	4.555555555555555
1.0	2.0	0.0	0.0012214550386161417	4.555555555555555
1.0	3.0	0.0	0.0017392525475445654	3.1666666666666665
1.0	3.0	0.0	0.0017392525475445654	3.1666666666666665
1.0	2.0	0.0	0.0012350729513954653	4.388888888888889
1.0	2.0	0.0	0.0012350729513954653	4.388888888888889
1.0	2.0	0.0	0.0012187613182071619	3.888888888888889
1.0	2.0	0.0	0.0012187613182071619	3.888888888888889
1.0	2.0	0.0	0.0012041558455494275	3.2222222222222223
1.0	2.0	0.0	0.0012041558455494275	3.2222222222222223
1.0	3.0	0.0	0.001803564144980687	3.0555555555555554
1.0	3.0	0.0	0.0020520380388502424	3.9444444444444446
1.0	2.0	0.0	0.001449398855054319	4.666666666666667
1.0	2.0	0.0	0.0015378319015208293	5.5
1.0	1.0	0.0	0.0008324837031985325	6.444444444444445
1.0	1.0	0.0	0.0008240572006544853	9.947368421052632
1.0	1.0	0.0	0.0006598021020292309	5.2894736842105265
1.0	2.0	0.0	0.0012146339950038871	5.2894736842105265
1.0	2.0	0.0	0.0012176270244681699	5.578947368421052
1.0	1.0	0.0	0.000683253591228021	5.368421052631579
1.0	1.0	0.0	0.0007071698206642127	6.131578947368421
1.0	2.0	0.0	0.0014119175858763847	6.7368421052631575
1.0	2.0	0.0	0.0013353440186462623	7.184210526315789
1.0	1.0	0.0	0.0007512458502975596	6.7631578947368425
1.0	1.0	0.0	0.0008076038922924413	8.578947368421053
1.0	4.0	0.0	0.0022873594417505807	4.2368421052631575
1.0	3.0	0.0	0.0016884794335534604	4.157894736842105
1.0	3.0	0.0	0.0017042963528501646	4.131578947368421
1.0	4.0	0.0	0.002285691479146922	4.5
1.0	4.0	0.0	0.002314798042554622	4.315789473684211
1.0	3.0	0.0	0.0017247797690989799	4.7894736842105265
1.0	2.0	0.0	0.0011629637380765956	4.631578947368421
1.0	2.0	0.0	0.0011978923379428739	4.421052631578948
1.0	3.0	0.0	0.0018136846658504389	4.394736842105263
1.0	4.0	0.0	0.002338121267149813	4.605263157894737
1.0	2.0	0.0	0.001195818708206379	4.578947368421052
1.0	1.0	0.0	0.0006537208051293175	5.2105263157894735
1.0	3.0	0.0	0.0017609441880225949	5.052631578947368
1.0	3.0	0.0	0.0018945114262235553	5.157894736842105
1.0	4.0	0.0	0.0024938519143895177	6.052631578947368
1.0	2.0	0.0	0.001226157434914249	5.2631578947368425
1.0	3.0	0.0	0.0018173482832141697	4.868421052631579
1.0	1.0	0.0	0.000665317437225079	5.578947368421052
1.0	2.0	0.0	0.001245851202893327	5.921052631578948
1.0	2.0	0.0	0.0012223751328491155	5.7105263157894735
1.0	2.0	0.0	0.0013420332247236942	5.921052631578948
1.0	1.0	0.0	0.0007002466916204185	7.026315789473684
1.0	1.0	0.0	0.0007002466916204185	7.026315789473684
1.0	3.0	0.0	0.0018513488106231316	6.368421052631579
1.0	2.0	0.0	0.0013607201635494454	5.7894736842105265
1.0	2.0	0.0	0.0014252145157020997	8.052631578947368
1.0	3.0	0.0	0.002226443246099251	7.605263157894737
1.0	2.0	0.0	0.001521527403207832	8.973684210526315
1.0	1.0	0.0	0.0008076038922924413	8.578947368421053
1.0	2.0	0.0	0.0013094166935671383	5.7727272727272725
1.0	1.0	0.0	0.0007115320150924318	4.363636363636363
1.0	3.0	0.0	0.0018215104248389114	3.4545454545454546
1.0	3.0	0.0	0.0017984189963610308	2.9545454545454546
1.0	3.0	0.0	0.0018847456052651132	3.090909090909091
1.0	2.0	0.0	0.0012710502879763514	4.2272727272727275
1.0	2.0	0.0	0.0012710502879763514	4.2272727272727275
1.0	3.0	0.0	0.0018215104248389116	3.4545454545454546
1.0	2.0	0.0	0.001299582085586455	5.0
1.0	2.0	0.0	0.001299582085586455	5.0
1.0	1.0	0.0	0.0007048171723899306	4.045454545454546
1.0	3.0	0.0	0.001909122967969531	3.409090909090909
1.0	2.0	0.0	0.0012710502879763514	4.2272727272727275
1.0	2.0	0.0	0.0012710502879763514	4.2272727272727275
1.0	3.0	0.0	0.0018779117532420257	3.909090909090909
1.0	2.0	0.0	0.0012995820855864553	5.0
1.0	2.0	0.0	0.0012995820855864553	5.0
1.0	2.0	0.0	0.0013094166935671383	5.7727272727272725
1.0	2.0	0.0	0.0012965495257795461	4.681818181818182
1.0	2.0	0.0	0.0012965495257795461	4.681818181818182
1.0	2.0	0.0	0.0013190529055724664	5.454545454545454
1.0	2.0	0.0	0.0013190529055724664	5.454545454545454
1.0	2.0	0.0	0.0013267363312394144	6.2272727272727275
1.0	1.0	0.0	0.0007267738435096283	5.125
1.0	2.0	0.0	0.0012516444271852582	3.5
1.0	1.0	0.0	0.0006667928831050524	3.25
1.0	3.0	0.3333333333333333	0.0017567630420985813	3.0
1.0	2.0	1.0	0.0012110286394014476	3.875
1.0	2.0	1.0	0.0012110286394014476	3.875
1.0	4.0	0.0	0.002344712704027953	2.3125
1.0	3.0	0.0	0.0018035394218711754	2.5
1.0	3.0	0.0	0.0017933828570820321	2.75
1.0	2.0	0.0	0.001262316739472797	3.0625
1.0	2.0	0.0	0.001262316739472797	3.0625
1.0	2.0	0.0	0.0012516444271852582	3.5
1.0	2.0	0.0	0.0012770142375649384	4.25
1.0	2.0	0.0	0.0012951471128926897	3.625
1.0	2.0	0.0	0.0012951471128926897	3.625
1.0	2.0	0.0	0.0012770142375649381	4.25
1.0	3.0	0.0	0.0019576828657302736	4.1875
1.0	3.0	0.0	0.0016978068676402336	2.625
1.0	2.0	0.0	0.00119497654473449	3.375
1.0	2.0	0.0	0.0011949765447344903	3.375
1.0	3.0	0.0	0.001697806867640234	2.625
1.0	3.0	0.0	0.0017054785049093893	2.5625
1.0	3.0	0.0	0.001705478504909389	2.5625
1.0	3.0	0.0	0.0017082078928765119	2.5
1.0	3.0	0.0	0.0017082078928765117	2.5
1.0	2.0	0.0	0.0012145606653185322	3.75
1.0	2.0	0.0	0.0012102035501335255	3.25
1.0	2.0	0.0	0.0012102035501335255	3.25
1.0	2.0	0.0	0.0012111558900353412	3.1875
1.0	2.0	0.0	0.0012111558900353412	3.1875
1.0	2.0	0.0	0.0012432852694220595	3.9375
1.0	2.0	0.0	0.0012435801128186628	3.875
1.0	2.0	0.0	0.0012432852694220595	3.9375
1.0	2.0	0.0	0.0012435801128186628	3.875
1.0	2.0	0.0	0.001246138531668065	3.263157894736842
1.0	1.0	0.0	0.0007047149149109933	4.2105263157894735
1.0	1.0	0.0	0.000714601431307192	4.578947368421052
1.0	1.0	0.0	0.0007651384068655725	5.2631578947368425
1.0	1.0	0.0	0.0007651384068655725	5.2631578947368425
1.0	3.0	0.0	0.0017450096225806	2.8421052631578947
1.0	2.0	0.0	0.0012152614404449661	3.8421052631578947
1.0	2.0	0.0	0.0012339763554353072	3.8421052631578947
1.0	2.0	0.0	0.0012713643701067296	4.947368421052632
1.0	1.0	0.0	0.0007014360175181841	5.157894736842105
1.0	3.0	0.0	0.0018856114436785617	3.263157894736842
1.0	3.0	0.0	0.00178901126991117	2.8421052631578947
1.0	3.0	0.0	0.001918113504168642	3.6315789473684212
1.0	3.0	0.0	0.0019014687907757829	3.5789473684210527
1.0	3.0	0.0	0.0017497108569157912	3.1052631578947367
1.0	3.0	0.0	0.002086381349136722	4.315789473684211
1.0	2.0	0.0	0.0012094730857740948	3.473684210526316
1.0	3.0	0.0	0.0017733076453274176	3.5789473684210527
1.0	3.0	0.0	0.0018742350198992447	4.2105263157894735
1.0	2.0	0.0	0.0012663192196022814	4.473684210526316
1.0	1.0	0.0	0.000714236089751834	5.045454545454546
1.0	1.0	0.0	0.0007186980031202696	5.363636363636363
1.0	3.0	0.0	0.001795970622028931	3.0
1.0	2.0	0.0	0.001233896690171659	3.3181818181818183
1.0	2.0	0.0	0.0013174628256402694	6.2272727272727275
1.0	2.0	0.0	0.0012327696528948685	3.409090909090909
1.0	3.0	0.0	0.0018263765837328182	3.409090909090909
1.0	3.0	0.0	0.0018471535815936901	3.909090909090909
1.0	3.0	0.0	0.0018517347070486322	3.727272727272727
1.0	3.0	0.0	0.0019157655750632052	4.090909090909091
1.0	2.0	0.0	0.0012724182613070198	4.181818181818182
1.0	2.0	0.0	0.0012828266750344582	4.681818181818182
1.0	2.0	0.0	0.0012828266750344582	4.681818181818182
1.0	3.0	0.0	0.001932449401899114	4.409090909090909
1.0	2.0	0.0	0.0012847998747576015	4.5
1.0	2.0	0.0	0.0013049340972210105	4.863636363636363
1.0	2.0	0.0	0.0013027871983913126	4.954545454545454
1.0	2.0	0.0	0.0013116879724875622	5.636363636363637
1.0	2.0	0.0	0.001312539545050153	5.181818181818182
1.0	2.0	0.0	0.0013109561270780647	5.2727272727272725
1.0	2.0	0.0	0.0013083599909953112	5.454545454545454
1.0	2.0	0.0	0.0013083599909953112	5.454545454545454
1.0	2.0	0.0	0.0013198632940292752	5.954545454545454
1.0	2.0	0.0	0.001257288332188862	4.476190476190476
1.0	2.0	0.0	0.001379805387999972	3.9523809523809526
1.0	1.0	0.0	0.0007137448323743387	5.9523809523809526
1.0	1.0	0.0	0.0007983953985387486	5.666666666666667
1.0	1.0	0.0	0.0007983953985387484	5.666666666666667
1.0	3.0	0.0	0.0018124004572073794	3.8095238095238093
1.0	3.0	0.0	0.0018113424720659474	3.8095238095238093
1.0	3.0	0.0	0.0018942247178519963	4.428571428571429
1.0	2.0	0.0	0.0012515269521094026	3.5714285714285716
1.0	3.0	0.0	0.0018941609214991155	3.3333333333333335
1.0	2.0	0.0	0.0012490040502624639	3.619047619047619
1.0	3.0	0.0	0.0018554625894923332	3.0952380952380953
1.0	2.0	0.0	0.0012565184704697045	3.380952380952381
1.0	3.0	0.0	0.0019150350642434494	5.0
1.0	1.0	0.0	0.0007071980143020189	5.380952380952381
1.0	3.0	0.0	0.0019338486640989873	3.2857142857142856
1.0	1.0	0.0	0.0007079834522948792	4.285714285714286
1.0	2.0	0.0	0.0013798053879999722	3.9523809523809526
1.0	3.0	0.0	0.002192560745283182	4.714285714285714
1.0	3.0	0.0	0.002192560745283182	4.714285714285714
1.0	1.0	0.0	0.0007983953985387486	5.666666666666667
1.0	1.0	0.0	0.0007983953985387484	5.666666666666667
1.0	2.0	1.0	0.0011604976245264524	3.5789473684210527
1.0	2.0	0.0	0.001219289216555898	3.5789473684210527
1.0	1.0	0.0	0.000678303937529844	4.2631578947368425
1.0	1.0	0.0	0.0007445678121331922	4.578947368421052
1.0	1.0	0.0	0.0007445678121331922	4.578947368421052
1.0	1.0	0.0	0.0007984369311275557	3.142857142857143
1.0	4.0	0.0	0.0022038606268998426	2.263157894736842
1.0	4.0	0.16666666666666666	0.0022185971353376015	2.6842105263157894
1.0	3.0	0.0	0.0017206524571708516	2.5789473684210527
1.0	3.0	0.0	0.0017147995485096508	2.526315789473684
1.0	3.0	0.0	0.0018276352400341108	3.1578947368421053
1.0	2.0	1.0	0.0011604976245264524	3.5789473684210527
1.0	2.0	0.0	0.0011886795210520559	2.8947368421052633
1.0	2.0	0.0	0.001194138120277282	2.9473684210526314
1.0	3.0	0.0	0.0017964480555382248	2.8947368421052633
1.0	3.0	0.0	0.0018458887773794641	3.4210526315789473
1.0	2.0	0.0	0.001202272684461699	3.1578947368421053
1.0	3.0	0.0	0.001797489686512163	3.3157894736842106
1.0	1.0	0.0	0.0006873957568288218	4.105263157894737
1.0	1.0	0.0	0.0006928248693723158	4.368421052631579
1.0	3.0	0.0	0.002018005176113776	3.6315789473684212
1.0	3.0	0.0	0.002025192467963302	1.7142857142857142
1.0	2.0	0.0	0.0014652330199302005	2.2857142857142856
1.0	2.0	0.0	0.0013630617123884291	2.0
1.0	2.0	0.0	0.0013630617123884291	2.0
1.0	2.0	0.0	0.0013698264687438608	2.2857142857142856
1.0	2.0	0.0	0.0013698264687438608	2.2857142857142856
1.0	2.0	0.0	0.0013719258918715202	2.5714285714285716
1.0	2.0	1.0	0.0011604976245264524	3.5789473684210527
1.0	2.0	0.0	0.001219289216555898	3.5789473684210527
1.0	1.0	0.0	0.000678303937529844	4.2631578947368425
1.0	1.0	0.0	0.0007445678121331922	4.578947368421052
1.0	1.0	0.0	0.0007445678121331922	4.578947368421052
1.0	4.0	0.0	0.0022038606268998426	2.263157894736842
1.0	4.0	0.16666666666666666	0.0022185971353376015	2.6842105263157894
1.0	3.0	0.0	0.0017206524571708516	2.5789473684210527
1.0	3.0	0.0	0.0017147995485096508	2.526315789473684
1.0	3.0	0.0	0.0018276352400341108	3.1578947368421053
1.0	2.0	1.0	0.0011604976245264524	3.5789473684210527
1.0	2.0	0.0	0.0011886795210520559	2.8947368421052633
1.0	2.0	0.0	0.001194138120277282	2.9473684210526314
1.0	3.0	0.0	0.0017964480555382248	2.8947368421052633
1.0	3.0	0.0	0.0018458887773794641	3.4210526315789473
1.0	2.0	0.0	0.001202272684461699	3.1578947368421053
1.0	3.0	0.0	0.001797489686512163	3.3157894736842106
1.0	1.0	0.0	0.0006873957568288218	4.105263157894737
1.0	1.0	0.0	0.0006928248693723158	4.368421052631579
1.0	3.0	0.0	0.002018005176113776	3.6315789473684212
1.0	2.0	0.0	0.0014417847529172856	3.357142857142857
1.0	2.0	0.0	0.0013313560877431638	2.7857142857142856
1.0	1.0	0.0	0.0007378029345016469	3.642857142857143
1.0	1.0	0.0	0.0007856621664082545	4.0
1.0	1.0	0.0	0.0007862592304950847	4.071428571428571
1.0	1.0	0.0	0.0007877767132805915	4.214285714285714
1.0	3.0	0.0	0.001969282570126682	2.2857142857142856
1.0	3.0	0.0	0.0019711283013807033	2.357142857142857
1.0	3.0	0.0	0.0019778135070118758	2.5
1.0	3.0	0.0	0.0019767425294117953	2.5714285714285716
1.0	3.0	0.0	0.001993965066016379	2.7142857142857144
1.0	1.0	0.0	0.000787355181931841	4.285714285714286
1.0	2.0	0.0	0.00143802519464975	3.0714285714285716
1.0	2.0	0.0	0.0014369932830914946	3.142857142857143
1.0	2.0	0.0	0.0014403612432031237	3.2857142857142856
1.0	2.0	0.0	0.0014494432883639752	5.153846153846154
1.0	2.0	0.0	0.0014494432883639752	5.153846153846154
1.0	1.0	0.0	0.0007136821874701284	4.461538461538462
1.0	1.0	0.0	0.0007011716853016485	5.038461538461538
1.0	1.0	0.0	0.0007560333240450549	5.3076923076923075
1.0	1.0	0.0	0.0007560333240450549	5.3076923076923075
1.0	3.0	0.0	0.0019475847187313093	3.6923076923076925
1.0	3.0	0.0	0.0018310634070062373	3.4615384615384617
1.0	3.0	0.0	0.0019119912018751338	3.5
1.0	3.0	0.0	0.0018185131847546316	3.6538461538461537
1.0	2.0	0.0	0.0012676094482335864	4.269230769230769
1.0	3.0	0.0	0.001875322302748649	4.076923076923077
1.0	2.0	0.0	0.0012655303599780942	4.461538461538462
1.0	3.0	0.0	0.0020522261498010946	4.346153846153846
1.0	3.0	0.0	0.0020522261498010946	4.346153846153846
1.0	3.0	0.0	0.0018603354078921622	4.653846153846154
1.0	2.0	0.0	0.0012905040454580254	5.076923076923077
1.0	2.0	0.0	0.001287916271022709	5.269230769230769
1.0	2.0	0.0	0.0012887210375344509	5.461538461538462
1.0	2.0	0.0	0.0012887210375344509	5.461538461538462
1.0	2.0	0.0	0.0015378717669223664	6.038461538461538
1.0	2.0	0.0	0.0015378717669223664	6.038461538461538
1.0	2.0	0.0	0.0013129839153700562	6.269230769230769
1.0	2.0	0.0	0.0013129839153700562	6.269230769230769
1.0	2.0	0.0	0.0013213885418923233	7.076923076923077
1.0	1.0	0.0	0.0008324920227333847	7.0
1.0	1.0	0.0	0.0008324920227333847	7.0
1.0	2.0	0.0	0.0012525593917921463	3.388888888888889
1.0	1.0	0.0	0.0007066904547089392	4.277777777777778
1.0	1.0	0.0	0.0007170627140544176	4.722222222222222
1.0	1.0	0.0	0.0007734706645876891	5.555555555555555
1.0	3.0	0.0	0.001753913756169086	2.8333333333333335
1.0	2.0	0.0	0.0011958779996854869	3.1666666666666665
1.0	2.0	0.0	0.0011949506473171955	3.2222222222222223
1.0	2.0	0.0	0.0012402228511514582	4.166666666666667
1.0	2.0	0.0	0.0012725854555464596	4.722222222222222
1.0	1.0	0.0	0.0007011398666994596	4.944444444444445
1.0	3.0	0.0	0.001892051520338365	3.3333333333333335
1.0	3.0	0.0	0.0019265525047909079	3.7777777777777777
1.0	3.0	0.0	0.001915112407228765	3.7777777777777777
1.0	3.0	0.0	0.0017965249267227993	2.888888888888889
1.0	2.0	0.0	0.0014097041814262602	4.611111111111111
1.0	3.0	0.0	0.0017690238273125312	3.388888888888889
1.0	3.0	0.0	0.0017653834794336327	3.4444444444444446
1.0	3.0	0.0	0.0018731490164104268	4.0
1.0	2.0	0.0	0.0012696154333722213	4.777777777777778
1.0	2.0	0.0	0.001354760749481734	2.8666666666666667
1.0	1.0	0.0	0.0008101934935864747	4.866666666666666
1.0	1.0	0.0	0.0008101934935864747	4.866666666666666
1.0	1.0	0.0	0.0007769534362552642	4.2
1.0	4.0	0.0	0.0027490266096680048	2.8666666666666667
1.0	3.0	0.0	0.0021304102804814602	3.2666666666666666
1.0	1.0	0.0	0.0007587756033914049	3.8
1.0	1.0	0.0	0.0007587756033914049	3.8
1.0	2.0	0.0	0.0013224061782079839	3.0
1.0	3.0	0.0	0.0022326648431770318	3.933333333333333
1.0	3.0	0.0	0.0019183193925208391	3.2666666666666666
1.0	2.0	0.0	0.0013131102563273388	3.933333333333333
1.0	2.0	0.0	0.0013131102563273388	3.933333333333333
1.0	2.0	0.0	0.0013333603692539493	4.6
1.0	2.0	0.0	0.0013333603692539493	4.6
1.0	2.0	0.0	0.0013377084114036652	5.266666666666667
1.0	1.0	0.0	0.0007661857908190194	5.761904761904762
1.0	1.0	0.0	0.0007661857908190194	5.761904761904762
1.0	1.0	0.0	0.0007661857908190194	5.761904761904762
1.0	1.0	0.0	0.0007159144406966378	4.714285714285714
1.0	1.0	0.0	0.0007659235142128754	5.095238095238095
1.0	1.0	0.0	0.0007659235142128754	5.095238095238095
1.0	2.0	0.0	0.0012737703953870666	3.4761904761904763
1.0	3.0	0.0	0.002084083132462905	4.142857142857143
1.0	2.0	0.0	0.001322367731028358	5.761904761904762
1.0	3.0	0.0	0.0018545394824710344	3.2857142857142856
1.0	3.0	0.0	0.001903897458184436	3.380952380952381
1.0	3.0	0.0	0.0019283984068216582	4.142857142857143
1.0	2.0	0.0	0.0012855019589100526	3.761904761904762
1.0	2.0	0.0	0.0012790326398264	3.6666666666666665
1.0	2.0	0.0	0.0012899195494805262	4.0476190476190474
1.0	4.0	0.0	0.0027793476854267225	4.809523809523809
1.0	3.0	0.0	0.0019189539376073456	3.761904761904762
1.0	3.0	0.0	0.0018860425853164304	4.238095238095238
1.0	2.0	0.0	0.001298054423075748	5.0
1.0	2.0	0.0	0.001298054423075748	5.0
1.0	2.0	0.0	0.001322367731028358	5.761904761904762
1.0	2.0	0.0	0.0013274024694999466	6.523809523809524
1.0	2.0	0.0	0.0013338335023704256	3.0625
1.0	1.0	0.0	0.0008238472523505862	5.5
1.0	3.0	0.0	0.001848743723315387	2.5
1.0	3.0	0.0	0.001846836961192195	2.8125
1.0	3.0	0.0	0.001846836961192195	2.8125
1.0	2.0	0.0	0.0014245301323889473	3.75
1.0	2.0	0.0	0.0012827209855779849	3.5
1.0	2.0	0.0	0.0012827209855779849	3.5
1.0	2.0	0.0	0.0012827209855779849	3.5
1.0	2.0	0.0	0.0012827209855779849	3.5
1.0	2.0	0.0	0.0015206436035254361	4.5625
1.0	2.0	0.0	0.0013082578990134908	4.1875
1.0	2.0	0.0	0.0013082578990134908	4.1875
1.0	2.0	0.0	0.0013082578990134908	4.1875
1.0	2.0	0.0	0.0013082578990134908	4.1875
1.0	2.0	0.0	0.0013173811278789434	4.875
1.0	2.0	0.0	0.0013173811278789434	4.875
1.0	1.0	0.0	0.0007144488418645043	4.529411764705882
1.0	1.0	0.0	0.0007141714224884488	5.0
1.0	1.0	0.0	0.000695627315036237	4.0588235294117645
1.0	2.0	0.0	0.0012310432037387405	3.1176470588235294
1.0	1.0	0.0	0.0007154756232579792	4.764705882352941
1.0	3.0	0.0	0.0017625404312310213	2.6470588235294117
1.0	3.0	0.0	0.001761977164700842	2.6470588235294117
1.0	3.0	0.0	0.0017846920185303143	2.8823529411764706
1.0	3.0	0.0	0.0017867938659367083	2.8823529411764706
1.0	3.0	0.0	0.0018551704838485794	3.1176470588235294
1.0	2.0	0.0	0.001243205610558069	3.1176470588235294
1.0	2.0	0.0	0.001250891511960483	3.3529411764705883
1.0	2.0	0.0	0.0012401643790766106	3.235294117647059
1.0	2.0	0.0	0.0012502208910379145	3.4705882352941178
1.0	3.0	0.0	0.0019212385327413315	3.823529411764706
1.0	3.0	0.0	0.0019179594082888232	3.588235294117647
1.0	2.0	0.0	0.0012722602915317962	3.823529411764706
1.0	3.0	0.0	0.0019168895187751964	4.0588235294117645
1.0	4.0	0.0	0.0027275740394923577	6.473684210526316
1.0	4.0	0.0	0.002746298820796921	7.657894736842105
1.0	1.0	0.0	0.0006784830070120746	6.578947368421052
1.0	1.0	0.0	0.0006826771728545956	6.921052631578948
1.0	1.0	0.0	0.0007535851433104996	7.447368421052632
1.0	1.0	0.0	0.0007535851433104996	7.447368421052632
1.0	1.0	0.0	0.0007535851433104996	7.447368421052632
1.0	1.0	0.0	0.0007575704123342763	8.631578947368421
1.0	1.0	0.0	0.0007575704123342763	8.631578947368421
1.0	1.0	0.0	0.0007575704123342763	8.631578947368421
1.0	2.0	0.0	0.0011957508782372388	4.7894736842105265
1.0	1.0	0.0	0.0006930915810564551	6.921052631578948
1.0	1.0	0.0	0.0007250615840003743	9.447368421052632
1.0	3.0	0.0	0.0017276089739087703	5.0
1.0	3.0	0.0	0.001755505501474074	5.342105263157895
1.0	3.0	0.0	0.0017451282201740742	4.7105263157894735
1.0	3.0	0.0	0.0018445042137972562	5.947368421052632
1.0	3.0	0.0	0.001856462362874077	5.657894736842105
1.0	3.0	0.0	0.0017672995744320726	6.2105263157894735
1.0	3.0	0.0	0.0017997969716903872	5.605263157894737
1.0	3.0	0.0	0.0017721671569265946	6.552631578947368
1.0	3.0	0.0	0.0018100790119780475	5.947368421052632
1.0	2.0	0.0	0.0012183969941325639	5.315789473684211
1.0	3.0	0.0	0.0017789065544470259	4.921052631578948
1.0	2.0	0.0	0.0012405361224567318	7.078947368421052
1.0	2.0	0.0	0.0012405188728227298	7.421052631578948
1.0	3.0	0.0	0.0017836495701710276	5.7894736842105265
1.0	3.0	0.0	0.0018056436903416597	6.2368421052631575
1.0	2.0	0.0	0.00122392079820938	5.2105263157894735
1.0	2.0	0.0	0.00122392079820938	5.2105263157894735
1.0	2.0	0.0	0.0012671290646047817	7.947368421052632
1.0	2.0	0.0	0.0012685772817652666	8.289473684210526
1.0	2.0	0.0	0.0012246860039976783	5.5
1.0	2.0	0.0	0.0012246860039976783	5.5
1.0	3.0	0.0	0.0018800399123698663	6.842105263157895
1.0	2.0	0.0	0.0012636269253750527	7.052631578947368
1.0	2.0	0.0	0.0012885710404049043	7.657894736842105
1.0	3.0	0.0	0.0019549951781698757	8.473684210526315
1.0	2.0	0.0	0.0012932422325258386	7.868421052631579
1.0	4.0	0.0	0.0027700035496069676	6.52
1.0	1.0	0.0	0.0007631421557184458	7.48
1.0	1.0	0.0	0.0006927050247063761	5.24
1.0	2.0	0.0	0.0014250222053938883	6.6
1.0	1.0	0.0	0.0007400214363356898	6.76
1.0	1.0	0.0	0.0007631421557184458	7.48
1.0	1.0	0.0	0.0007631421557184458	7.48
1.0	2.0	0.0	0.001198893163000216	4.2
1.0	3.0	0.0	0.0017641973997187784	4.2
1.0	3.0	0.0	0.00177490865483123	4.36
1.0	3.0	0.0	0.0017677932671159601	4.12
1.0	3.0	0.0	0.0017957162439602267	4.36
1.0	3.0	0.0	0.0018447445560523402	4.28
1.0	2.0	0.0	0.0012229912161426052	4.28
1.0	2.0	0.0	0.0012272492575864232	4.76
1.0	2.0	0.0	0.0012309431103911905	4.6
1.0	3.0	0.0	0.001855036292138225	5.16
1.0	2.0	0.0	0.0012486367575264953	5.0
1.0	2.0	0.0	0.0012525534953354263	4.84
1.0	2.0	0.0	0.0012525534953354263	4.84
1.0	3.0	0.0	0.0019119752974282203	5.8
1.0	2.0	0.0	0.0012751719349505515	5.32
1.0	2.0	0.0	0.0012751719349505515	5.32
1.0	3.0	0.0	0.0020009991622280563	5.8
1.0	2.0	0.0	0.0015205384383979162	7.48
1.0	1.0	0.0	0.0008240828274726629	8.44
1.0	1.0	0.0	0.0006964685761285921	5.82051282051282
1.0	1.0	0.0	0.0007019317569339316	6.461538461538462
1.0	1.0	0.0	0.0007134105508765496	6.538461538461538
1.0	1.0	0.0	0.0007150184066457837	7.17948717948718
1.0	2.0	0.0	0.001183980949320487	4.410256410256411
1.0	1.0	0.0	0.0006842101312032621	5.923076923076923
1.0	1.0	0.0	0.0006960977491141393	6.846153846153846
1.0	1.0	0.0	0.0006960977491141393	6.846153846153846
1.0	4.0	0.0	0.002220386222787052	3.6666666666666665
1.0	3.0	0.0	0.001725642459410019	4.128205128205129
1.0	3.0	0.0	0.0017192516893807784	4.0256410256410255
1.0	3.0	0.0	0.0017192516893807784	4.0256410256410255
1.0	3.0	0.0	0.0017646770560942578	4.769230769230769
1.0	3.0	0.0	0.0018168680373277448	4.948717948717949
1.0	3.0	0.0	0.001857807006226888	4.846153846153846
1.0	2.0	0.0	0.0011862000649269047	4.538461538461538
1.0	2.0	0.0	0.0011862000649269047	4.538461538461538
1.0	2.0	0.0	0.001213355830043403	4.846153846153846
1.0	2.0	0.0	0.001213355830043403	4.846153846153846
1.0	3.0	0.0	0.0018761547996550983	5.487179487179487
1.0	3.0	0.0	0.0017731629990953434	5.051282051282051
1.0	3.0	0.0	0.0017731629990953434	5.051282051282051
1.0	3.0	0.0	0.001914491647562398	5.564102564102564
1.0	2.0	0.0	0.0012424010910723146	5.358974358974359
1.0	2.0	0.0	0.0012424010910723146	5.358974358974359
1.0	3.0	0.0	0.0019197765504393172	6.205128205128205
1.0	3.0	0.0	0.0018555984770425409	5.871794871794871
1.0	3.0	0.0	0.0018555984770425409	5.871794871794871
1.0	3.0	0.0	0.0018086440587278799	5.769230769230769
1.0	3.0	0.0	0.0018086440587278799	5.769230769230769
1.0	2.0	0.0	0.0012652598775928611	6.641025641025641
1.0	2.0	0.0	0.0012652598775928611	6.641025641025641
1.0	2.0	0.0	0.0012652598775928611	6.641025641025641
1.0	2.0	0.0	0.0012652598775928611	6.641025641025641
1.0	2.0	0.0	0.001295134877203749	7.512820512820513
1.0	2.0	0.0	0.001295134877203749	7.512820512820513
1.0	2.0	0.0	0.001295134877203749	7.512820512820513
1.0	2.0	0.0	0.001295134877203749	7.512820512820513
1.0	2.0	0.0	0.0013054981385906771	8.384615384615385
1.0	2.0	0.0	0.0013054981385906771	8.384615384615385
1.0	1.0	0.0	0.0007745295116319988	6.352941176470588
1.0	1.0	0.0	0.0007745295116319988	6.352941176470588
1.0	2.0	0.0	0.001299154576597552	3.764705882352941
1.0	2.0	0.0	0.0012886618171087654	3.6470588235294117
1.0	2.0	0.0	0.0012928424908154302	4.0
1.0	3.0	0.0	0.0018774722602685483	3.6470588235294117
1.0	3.0	0.0	0.0018921606168939998	4.352941176470588
1.0	2.0	0.0	0.0012902650129657655	4.0
1.0	2.0	0.0	0.0012902650129657655	4.0
1.0	2.0	0.0	0.001303765518880469	5.0588235294117645
1.0	2.0	0.0	0.001303765518880469	5.0588235294117645
1.0	3.0	0.0	0.0019485766665065644	4.705882352941177
1.0	2.0	0.0	0.0013023513509569313	4.352941176470588
1.0	2.0	0.0	0.0013023513509569313	4.352941176470588
1.0	2.0	0.0	0.0013237449523944675	5.764705882352941
1.0	2.0	0.0	0.0013237449523944675	5.764705882352941
1.0	2.0	0.0	0.0013317688777051077	6.470588235294118
1.0	3.0	0.0	0.0021148205150483745	5.411764705882353
1.0	4.0	0.0	0.002570499993058706	3.5714285714285716
1.0	1.0	0.0	0.0007175452414747573	4.523809523809524
1.0	1.0	0.0	0.0007175452414747573	4.523809523809524
1.0	1.0	0.0	0.0007543945706297527	4.666666666666667
1.0	1.0	0.0	0.0007543945706297527	4.666666666666667
1.0	1.0	0.0	0.0006890881811753849	4.238095238095238
1.0	1.0	0.0	0.0006890881811753848	4.238095238095238
1.0	2.0	0.0	0.001278154154137229	3.761904761904762
1.0	3.0	0.0	0.0017930376397313308	2.857142857142857
1.0	4.0	0.0	0.0024620355923019198	2.9523809523809526
1.0	2.0	0.0	0.0013027706600943992	4.380952380952381
1.0	2.0	0.0	0.0012307727016291866	2.857142857142857
1.0	2.0	0.0	0.0013005158243033141	4.476190476190476
1.0	3.0	0.0	0.0020504940407987775	3.7142857142857144
1.0	3.0	0.0	0.0018332016694027793	3.2857142857142856
1.0	3.0	0.0	0.0018332016694027793	3.2857142857142856
1.0	3.0	0.0	0.0017872080464988054	3.6666666666666665
1.0	3.0	0.0	0.001787208046498805	3.6666666666666665
1.0	2.0	0.0	0.0012488109035073518	4.428571428571429
1.0	2.0	0.0	0.0012488109035073522	4.428571428571429
1.0	2.0	0.0	0.0012746375098748287	5.190476190476191
1.0	2.0	0.0	0.0012746375098748285	5.190476190476191
1.0	2.0	0.0	0.0014181728484170093	2.5
1.0	1.0	0.0	0.0007439268439181638	3.1
1.0	2.0	0.0	0.0013578673184867413	2.6
1.0	1.0	0.0	0.0008216128707745798	4.1
1.0	2.0	0.0	0.0013595785084637567	2.8
1.0	2.0	0.0	0.0013474843024995616	2.4
1.0	2.0	0.0	0.0013648647994257094	3.1
1.0	3.0	0.0	0.0019883634944719048	2.0
1.0	2.0	0.0	0.0013643135012253332	3.0
1.0	3.0	0.0	0.0020162742181959034	2.2
1.0	2.0	0.0	0.0015165677197124306	3.2
