Constant_feature	Degree	Clustering_coefficient	Pagerank	Aver_path_len
1.0	1.0	0.0	0.005588447155197411	7.784090909090909
1.0	4.0	0.0	0.01983952786196353	6.795454545454546
1.0	1.0	0.0	0.005420421253069723	11.511363636363637
1.0	1.0	0.0	0.005420421253069723	11.511363636363637
1.0	1.0	0.0	0.005420421253069723	11.511363636363637
1.0	2.0	0.0	0.009657282560176469	11.670454545454545
1.0	2.0	0.0	0.009657282560176469	11.670454545454545
1.0	2.0	0.0	0.009657282560176469	11.670454545454545
1.0	2.0	0.0	0.009724160463582692	12.579545454545455
1.0	2.0	0.0	0.009724160463582692	12.579545454545455
1.0	2.0	0.0	0.009724160463582692	12.579545454545455
1.0	2.0	0.0	0.009724549650825047	12.454545454545455
1.0	2.0	0.0	0.009724549650825047	12.454545454545455
1.0	2.0	0.0	0.009724549650825047	12.454545454545455
1.0	2.0	0.0	0.009733848020007766	13.295454545454545
1.0	2.0	0.0	0.009733848020007766	13.295454545454545
1.0	2.0	0.0	0.009733848020007766	13.295454545454545
1.0	0.0	0.0	0.0	0.0
1.0	4.0	0.0	0.018515491499888584	8.340909090909092
1.0	4.0	0.0	0.018515491499888584	8.340909090909092
1.0	4.0	0.0	0.018515491499888584	8.340909090909092
1.0	2.0	0.0	0.010140775121950487	7.1477272727272725
1.0	2.0	0.0	0.010140775121950487	7.1477272727272725
1.0	2.0	0.0	0.010140775121950487	7.1477272727272725
1.0	3.0	0.0	0.013352684832505629	8.965909090909092
1.0	3.0	0.0	0.013352684832505629	8.965909090909092
1.0	3.0	0.0	0.013352684832505629	8.965909090909092
1.0	3.0	0.0	0.013462852593102644	9.681818181818182
1.0	3.0	0.0	0.013462852593102644	9.681818181818182
1.0	3.0	0.0	0.013462852593102644	9.681818181818182
1.0	2.0	0.0	0.009328959642736855	9.125
1.0	2.0	0.0	0.009328959642736855	9.125
1.0	2.0	0.0	0.009328959642736855	9.125
1.0	2.0	0.0	0.009842463401416854	7.920454545454546
1.0	2.0	0.0	0.009842463401416854	7.920454545454546
1.0	2.0	0.0	0.009842463401416854	7.920454545454546
1.0	3.0	0.0	0.014324040256618294	10.522727272727273
1.0	3.0	0.0	0.014324040256618294	10.522727272727273
1.0	3.0	0.0	0.014324040256618294	10.522727272727273
1.0	3.0	0.0	0.013409831171281816	9.75
1.0	3.0	0.0	0.013409831171281816	9.75
1.0	3.0	0.0	0.013409831171281816	9.75
1.0	3.0	0.0	0.013458089296642075	10.465909090909092
1.0	3.0	0.0	0.013458089296642075	10.465909090909092
1.0	3.0	0.0	0.013458089296642075	10.465909090909092
1.0	3.0	0.0	0.013461559768925524	9.840909090909092
1.0	3.0	0.0	0.013461559768925524	9.840909090909092
1.0	3.0	0.0	0.013461559768925524	9.840909090909092
1.0	1.0	0.0	0.0052901354346637786	9.329545454545455
1.0	1.0	0.0	0.0052901354346637786	9.329545454545455
1.0	1.0	0.0	0.0052901354346637786	9.329545454545455
1.0	2.0	0.0	0.009515698479027723	11.306818181818182
1.0	2.0	0.0	0.009515698479027723	11.306818181818182
1.0	2.0	0.0	0.009515698479027723	11.306818181818182
1.0	3.0	0.0	0.013651985530025362	10.590909090909092
1.0	3.0	0.0	0.013651985530025362	10.590909090909092
1.0	3.0	0.0	0.013651985530025362	10.590909090909092
1.0	2.0	0.0	0.010114433464823389	7.5227272727272725
1.0	2.0	0.0	0.010114433464823389	7.5227272727272725
1.0	2.0	0.0	0.010114433464823389	7.5227272727272725
1.0	3.0	0.0	0.013678530079465085	10.715909090909092
1.0	3.0	0.0	0.013678530079465085	10.715909090909092
1.0	3.0	0.0	0.013678530079465085	10.715909090909092
1.0	2.0	0.0	0.009301899746130105	10.625
1.0	2.0	0.0	0.009301899746130105	10.625
1.0	2.0	0.0	0.009301899746130105	10.625
1.0	2.0	0.0	0.009458001023278002	11.375
1.0	2.0	0.0	0.009458001023278002	11.375
1.0	2.0	0.0	0.009458001023278002	11.375
1.0	2.0	0.0	0.009383182288837687	11.465909090909092
1.0	2.0	0.0	0.009383182288837687	11.465909090909092
1.0	2.0	0.0	0.009383182288837687	11.465909090909092
1.0	3.0	0.0	0.01390004948368655	11.625
1.0	3.0	0.0	0.01390004948368655	11.625
1.0	3.0	0.0	0.01390004948368655	11.625
1.0	3.0	0.0	0.013849453604156722	11.5
1.0	3.0	0.0	0.013849453604156722	11.5
1.0	3.0	0.0	0.013849453604156722	11.5
1.0	2.0	0.0	0.009550216787945908	12.25
1.0	2.0	0.0	0.009550216787945908	12.25
1.0	2.0	0.0	0.009550216787945908	12.25
1.0	3.0	0.0	0.01388159862468695	12.340909090909092
1.0	3.0	0.0	0.01388159862468695	12.340909090909092
1.0	3.0	0.0	0.01388159862468695	12.340909090909092
1.0	2.0	0.0	0.009845281177961372	12.602272727272727
1.0	2.0	0.0	0.009845281177961372	12.602272727272727
1.0	2.0	0.0	0.009845281177961372	12.602272727272727
1.0	2.0	0.0	0.009879866403527178	13.352272727272727
1.0	2.0	0.0	0.009879866403527178	13.352272727272727
1.0	2.0	0.0	0.009879866403527178	13.352272727272727
