Constant_feature	Degree	Clustering_coefficient	Pagerank	Aver_path_len
1.0	1.0	0.0	0.016978096005354586	8.0
1.0	1.0	0.0	0.017047513937438103	8.766666666666667
1.0	1.0	0.0	0.017014070938820562	8.133333333333333
1.0	1.0	0.0	0.01707889545096047	8.9
1.0	0.0	0.0	0.0	0.0
1.0	1.0	0.0	0.0160095347814992	5.3
1.0	1.0	0.0	0.01652945697921192	5.433333333333334
1.0	3.0	0.0	0.044665240329112794	5.633333333333334
1.0	4.0	0.0	0.05681875923339267	4.333333333333333
1.0	3.0	0.0	0.04253705174044569	4.233333333333333
1.0	2.0	0.0	0.029455671113384662	5.033333333333333
1.0	2.0	0.0	0.029387525634113138	4.933333333333334
1.0	2.0	0.0	0.029881484864753415	5.733333333333333
1.0	2.0	0.0	0.029258326244033878	4.7
1.0	2.0	0.0	0.03282219025249196	6.533333333333333
1.0	3.0	0.0	0.044347025531768135	4.466666666666667
1.0	1.0	0.0	0.01799523756587987	7.5
1.0	2.0	0.0	0.029442680581943107	5.133333333333334
1.0	2.0	0.0	0.02996050548204695	4.833333333333333
1.0	3.0	0.0	0.043499326231846616	5.633333333333334
1.0	2.0	0.0	0.02984759332074951	5.266666666666667
1.0	2.0	0.0	0.030028268583635328	6.333333333333333
1.0	2.0	0.0	0.030028269117177278	6.4
1.0	3.0	0.0	0.043796069502006804	5.766666666666667
1.0	3.0	0.0	0.04583982684740727	7.033333333333333
1.0	2.0	0.0	0.030559877216746977	7.1
1.0	2.0	0.0	0.030153216816526603	6.466666666666667
1.0	2.0	0.0	0.030157505869997336	6.533333333333333
1.0	3.0	0.0	0.046073483526316614	7.8
1.0	3.0	0.0	0.04595991669924904	7.166666666666667
1.0	2.0	0.0	0.030649466715457856	7.233333333333333
1.0	3.0	0.0	0.04617791288623131	7.933333333333334
