Constant_feature	Degree	Clustering_coefficient	Pagerank	Aver_path_len
1.0	2.0	0.0	0.026898928589730576	7.4324324324324325
1.0	1.0	0.0	0.013793475396389794	6.081081081081081
1.0	2.0	0.0	0.024679985922405695	5.8108108108108105
1.0	1.0	0.0	0.01437812997500868	7.648648648648648
1.0	2.0	0.0	0.024924697676568755	6.243243243243243
1.0	1.0	0.0	0.013657033929373669	6.1891891891891895
1.0	1.0	0.0	0.013837570666608295	6.621621621621622
1.0	2.0	0.0	0.025507641686033353	6.027027027027027
1.0	2.0	0.0	0.024515636543037643	4.891891891891892
1.0	2.0	0.0	0.026279101622408332	6.243243243243243
1.0	3.0	0.0	0.04172415627013849	7.108108108108108
1.0	3.0	0.0	0.03709594844207165	5.4324324324324325
1.0	3.0	0.0	0.0372083511617805	5.108108108108108
1.0	1.0	0.0	0.015149589911383663	8.08108108108108
1.0	1.0	0.0	0.015149589911383663	8.08108108108108
1.0	3.0	0.0	0.03574173998279664	4.72972972972973
1.0	4.0	0.0	0.05564355010599464	8.243243243243244
1.0	3.0	0.0	0.03915218927859311	6.675675675675675
1.0	2.0	0.0	0.024559731813256144	5.162162162162162
1.0	3.0	0.0	0.036750534301319145	5.216216216216216
1.0	1.0	0.0	0.015152377562090317	9.216216216216216
1.0	1.0	0.0	0.015152377562090317	9.216216216216216
1.0	1.0	0.0	0.015152377562090317	9.216216216216216
1.0	3.0	0.0	0.037354149272269245	5.648648648648648
1.0	2.0	0.0	0.024495043632108818	6.45945945945946
1.0	2.0	0.0	0.02463843384823112	6.891891891891892
1.0	3.0	0.0	0.035859477508208504	7.162162162162162
1.0	3.0	0.0	0.03596800325810587	7.594594594594595
1.0	2.0	0.0	0.024671905141105364	8.027027027027026
1.0	2.0	0.0	0.024671905141105364	8.027027027027026
1.0	2.0	0.0	0.024721706396947193	8.45945945945946
1.0	2.0	0.0	0.024721706396947193	8.45945945945946
1.0	2.0	0.0	0.02507272021060484	8.891891891891891
1.0	2.0	0.0	0.02507272021060484	8.891891891891891
1.0	2.0	0.0	0.02519681589460063	9.756756756756756
1.0	2.0	0.0	0.02510996481476447	9.324324324324325
1.0	2.0	0.0	0.02510996481476447	9.324324324324325
1.0	2.0	0.0	0.02523076758707861	10.18918918918919
