Constant_feature	Degree	Clustering_coefficient	Pagerank	Aver_path_len
1.0	2.0	1.0	0.023800142787769502	5.878787878787879
1.0	1.0	0.0	0.01436736074643569	7.303030303030303
1.0	1.0	0.0	0.014537847900827506	6.696969696969697
1.0	2.0	0.0	0.02695188871798737	5.696969696969697
1.0	1.0	0.0	0.015309567282840608	7.2727272727272725
1.0	1.0	0.0	0.0165305504269235	8.848484848484848
1.0	3.0	0.0	0.03492927930181034	4.303030303030303
1.0	4.0	0.16666666666666666	0.046298272985518696	5.545454545454546
1.0	3.0	0.0	0.035345373373989936	4.575757575757576
1.0	4.0	0.0	0.04790671478428383	4.9393939393939394
1.0	3.0	0.0	0.03548912858011691	4.181818181818182
1.0	4.0	0.0	0.048251615475008856	4.151515151515151
1.0	3.0	0.3333333333333333	0.034806161767056296	5.2727272727272725
1.0	2.0	0.0	0.023861828884622644	4.909090909090909
1.0	3.0	0.0	0.03673743738388227	4.303030303030303
1.0	2.0	0.0	0.024769593251209525	4.545454545454546
1.0	2.0	0.0	0.02494433513976466	4.424242424242424
1.0	2.0	0.0	0.024916606333255292	4.696969696969697
1.0	2.0	0.0	0.025174453842969353	4.757575757575758
1.0	3.0	0.0	0.038087357265172386	6.333333333333333
1.0	1.0	0.0	0.013720182938335428	5.909090909090909
1.0	3.0	0.0	0.03865551556090212	5.7272727272727275
1.0	1.0	0.0	0.013797948376964724	5.121212121212121
1.0	3.0	0.0	0.038700537811938204	4.606060606060606
1.0	2.0	0.0	0.02621865353414908	7.121212121212121
1.0	2.0	0.0	0.026336265274350783	6.515151515151516
1.0	3.0	0.0	0.03881058398054325	5.03030303030303
1.0	1.0	0.0	0.014551945825132893	5.575757575757576
1.0	2.0	0.0	0.02695188871798737	5.696969696969697
1.0	3.0	0.0	0.04123147217609561	6.303030303030303
1.0	3.0	0.0	0.04123147217609561	6.303030303030303
1.0	3.0	0.0	0.04126733205142825	6.96969696969697
1.0	1.0	0.0	0.015309567282840608	7.2727272727272725
1.0	2.0	0.0	0.030201118061790714	7.878787878787879
