Constant_feature	Degree	Clustering_coefficient	Pagerank	Aver_path_len
1.0	2.0	0.0	0.04601070015561458	3.0
1.0	2.0	0.0	0.045322399502802695	3.5
1.0	1.0	0.0	0.028860187189433516	5.166666666666667
1.0	1.0	0.0	0.028860187189433516	5.166666666666667
1.0	3.0	0.0	0.07217880356594918	3.7222222222222223
1.0	2.0	0.0	0.045322399502802695	3.5
1.0	2.0	0.0	0.04868010214680778	4.222222222222222
1.0	3.0	0.0	0.07866076625739851	4.222222222222222
1.0	3.0	0.0	0.06906879667161261	3.0555555555555554
1.0	3.0	0.0	0.0667731253050586	3.8333333333333335
1.0	3.0	0.0	0.06677312530505859	3.8333333333333335
1.0	3.0	0.0	0.07148587800761803	3.5
1.0	3.0	0.0	0.06675885215448951	3.0555555555555554
1.0	2.0	0.0	0.04882251050001449	4.333333333333333
1.0	1.0	0.0	0.026916982929298863	4.666666666666667
1.0	2.0	0.0	0.04685079268362265	4.555555555555555
1.0	2.0	0.0	0.046850792683622654	4.555555555555555
1.0	2.0	0.0	0.04790179912468068	5.277777777777778
1.0	2.0	0.0	0.047901799124680663	5.277777777777778
