Constant_feature	Degree	Clustering_coefficient	Pagerank	Aver_path_len
1.0	4.0	0.0	0.08027018668813796	5.0
1.0	4.0	0.0	0.08100572091415542	5.416666666666667
1.0	2.0	0.0	0.0393861947588654	4.541666666666667
1.0	2.0	0.0	0.04014904441580385	4.958333333333333
1.0	4.0	0.0	0.08372266868838685	5.708333333333333
1.0	4.0	0.0	0.08414564397706753	6.125
1.0	1.0	0.0	0.022837333342593566	6.666666666666667
1.0	1.0	0.0	0.022837333342593566	6.666666666666667
1.0	1.0	0.0	0.022837333342593566	6.666666666666667
1.0	1.0	0.0	0.02206107311610078	5.958333333333333
1.0	1.0	0.0	0.02206107311610078	5.958333333333333
1.0	1.0	0.0	0.022932083287600318	7.083333333333333
1.0	1.0	0.0	0.022932083287600318	7.083333333333333
1.0	1.0	0.0	0.022932083287600318	7.083333333333333
1.0	1.0	0.0	0.022226946370717208	6.375
1.0	1.0	0.0	0.022226946370717208	6.375
1.0	3.0	0.0	0.05774927613044243	4.166666666666667
1.0	2.0	0.0	0.0390182132627839	4.125
1.0	2.0	0.0	0.03982564332283378	4.583333333333333
1.0	3.0	0.0	0.05919895913321076	4.291666666666667
1.0	2.0	0.0	0.039316989008271575	4.166666666666667
1.0	2.0	0.0	0.04104070260182721	4.958333333333333
1.0	1.0	0.0	0.021759184466072615	5.25
1.0	2.0	0.0	0.04381170280886067	5.833333333333333
1.0	1.0	0.0	0.023715580959062597	6.791666666666667
