Constant_feature	Degree	Clustering_coefficient	Pagerank	Aver_path_len
1.0	1.0	0.0	0.02596040734165081	4.7894736842105265
1.0	1.0	0.0	0.02596040734165081	4.7894736842105265
1.0	2.0	0.0	0.05106957830926729	4.684210526315789
1.0	2.0	0.0	0.05123995532294978	5.2105263157894735
1.0	1.0	0.0	0.026433384466986287	5.947368421052632
1.0	2.0	0.0	0.04739379180863709	4.473684210526316
1.0	2.0	0.0	0.04739379180863709	4.473684210526316
1.0	3.0	0.0	0.06725433082547932	3.3157894736842106
1.0	2.0	0.0	0.0451846832478281	3.210526315789474
1.0	3.0	0.0	0.0666973368093368	3.210526315789474
1.0	3.0	0.0	0.06986653790612683	3.8421052631578947
1.0	3.0	0.0	0.06986653790612683	3.8421052631578947
1.0	2.0	0.0	0.045895251352189255	3.526315789473684
1.0	2.0	0.0	0.046022704000500986	3.736842105263158
1.0	3.0	0.0	0.06962263609779021	3.8421052631578947
1.0	2.0	0.0	0.046698328125832834	4.052631578947368
1.0	3.0	0.0	0.07144309693737835	5.0
1.0	3.0	0.0	0.0699579473983117	4.368421052631579
1.0	1.0	0.0	0.027981663814092478	5.631578947368421
1.0	1.0	0.0	0.02805762917922691	6.157894736842105
