Constant_feature	Degree	Clustering_coefficient	Pagerank	Aver_path_len
1.0	1.0	0.0	0.03293517771063036	4.733333333333333
1.0	2.0	0.0	0.05733379163622021	2.8666666666666667
1.0	1.0	0.0	0.034236666814616484	5.0
1.0	2.0	0.0	0.058288057837969476	3.4
1.0	2.0	0.0	0.05962035542126073	4.333333333333333
1.0	1.0	0.0	0.03293517771063036	4.733333333333333
1.0	4.0	0.0	0.1116867102720583	3.2666666666666666
1.0	2.0	0.0	0.05746485277200099	4.066666666666666
1.0	2.0	0.0	0.05746485277200099	4.066666666666666
1.0	2.0	0.0	0.05796913194856071	4.866666666666666
1.0	2.0	0.0	0.05717892161509328	3.0
1.0	2.0	0.0	0.062191743528303506	4.066666666666666
1.0	3.0	0.0	0.08450819430796513	2.8666666666666667
1.0	2.0	0.0	0.058288057837969476	3.4
1.0	3.0	0.0	0.08894915390735997	3.8
1.0	3.0	0.0	0.08894915390735995	3.8
