Constant_feature	Degree	Clustering_coefficient	Pagerank	Aver_path_len
1.0	1.0	0.0	0.014391740744764122	10.923076923076923
1.0	1.0	0.0	0.014391740744764122	10.923076923076923
1.0	1.0	0.0	0.014391740744764122	10.923076923076923
1.0	1.0	0.0	0.014391740744764122	10.923076923076923
1.0	1.0	0.0	0.014391740744764122	10.923076923076923
1.0	1.0	0.0	0.014391740744764122	10.923076923076923
1.0	2.0	0.0	0.02523703547385926	7.487179487179487
1.0	2.0	0.0	0.02523703547385926	7.487179487179487
1.0	1.0	0.0	0.013424024168626373	7.6923076923076925
1.0	1.0	0.0	0.013424024168626373	7.6923076923076925
1.0	1.0	0.0	0.013993907622443832	10.102564102564102
1.0	1.0	0.0	0.013993907622443832	10.102564102564102
1.0	3.0	0.0	0.03491634199689982	6.051282051282051
1.0	3.0	0.0	0.03491634199689982	6.051282051282051
1.0	2.0	0.0	0.02517183227132757	8.41025641025641
1.0	2.0	0.0	0.02517183227132757	8.41025641025641
1.0	2.0	0.0	0.02399614649191393	5.897435897435898
1.0	2.0	0.0	0.023996146491913926	5.897435897435898
1.0	2.0	0.0	0.023772772192740904	5.948717948717949
1.0	2.0	0.0	0.023772772192740904	5.948717948717949
1.0	2.0	0.0	0.023987049751473956	6.564102564102564
1.0	2.0	0.0	0.023987049751473956	6.564102564102564
1.0	2.0	0.0	0.024472293032014383	7.128205128205129
1.0	2.0	0.0	0.024472293032014383	7.128205128205129
1.0	3.0	0.0	0.036411544899770706	6.717948717948718
1.0	3.0	0.0	0.036411544899770706	6.717948717948718
1.0	4.0	0.0	0.052498317144343	8.307692307692308
1.0	4.0	0.0	0.052498317144343	8.307692307692308
1.0	2.0	0.0	0.024840015408972578	7.743589743589744
1.0	2.0	0.0	0.024840015408972578	7.743589743589744
1.0	1.0	0.0	0.014313011305232885	9.282051282051283
1.0	1.0	0.0	0.014313011305232885	9.282051282051283
1.0	1.0	0.0	0.014313011305232885	9.282051282051283
1.0	1.0	0.0	0.014313011305232885	9.282051282051283
1.0	1.0	0.0	0.014313011305232885	9.282051282051283
1.0	1.0	0.0	0.014313011305232885	9.282051282051283
1.0	3.0	0.0	0.03831414512421245	9.128205128205128
1.0	3.0	0.0	0.03831414512421245	9.128205128205128
1.0	4.0	0.0	0.05285031827141015	9.948717948717949
1.0	4.0	0.0	0.05285031827141015	9.948717948717949
