Constant_feature	Degree	Clustering_coefficient	Pagerank	Aver_path_len
1.0	2.0	0.0	0.0225105042042332	4.864864864864865
1.0	2.0	0.0	0.02288657362393319	5.324324324324325
1.0	2.0	0.0	0.02487112550910092	4.945945945945946
1.0	2.0	0.0	0.023311933519945094	4.972972972972973
1.0	2.0	0.0	0.02761884363680422	7.216216216216216
1.0	1.0	0.0	0.01406479260673958	7.27027027027027
1.0	1.0	0.0	0.014735990329635419	6.783783783783784
1.0	2.0	0.0	0.0267686571074058	7.054054054054054
1.0	2.0	0.0	0.026874053041214166	7.8108108108108105
1.0	3.0	0.0	0.03287442221467632	4.648648648648648
1.0	4.0	0.0	0.04419887185573579	3.918918918918919
1.0	3.0	0.0	0.03271693086871175	4.405405405405405
1.0	3.0	0.0	0.03378573508313411	4.135135135135135
1.0	2.0	0.0	0.02283872526864054	5.081081081081081
1.0	2.0	0.0	0.022922174104138826	4.351351351351352
1.0	2.0	0.0	0.025117975632397812	4.837837837837838
1.0	3.0	0.0	0.033385603979083356	4.378378378378378
1.0	3.0	0.0	0.034641154105938834	5.486486486486487
1.0	3.0	0.0	0.03448431830192235	4.837837837837838
1.0	1.0	0.0	0.013934246430630385	5.8108108108108105
1.0	3.0	0.0	0.03811074759770075	6.297297297297297
1.0	2.0	0.0	0.02390438266542565	5.486486486486487
1.0	2.0	0.0	0.023958334831232497	5.594594594594595
1.0	3.0	0.0	0.04035075684719329	5.8108108108108105
1.0	2.0	0.0	0.023696032408603643	5.621621621621622
1.0	3.0	0.0	0.03642440154972343	6.135135135135135
1.0	2.0	0.0	0.024402781964922477	6.243243243243243
1.0	3.0	0.0	0.03663356225045868	6.891891891891892
1.0	1.0	0.0	0.014735990329635419	6.783783783783784
1.0	3.0	0.0	0.03525258540051198	6.324324324324325
1.0	1.0	0.0	0.015060067959312862	8.18918918918919
1.0	2.0	0.0	0.024394406751391578	7.1891891891891895
1.0	2.0	0.0	0.024394406751391578	7.1891891891891895
1.0	1.0	0.0	0.014677466173593947	8.027027027027026
1.0	2.0	0.0	0.024864478373271513	8.054054054054054
1.0	2.0	0.0	0.024864478373271513	8.054054054054054
1.0	1.0	0.0	0.014724900660648976	8.783783783783784
1.0	2.0	0.0	0.025007587687688303	8.91891891891892
