Constant_feature	Degree	Clustering_coefficient	Pagerank	Aver_path_len
1.0	2.0	0.0	0.0467891638289998	3.388888888888889
1.0	2.0	0.0	0.04644961496957281	4.611111111111111
1.0	2.0	0.0	0.04666557031662133	5.166666666666667
1.0	2.0	0.0	0.046764981398009144	4.166666666666667
1.0	2.0	0.0	0.04674567296566915	5.111111111111111
1.0	1.0	0.0	0.02960847726448645	6.888888888888889
1.0	3.0	0.0	0.0665412220092657	3.8333333333333335
1.0	2.0	0.0	0.047395655998747205	3.4444444444444446
1.0	3.0	0.0	0.07026103626462582	3.611111111111111
1.0	3.0	0.0	0.06732418225410823	3.4444444444444446
1.0	3.0	0.0	0.06726024538960551	4.388888888888889
1.0	2.0	0.0	0.04852009829712671	4.111111111111111
1.0	2.0	0.0	0.04852009829712671	4.111111111111111
1.0	2.0	0.0	0.04716501550368461	5.277777777777778
1.0	2.0	0.0	0.049288597988754526	4.611111111111111
1.0	2.0	0.0	0.049288597988754526	4.611111111111111
1.0	3.0	0.0	0.07396689588732075	5.111111111111111
1.0	2.0	0.0	0.04734260241076279	4.722222222222222
1.0	2.0	0.0	0.05410227096675799	5.944444444444445
