Constant_feature	Degree	Clustering_coefficient	Pagerank	Aver_path_len
1.0	1.0	0.0	0.020962169355842147	5.083333333333333
1.0	3.0	0.0	0.05512049901873163	4.083333333333333
1.0	2.0	0.0	0.03808560169864557	4.333333333333333
1.0	2.0	0.0	0.03805118301832969	4.625
1.0	2.0	0.0	0.037624292081453015	6.333333333333333
1.0	2.0	0.0	0.039680019761462834	7.083333333333333
1.0	2.0	0.0	0.039680019761462834	7.083333333333333
1.0	2.0	0.0	0.03960904584283363	6.583333333333333
1.0	2.0	0.0	0.03960904584283363	6.583333333333333
1.0	2.0	0.0	0.03945061087298846	6.083333333333333
1.0	2.0	0.0	0.03945061087298846	6.083333333333333
1.0	2.0	0.0	0.039170864482695716	5.583333333333333
1.0	2.0	0.0	0.039170864482695716	5.583333333333333
1.0	2.0	0.0	0.03870582090006456	5.083333333333333
1.0	2.0	0.0	0.03870582090006456	5.083333333333333
1.0	2.0	0.0	0.03795422273222553	4.583333333333333
1.0	2.0	0.0	0.03795422273222553	4.583333333333333
1.0	3.0	0.0	0.0565406693749121	4.125
1.0	3.0	0.0	0.056378307511443425	5.0
1.0	3.0	0.0	0.05477284773272119	5.541666666666667
1.0	1.0	0.0	0.020912847822518694	5.958333333333333
1.0	2.0	0.0	0.037624292081453015	6.333333333333333
1.0	2.0	0.0	0.03820144912730518	7.125
1.0	2.0	0.0	0.03820144912730518	7.125
1.0	2.0	0.0	0.038383222864797756	7.916666666666667
