Constant_feature	Degree	Clustering_coefficient	Pagerank	Aver_path_len
1.0	3.0	0.0	0.04840006249433906	3.5384615384615383
1.0	2.0	0.0	0.03398544255414545	4.076923076923077
1.0	2.0	0.0	0.036367833450380735	4.461538461538462
1.0	1.0	0.0	0.02140306104903175	6.3076923076923075
1.0	2.0	0.0	0.033035988813664416	4.038461538461538
1.0	2.0	0.0	0.033035988813664416	4.038461538461538
1.0	3.0	0.0	0.04937154621009223	4.615384615384615
1.0	3.0	0.0	0.04937154621009223	4.615384615384615
1.0	3.0	0.0	0.04988381491062614	3.6538461538461537
1.0	2.0	0.0	0.034225420764351866	5.423076923076923
1.0	2.0	0.0	0.034225420764351866	5.423076923076923
1.0	2.0	0.0	0.034225420764351866	5.423076923076923
1.0	2.0	0.0	0.034225420764351866	5.423076923076923
1.0	2.0	0.0	0.03403846979743158	4.576923076923077
1.0	3.0	0.0	0.05013541544260561	5.153846153846154
1.0	2.0	0.0	0.03490983553460056	6.230769230769231
1.0	2.0	0.0	0.03490983553460056	6.230769230769231
1.0	2.0	0.0	0.03490983553460056	6.230769230769231
1.0	2.0	0.0	0.03490983553460056	6.230769230769231
1.0	2.0	0.0	0.03512338883973461	7.038461538461538
1.0	2.0	0.0	0.03512338883973461	7.038461538461538
1.0	2.0	0.0	0.03457267062294758	5.961538461538462
1.0	2.0	0.0	0.03457267062294758	5.961538461538462
1.0	2.0	0.0	0.035172624829033536	6.769230769230769
1.0	2.0	0.0	0.035172624829033536	6.769230769230769
1.0	2.0	0.0	0.035359720105891064	7.576923076923077
1.0	2.0	0.0	0.039332716368794166	5.346153846153846
