Constant_feature	Degree	Clustering_coefficient	Pagerank	Aver_path_len
1.0	2.0	0.0	0.03656896548225945	6.851851851851852
1.0	2.0	0.0	0.03665463806969456	7.37037037037037
1.0	1.0	0.0	0.01882091652444717	5.666666666666667
1.0	1.0	0.0	0.019919538745825187	7.296296296296297
1.0	2.0	0.0	0.03661879790629758	7.37037037037037
1.0	2.0	0.0	0.036718723784207846	8.037037037037036
1.0	2.0	0.0	0.03408733090343502	4.777777777777778
1.0	3.0	0.0	0.0482396129161771	4.925925925925926
1.0	2.0	0.0	0.03329320392438728	4.777777777777778
1.0	2.0	0.0	0.033365670556075505	5.148148148148148
1.0	2.0	0.0	0.03392450360641694	4.925925925925926
1.0	3.0	0.0	0.04943343222072846	5.444444444444445
1.0	3.0	0.0	0.04842482790918954	5.444444444444445
1.0	3.0	0.0	0.05083030558429821	4.703703703703703
1.0	2.0	0.0	0.0330164952719334	5.444444444444445
1.0	2.0	0.0	0.03342488920502137	5.962962962962963
1.0	3.0	0.0	0.049907910742962115	5.962962962962963
1.0	3.0	0.0	0.05008080787728268	6.481481481481482
1.0	2.0	0.0	0.03632823231629377	6.333333333333333
1.0	2.0	0.0	0.033101689481682704	5.962962962962963
1.0	2.0	0.0	0.03320939043947848	6.111111111111111
1.0	3.0	0.0	0.05000685937399724	6.481481481481482
1.0	3.0	0.0	0.05020779624748259	7.148148148148148
1.0	2.0	0.0	0.033577240336565804	6.62962962962963
1.0	1.0	0.0	0.02002705666795979	7.814814814814815
1.0	1.0	0.0	0.020066422501754798	8.333333333333334
1.0	1.0	0.0	0.020049512723648487	8.333333333333334
1.0	1.0	0.0	0.020095228680496707	9.0
