Constant_feature	Degree	Clustering_coefficient	Pagerank	Aver_path_len
1.0	1.0	0.0	0.010234348844825821	9.574468085106384
1.0	1.0	0.0	0.010234348844825821	9.574468085106384
1.0	1.0	0.0	0.010235413752583937	9.702127659574469
1.0	1.0	0.0	0.010235413752583937	9.702127659574469
1.0	1.0	0.0	0.011319265615048082	12.382978723404255
1.0	1.0	0.0	0.011319265615048082	12.382978723404255
1.0	1.0	0.0	0.011319265615048082	12.382978723404255
1.0	1.0	0.0	0.011319265615048082	12.382978723404255
1.0	3.0	0.0	0.027449403858804032	7.319148936170213
1.0	3.0	0.0	0.027449403858804032	7.319148936170213
1.0	3.0	0.0	0.026777599159051958	8.085106382978724
1.0	3.0	0.0	0.026777599159051958	8.085106382978724
1.0	3.0	0.0	0.03078468943469258	11.404255319148936
1.0	3.0	0.0	0.03078468943469258	11.404255319148936
1.0	2.0	0.0	0.018760200825505363	7.319148936170213
1.0	2.0	0.0	0.018760200825505363	7.319148936170213
1.0	2.0	0.0	0.018760200825505363	7.319148936170213
1.0	2.0	0.0	0.018760200825505363	7.319148936170213
1.0	2.0	0.0	0.018848206436680066	7.446808510638298
1.0	2.0	0.0	0.018848206436680066	7.446808510638298
1.0	2.0	0.0	0.018956349101848492	7.617021276595745
1.0	2.0	0.0	0.018956349101848492	7.617021276595745
1.0	2.0	0.0	0.01864632558550141	7.829787234042553
1.0	2.0	0.0	0.01864632558550141	7.829787234042553
1.0	3.0	0.0	0.027168567286708266	8.595744680851064
1.0	3.0	0.0	0.027168567286708266	8.595744680851064
1.0	3.0	0.0	0.027172125574960675	8.72340425531915
1.0	3.0	0.0	0.027172125574960675	8.72340425531915
1.0	3.0	0.0	0.02564024195672699	9.702127659574469
1.0	3.0	0.0	0.02564024195672699	9.702127659574469
1.0	3.0	0.0	0.026141236897775616	9.063829787234043
1.0	3.0	0.0	0.026141236897775616	9.063829787234043
1.0	3.0	0.0	0.026149878309287358	9.191489361702128
1.0	3.0	0.0	0.026149878309287358	9.191489361702128
1.0	3.0	0.0	0.026236752799194227	10.382978723404255
1.0	3.0	0.0	0.026236752799194227	10.382978723404255
1.0	2.0	0.0	0.018252959489296686	9.829787234042554
1.0	2.0	0.0	0.018252959489296686	9.829787234042554
1.0	2.0	0.0	0.01826982245648749	10.085106382978724
1.0	2.0	0.0	0.01826982245648749	10.085106382978724
1.0	2.0	0.0	0.018281592472177012	11.148936170212766
1.0	2.0	0.0	0.018281592472177012	11.148936170212766
1.0	3.0	0.0	0.02776082053292487	10.51063829787234
1.0	3.0	0.0	0.02776082053292487	10.51063829787234
1.0	2.0	0.0	0.018295858171231548	11.27659574468085
1.0	2.0	0.0	0.018295858171231548	11.27659574468085
1.0	2.0	0.0	0.018538874998133913	10.76595744680851
1.0	2.0	0.0	0.018538874998133913	10.76595744680851
