Constant_feature	Degree	Clustering_coefficient	Pagerank	Aver_path_len
1.0	1.0	0.0	0.011387871587116866	6.365853658536586
1.0	1.0	0.0	0.0113641016136195	6.195121951219512
1.0	2.0	0.0	0.020983688042236725	6.634146341463414
1.0	2.0	0.0	0.02424315214486148	9.341463414634147
1.0	3.0	0.0	0.029514620392144864	5.439024390243903
1.0	2.0	0.0	0.01933237324707925	5.390243902439025
1.0	3.0	0.0	0.028648342018555175	4.829268292682927
1.0	3.0	0.0	0.0284638135065478	4.878048780487805
1.0	3.0	0.0	0.02846228316604419	4.951219512195122
1.0	3.0	0.0	0.03147894095019453	6.195121951219512
1.0	2.0	0.0	0.02041761591107986	5.512195121951219
1.0	3.0	0.0	0.028269081209477336	4.780487804878049
1.0	2.0	0.0	0.02036593185511134	5.560975609756097
1.0	2.0	0.0	0.020987620060075228	6.2439024390243905
1.0	3.0	0.0	0.02775095055672878	4.7073170731707314
1.0	4.0	0.0	0.04650142332355513	7.024390243902439
1.0	3.0	0.0	0.027885845614538975	4.829268292682927
1.0	3.0	0.0	0.030023391228019537	5.390243902439025
1.0	3.0	0.0	0.02994316638790978	5.219512195121951
1.0	3.0	0.0	0.028213980037360045	5.024390243902439
1.0	1.0	0.0	0.012844942277310985	8.0
1.0	1.0	0.0	0.012844942277310985	8.0
1.0	1.0	0.0	0.012844942277310985	8.0
1.0	3.0	0.0	0.028618165149513757	5.463414634146342
1.0	2.0	0.0	0.01982820542912779	5.512195121951219
1.0	3.0	0.0	0.030477764319882007	6.073170731707317
1.0	2.0	0.0	0.02016317054161427	5.951219512195122
1.0	3.0	0.0	0.02994307834411852	6.0
1.0	2.0	0.0	0.020437312619001224	6.439024390243903
1.0	2.0	0.0	0.02138134665958346	6.853658536585366
1.0	2.0	0.0	0.02138134665958346	6.853658536585366
1.0	2.0	0.0	0.021903143866677577	7.634146341463414
1.0	2.0	0.0	0.021903143866677577	7.634146341463414
1.0	3.0	0.0	0.03300440067585443	8.414634146341463
1.0	2.0	0.0	0.02137765297582933	7.317073170731708
1.0	3.0	0.0	0.031845917707224135	8.048780487804878
1.0	1.0	0.0	0.013290811263314023	10.317073170731707
1.0	2.0	0.0	0.022050665045000604	8.926829268292684
1.0	2.0	0.0	0.022050665045000604	8.926829268292684
1.0	2.0	0.0	0.022478881212799118	9.804878048780488
1.0	2.0	0.0	0.022478881212799118	9.804878048780488
1.0	2.0	0.0	0.022612427722209213	10.682926829268293
