Constant_feature	Degree	Clustering_coefficient	Pagerank	Aver_path_len
1.0	0.0	0.0	0.0	0.0
1.0	2.0	0.0	0.016941425440342793	5.72
1.0	2.0	0.0	0.017694283512439943	6.72
1.0	1.0	0.0	0.009781027603297526	7.64
1.0	1.0	0.0	0.010038996462245653	8.34
1.0	1.0	0.0	0.009494123717861468	7.12
1.0	1.0	0.0	0.009534548306838643	7.5
1.0	1.0	0.0	0.010525747182396902	8.5
1.0	1.0	0.0	0.011255821720008297	9.44
1.0	1.0	0.0	0.009584518840741508	8.12
1.0	1.0	0.0	0.00958808312720005	8.5
1.0	2.0	0.0	0.01950974453248691	9.52
1.0	2.0	0.0	0.019913621788197805	10.3
1.0	2.0	0.0	0.019913621788197805	10.3
1.0	1.0	0.0	0.01138528716180861	12.18
1.0	1.0	0.0	0.01138528716180861	12.18
1.0	2.0	0.0	0.018153403640587495	7.04
1.0	3.0	0.0	0.024568186390664246	5.58
1.0	4.0	0.0	0.03475773928688145	6.66
1.0	2.0	0.0	0.01715132404347173	6.28
1.0	3.0	0.0	0.02602840173908808	6.54
1.0	3.0	0.0	0.02536761722741027	5.9
1.0	2.0	0.0	0.017133935454997827	6.84
1.0	2.0	0.0	0.01737990218704478	6.24
1.0	3.0	0.0	0.02421732800973597	5.76
1.0	3.0	0.0	0.026927988909995353	7.36
1.0	3.0	0.0	0.024510467449212977	6.14
1.0	3.0	0.0	0.02707675196134519	7.02
1.0	3.0	0.0	0.025111878095974538	6.14
1.0	3.0	0.0	0.028548957703817122	7.52
1.0	3.0	0.0	0.02524508836183614	6.52
1.0	3.0	0.0	0.024468401177568055	6.52
1.0	3.0	0.0	0.024502599001261085	6.9
1.0	1.0	0.0	0.010083938825996841	8.0
1.0	2.0	0.0	0.018629421872439968	7.58
1.0	2.0	0.0	0.020656278672945727	8.46
1.0	2.0	0.0	0.018890696635435918	8.16
1.0	3.0	0.0	0.025413225058200407	7.14
1.0	3.0	0.0	0.025423546416984646	7.52
1.0	3.0	0.0	0.02495053034272786	7.76
1.0	3.0	0.0	0.02494471161748675	8.14
1.0	2.0	0.0	0.01898915361908609	8.78
1.0	3.0	0.0	0.02627686307644595	8.58
1.0	2.0	0.0	0.01749113219370704	9.04
1.0	3.0	0.0	0.02843144451785537	9.44
1.0	2.0	0.0	0.017890782136941535	9.48
1.0	2.0	0.0	0.017883102447358787	9.86
1.0	1.0	0.0	0.010740394628362557	10.5
1.0	3.0	0.0	0.03141904731382121	11.2
1.0	3.0	0.0	0.03141904731382121	11.2
1.0	1.0	0.0	0.01138528716180861	12.18
1.0	1.0	0.0	0.01138528716180861	12.18
