Constant_feature	Degree	Clustering_coefficient	Pagerank	Aver_path_len
1.0	1.0	0.0	0.02912125747018656	3.4375
1.0	1.0	0.0	0.02979876310082484	4.0625
1.0	1.0	0.0	0.02979876310082484	4.0625
1.0	2.0	0.0	0.05104587024514944	2.8125
1.0	3.0	0.0	0.07527378220732406	2.75
1.0	3.0	0.0	0.07527378220732406	2.75
1.0	3.0	0.0	0.0756194262818214	2.5625
1.0	3.0	0.0	0.0756194262818214	2.5625
1.0	3.0	0.0	0.07746426846406942	2.5
1.0	2.0	0.0	0.052741848312559375	3.4375
1.0	2.0	0.0	0.052741848312559375	3.4375
1.0	3.0	0.0	0.07972262056619703	3.125
1.0	3.0	0.0	0.07972262056619703	3.125
1.0	2.0	0.0	0.053951361621349225	4.0
1.0	2.0	0.0	0.053951361621349225	4.0
1.0	2.0	0.0	0.05407649982022126	3.8125
1.0	2.0	0.0	0.05407649982022126	3.8125
