Constant_feature	Degree	Clustering_coefficient	Pagerank	Aver_path_len
1.0	1.0	0.0	0.008708002321229844	10.320754716981131
1.0	2.0	0.0	0.016038525163782104	7.528301886792453
1.0	2.0	0.0	0.016986865245579387	13.20754716981132
1.0	2.0	0.0	0.016509427038213086	7.679245283018868
1.0	1.0	0.0	0.009513677277518204	14.169811320754716
1.0	1.0	0.0	0.00933106713513062	8.773584905660377
1.0	2.0	0.0	0.016357051246140238	8.245283018867925
1.0	2.0	0.0	0.016631926716779544	9.075471698113208
1.0	2.0	0.0	0.016586041215660076	10.660377358490566
1.0	1.0	0.0	0.0093775993316787	10.50943396226415
1.0	2.0	0.0	0.01714421438588245	12.169811320754716
1.0	1.0	0.0	0.009720528119230425	13.943396226415095
1.0	1.0	0.0	0.00976447478041395	14.773584905660377
1.0	4.0	0.0	0.030471256577143287	9.339622641509434
1.0	3.0	0.0	0.02255525105068393	8.849056603773585
1.0	3.0	0.0	0.022562988433589067	8.433962264150944
1.0	4.0	0.0	0.030581626856832453	9.924528301886792
1.0	4.0	0.0	0.030503708787491972	8.09433962264151
1.0	3.0	0.0	0.022904228262991523	7.867924528301887
1.0	2.0	0.0	0.015737561400038146	9.018867924528301
1.0	2.0	0.0	0.015814341756457063	9.50943396226415
1.0	3.0	0.0	0.02299183376876022	10.622641509433961
1.0	2.0	0.0	0.015728657079250464	8.622641509433961
1.0	2.0	0.0	0.015856093048413317	10.150943396226415
1.0	2.0	0.0	0.015801564100298378	8.283018867924529
1.0	2.0	0.0	0.015884604253707937	10.79245283018868
1.0	2.0	0.0	0.015926935647375226	7.943396226415095
1.0	2.0	0.0	0.015731747741383913	7.716981132075472
1.0	1.0	0.0	0.008732621804240311	10.90566037735849
1.0	1.0	0.0	0.008714888018727085	9.075471698113208
1.0	2.0	0.0	0.016027625751566923	7.7924528301886795
1.0	3.0	0.0	0.02335966115585925	7.566037735849057
1.0	3.0	0.0	0.023703789562074886	11.415094339622641
1.0	2.0	0.0	0.016607059608377134	12.320754716981131
1.0	2.0	0.0	0.016624798514854638	12.30188679245283
1.0	3.0	0.0	0.023926030260876124	7.528301886792453
1.0	3.0	0.0	0.025539420501634536	13.18867924528302
1.0	2.0	0.0	0.016509427038213086	7.679245283018868
1.0	3.0	0.0	0.024928756319318825	7.7924528301886795
1.0	3.0	0.0	0.024928756319318825	7.7924528301886795
1.0	3.0	0.0	0.02417151985282123	7.943396226415095
1.0	1.0	0.0	0.009331067135130622	8.773584905660377
1.0	3.0	0.0	0.024182907656916608	8.584905660377359
1.0	2.0	0.0	0.016631926716779544	9.075471698113208
1.0	3.0	0.0	0.025087645816291866	9.528301886792454
1.0	3.0	0.0	0.02508764581629187	9.528301886792454
1.0	3.0	0.0	0.024366422785722944	10.018867924528301
1.0	1.0	0.0	0.0093775993316787	10.50943396226415
1.0	3.0	0.0	0.02474322459328038	11.339622641509434
1.0	2.0	0.0	0.01714421438588245	12.169811320754716
1.0	3.0	0.0	0.02622631835454481	12.962264150943396
1.0	3.0	0.0	0.026226318354544812	12.962264150943396
1.0	3.0	0.0	0.026378027484166396	13.79245283018868
1.0	1.0	0.0	0.009720528119230425	13.943396226415095
