Constant_feature	Degree	Clustering_coefficient	Pagerank	Aver_path_len
1.0	1.0	0.0	0.01616568586908853	6.133333333333334
1.0	1.0	0.0	0.01616568586908853	6.133333333333334
1.0	3.0	0.0	0.041792493675062554	4.333333333333333
1.0	3.0	0.0	0.041792493675062554	4.333333333333333
1.0	3.0	0.0	0.04859975994559455	6.233333333333333
1.0	3.0	0.0	0.04859975994559455	6.233333333333333
1.0	3.0	0.0	0.04050181293449981	3.966666666666667
1.0	3.0	0.0	0.04050181293449981	3.966666666666667
1.0	3.0	0.0	0.04168614060919157	3.933333333333333
1.0	3.0	0.0	0.04077840951945088	4.4
1.0	3.0	0.0	0.04077840951945088	4.4
1.0	2.0	0.0	0.02981280108828221	4.9
1.0	2.0	0.0	0.02981280108828221	4.9
1.0	2.0	0.0	0.031222376884351487	5.533333333333333
1.0	2.0	0.0	0.031222376884351487	5.533333333333333
1.0	2.0	0.0	0.02769213394518744	4.433333333333334
1.0	2.0	0.0	0.02888718919052611	5.1
1.0	2.0	0.0	0.02888718919052611	5.1
1.0	1.0	0.0	0.015731284132417284	4.9
1.0	3.0	0.0	0.043131749404825545	5.166666666666667
1.0	3.0	0.0	0.043131749404825545	5.166666666666667
1.0	2.0	0.0	0.029165290919556674	5.533333333333333
1.0	2.0	0.0	0.029165290919556674	5.533333333333333
1.0	2.0	0.0	0.03480585720476492	7.133333333333334
1.0	2.0	0.0	0.03480585720476492	7.133333333333334
1.0	2.0	0.0	0.03480585720476492	7.133333333333334
1.0	2.0	0.0	0.03480585720476492	7.133333333333334
1.0	1.0	0.0	0.018887968407916702	8.1
1.0	1.0	0.0	0.018887968407916702	8.1
1.0	1.0	0.0	0.018887968407916702	8.1
1.0	1.0	0.0	0.018887968407916702	8.1
