Constant_feature	Degree	Clustering_coefficient	Pagerank	Aver_path_len
1.0	1.0	0.0	0.01253460902360714	8.225
1.0	2.0	0.0	0.024824096245344075	8.6
1.0	1.0	0.0	0.012520355292207654	8.375
1.0	2.0	0.0	0.02328321291245068	6.775
1.0	1.0	0.0	0.012660621605221203	7.675
1.0	1.0	0.0	0.012920113608968824	8.125
1.0	2.0	0.0	0.022714055449690684	7.225
1.0	4.0	0.0	0.04353692876631597	6.525
1.0	3.0	0.0	0.033651944167771425	7.25
1.0	3.0	0.0	0.03378656588520447	7.675
1.0	3.0	0.0	0.0325375639674986	6.675
1.0	3.0	0.0	0.033605561760517086	7.4
1.0	1.0	0.0	0.012234635850557545	7.5
1.0	2.0	0.0	0.02273136153249628	6.6
1.0	3.0	0.0	0.034074448501823576	6.7
1.0	2.0	0.0	0.023326150369524054	6.675
1.0	1.0	0.0	0.013609650349877479	9.575
1.0	2.0	0.0	0.023684289358521324	6.75
1.0	3.0	0.0	0.03541232152239821	6.8
1.0	2.0	0.0	0.023885371935016338	6.825
1.0	1.0	0.0	0.013061615697473376	7.775
1.0	2.0	0.0	0.023860369376459974	6.875
1.0	2.0	0.0	0.023974778159128317	6.9
1.0	3.0	0.0	0.032647068337205966	7.25
1.0	2.0	0.0	0.022733769453080612	7.4
1.0	2.0	0.0	0.02399969798653472	6.95
1.0	3.0	0.0	0.03252004523757433	7.975
1.0	2.0	0.0	0.02397103093803712	6.975
1.0	2.0	0.0	0.023334486399636	7.325
1.0	2.0	0.0	0.022542017774330077	8.85
1.0	2.0	0.0	0.022542017774330077	8.85
1.0	2.0	0.0	0.02404741661771967	7.025
1.0	3.0	0.0	0.0349379685380564	7.15
1.0	2.0	0.0	0.0238751937067816	7.05
1.0	2.0	0.0	0.023663662103961706	7.125
1.0	2.0	0.0	0.022991713922148514	9.725
1.0	2.0	0.0	0.022991713922148514	9.725
1.0	2.0	0.0	0.023701836027534357	7.25
1.0	2.0	0.0	0.02313236081201321	10.6
1.0	2.0	0.0	0.024023399039956168	7.1
1.0	2.0	0.0	0.023913980070876455	7.175
