Constant_feature	Degree	Clustering_coefficient	Pagerank	Aver_path_len
1.0	0.0	0.0	0.0	0.0
1.0	1.0	0.0	0.020132700293522595	5.470588235294118
1.0	1.0	0.0	0.020132700293522595	5.470588235294118
1.0	2.0	0.0	0.036059974685292824	3.7058823529411766
1.0	2.0	0.0	0.036059974685292824	3.7058823529411766
1.0	1.0	0.0	0.026525198938992054	2.0
1.0	1.0	0.0	0.026525198938992054	2.0
1.0	2.0	0.0	0.036496198810235025	3.588235294117647
1.0	2.0	0.0	0.036496198810235025	3.588235294117647
1.0	3.0	0.0	0.0526328074246875	3.9411764705882355
1.0	3.0	0.0	0.0526328074246875	3.9411764705882355
1.0	3.0	0.0	0.05429072296492826	4.529411764705882
1.0	3.0	0.0	0.05429072296492826	4.529411764705882
1.0	2.0	0.0	0.050397877984084904	1.3333333333333333
1.0	2.0	0.0	0.050397877984084904	1.3333333333333333
1.0	2.0	0.0	0.03616471279144079	4.647058823529412
1.0	2.0	0.0	0.03616471279144079	4.647058823529412
1.0	2.0	0.0	0.050397877984084904	1.3333333333333333
1.0	2.0	0.0	0.050397877984084904	1.3333333333333333
1.0	2.0	0.0	0.036740731521771944	5.235294117647059
1.0	2.0	0.0	0.036740731521771944	5.235294117647059
1.0	2.0	0.0	0.036727655858203354	5.352941176470588
1.0	2.0	0.0	0.036727655858203354	5.352941176470588
1.0	2.0	0.0	0.036908341803763955	5.9411764705882355
1.0	2.0	0.0	0.036908341803763955	5.9411764705882355
1.0	1.0	0.0	0.026525198938992054	2.0
1.0	1.0	0.0	0.026525198938992054	2.0
