Constant_feature	Degree	Clustering_coefficient	Pagerank	Aver_path_len
1.0	0.0	0.0	0.0	0.0
1.0	1.0	0.0	0.014016850349567306	7.368421052631579
1.0	1.0	0.0	0.012830033566308961	6.5
1.0	1.0	0.0	0.013069646576536928	5.7631578947368425
1.0	1.0	0.0	0.012974554570104114	7.157894736842105
1.0	2.0	0.0	0.025967124445948713	8.473684210526315
1.0	1.0	0.0	0.013209629516501198	6.0
1.0	4.0	0.0	0.054234097478182725	7.973684210526316
1.0	2.0	0.0	0.02488579783370748	5.7368421052631575
1.0	3.0	0.0	0.0342194910674085	5.526315789473684
1.0	3.0	0.0	0.03470167783989604	6.184210526315789
1.0	2.0	0.0	0.024154759948052558	5.131578947368421
1.0	2.0	0.0	0.023648530692057017	5.578947368421052
1.0	2.0	0.0	0.02621840640086249	7.157894736842105
1.0	1.0	0.0	0.014765658615397748	8.947368421052632
1.0	1.0	0.0	0.014765658615397748	8.947368421052632
1.0	1.0	0.0	0.014765658615397748	8.947368421052632
1.0	3.0	0.0	0.03817899698209249	6.394736842105263
1.0	3.0	0.0	0.03378072886992921	5.026315789473684
1.0	3.0	0.0	0.03481686120375032	5.684210526315789
1.0	3.0	0.0	0.03324801335240012	6.026315789473684
1.0	3.0	0.0	0.033384183801983804	6.684210526315789
1.0	2.0	0.0	0.023460864576313502	4.657894736842105
1.0	3.0	0.0	0.0350175463166296	4.7894736842105265
1.0	3.0	0.0	0.03463554936010853	4.578947368421052
1.0	2.0	0.0	0.023117110608852364	6.7894736842105265
1.0	2.0	0.0	0.023189465514119652	7.447368421052632
1.0	1.0	0.0	0.013009253855288451	6.657894736842105
1.0	3.0	0.0	0.0354868984176467	5.026315789473684
1.0	3.0	0.0	0.0352620599480984	7.552631578947368
1.0	2.0	0.0	0.023577998199663386	8.210526315789474
1.0	3.0	0.0	0.0347980544000466	6.184210526315789
1.0	3.0	0.0	0.03600608076764826	6.947368421052632
1.0	3.0	0.0	0.03658099107923164	7.7631578947368425
1.0	2.0	0.0	0.02397498378965144	7.052631578947368
1.0	2.0	0.0	0.02450987582792601	8.631578947368421
1.0	1.0	0.0	0.01336643439499095	7.921052631578948
1.0	2.0	0.0	0.02438330266678231	7.868421052631579
1.0	1.0	0.0	0.013537895777932952	8.736842105263158
1.0	1.0	0.0	0.014249274157585798	9.447368421052632
