Constant_feature	Degree	Clustering_coefficient	Pagerank	Aver_path_len
1.0	1.0	0.0	0.02194833533715332	5.260869565217392
1.0	1.0	0.0	0.02194833533715332	5.260869565217392
1.0	2.0	0.0	0.04729180863936559	7.782608695652174
1.0	2.0	0.0	0.04729180863936559	7.782608695652174
1.0	2.0	0.0	0.03906100052477727	4.565217391304348
1.0	2.0	0.0	0.040869797480448875	4.826086956521739
1.0	2.0	0.0	0.040869797480448875	4.826086956521739
1.0	2.0	0.0	0.038086740776174466	3.9565217391304346
1.0	3.0	0.0	0.056534998326303126	3.9565217391304346
1.0	3.0	0.0	0.056534998326303126	3.9565217391304346
1.0	3.0	0.0	0.05815566851866761	4.565217391304348
1.0	3.0	0.0	0.05815566851866761	4.565217391304348
1.0	3.0	0.0	0.05927071208914297	4.304347826086956
1.0	3.0	0.0	0.05927071208914297	4.304347826086956
1.0	1.0	0.0	0.021613833595721967	5.521739130434782
1.0	1.0	0.0	0.021613833595721967	5.521739130434782
1.0	2.0	0.0	0.04204671914560154	5.434782608695652
1.0	2.0	0.0	0.04204671914560154	5.434782608695652
1.0	2.0	0.0	0.043310046687737226	6.130434782608695
1.0	2.0	0.0	0.043310046687737226	6.130434782608695
1.0	2.0	0.0	0.04493664991805928	6.913043478260869
1.0	2.0	0.0	0.04493664991805928	6.913043478260869
1.0	1.0	0.0	0.025447559611322543	8.73913043478261
1.0	1.0	0.0	0.025447559611322543	8.73913043478261
