Constant_feature	Degree	Clustering_coefficient	Pagerank	Aver_path_len
1.0	2.0	0.0	0.03178980042279949	6.032258064516129
1.0	1.0	0.0	0.017662276300627708	6.806451612903226
1.0	1.0	0.0	0.017662276300627708	6.806451612903226
1.0	1.0	0.0	0.017662276300627708	6.806451612903226
1.0	2.0	0.0	0.030973584281797903	5.064516129032258
1.0	2.0	0.0	0.03142100415590485	5.645161290322581
1.0	2.0	0.0	0.031442582527629694	5.967741935483871
1.0	1.0	0.0	0.016074284578612902	5.806451612903226
1.0	1.0	0.0	0.016920246492193498	6.032258064516129
1.0	2.0	0.0	0.02910063336724894	4.419354838709677
1.0	3.0	0.0	0.04060300724203185	3.838709677419355
1.0	2.0	0.0	0.027705861682029674	4.193548387096774
1.0	2.0	0.0	0.02755731072603441	4.290322580645161
1.0	3.0	0.0	0.03971188590894613	3.6129032258064515
1.0	3.0	0.0	0.03988018112959818	4.032258064516129
1.0	3.0	0.0	0.039393136765110456	3.7096774193548385
1.0	3.0	0.0	0.03937392255465453	3.5483870967741935
1.0	3.0	0.0	0.04163887024189671	4.161290322580645
1.0	2.0	0.0	0.027860070185904837	4.612903225806452
1.0	2.0	0.0	0.02798814187661891	4.225806451612903
1.0	2.0	0.0	0.02781608301713667	4.193548387096774
1.0	3.0	0.0	0.0425271867853629	4.741935483870968
1.0	3.0	0.0	0.042568855895059626	5.064516129032258
1.0	3.0	0.0	0.04316344225512913	4.838709677419355
1.0	3.0	0.0	0.045987667357284545	5.064516129032258
1.0	2.0	0.0	0.028619668975902724	4.806451612903226
1.0	3.0	0.0	0.043258881898434735	5.129032258064516
1.0	4.0	0.0	0.0646046477444174	5.838709677419355
1.0	1.0	0.0	0.017062998226833045	6.032258064516129
1.0	1.0	0.0	0.017264593183820724	6.612903225806452
1.0	1.0	0.0	0.017273992968044834	6.935483870967742
1.0	1.0	0.0	0.01743062865167743	7.0
