Constant_feature	Degree	Clustering_coefficient	Pagerank	Aver_path_len
1.0	0.0	0.0	0.0	0.0
1.0	1.0	0.0	0.019495941150374244	5.0
1.0	1.0	0.0	0.018355850543306945	4.6923076923076925
1.0	1.0	0.0	0.020262781859647964	5.6923076923076925
1.0	1.0	0.0	0.02076698045405314	5.8076923076923075
1.0	1.0	0.0	0.02076698045405314	5.8076923076923075
1.0	3.0	0.0	0.04586252592591494	3.6923076923076925
1.0	2.0	0.0	0.030967985517192154	4.115384615384615
1.0	3.0	0.0	0.045224390913993905	3.3846153846153846
1.0	3.0	0.0	0.04869931653334316	3.5384615384615383
1.0	2.0	0.0	0.030975364819879458	4.076923076923077
1.0	4.0	0.0	0.0701910517075908	4.038461538461538
1.0	3.0	0.0	0.045043865465108	3.9615384615384617
1.0	3.0	0.0	0.04472028749673685	3.6153846153846154
1.0	3.0	0.0	0.04952531842944344	3.8461538461538463
1.0	2.0	0.0	0.031881726085637274	3.5
1.0	3.0	0.0	0.048839052623668465	3.730769230769231
1.0	2.0	0.0	0.0383683864709399	4.923076923076923
1.0	2.0	0.0	0.031078425097491445	4.461538461538462
1.0	2.0	0.0	0.03679669509998365	4.730769230769231
1.0	3.0	0.0	0.046204690586840035	4.961538461538462
1.0	3.0	0.0	0.05687485557662603	4.846153846153846
1.0	3.0	0.0	0.04616171719622788	4.615384615384615
1.0	1.0	0.0	0.02097027057878964	5.884615384615385
1.0	2.0	0.0	0.032594524288937096	5.769230769230769
1.0	2.0	0.0	0.032579118183130834	5.423076923076923
1.0	2.0	0.0	0.03339815270876703	6.576923076923077
1.0	2.0	0.0	0.033393744232322324	6.230769230769231
