Constant_feature	Degree	Clustering_coefficient	Pagerank	Aver_path_len
1.0	0.0	0.0	0.0	0.0
1.0	1.0	0.0	0.02669439321460009	3.8333333333333335
1.0	1.0	0.0	0.02669439321460009	3.8333333333333335
1.0	1.0	0.0	0.02669439321460009	3.8333333333333335
1.0	1.0	0.0	0.02669439321460009	3.8333333333333335
1.0	1.0	0.0	0.025369989341183216	3.5833333333333335
1.0	2.0	0.0	0.045352948694494924	2.4166666666666665
1.0	1.0	0.0	0.03284072249589491	2.0
1.0	1.0	0.0	0.03284072249589491	2.0
1.0	3.0	0.0	0.06765414070633742	2.3333333333333335
1.0	3.0	0.0	0.06765414070633742	2.3333333333333335
1.0	2.0	0.0	0.062397372742200335	1.3333333333333333
1.0	2.0	0.0	0.062397372742200335	1.3333333333333333
1.0	3.0	0.0	0.07310589402242094	2.9166666666666665
1.0	3.0	0.0	0.07310589402242094	2.9166666666666665
1.0	2.0	0.0	0.0456655113074783	2.75
1.0	2.0	0.0	0.0456655113074783	2.75
1.0	2.0	0.0	0.06239737274220032	1.3333333333333333
1.0	2.0	0.0	0.06239737274220032	1.3333333333333333
1.0	3.0	0.0	0.06869601608106692	2.6666666666666665
1.0	1.0	0.0	0.03284072249589491	2.0
1.0	1.0	0.0	0.03284072249589491	2.0
