Constant_feature	Degree	Clustering_coefficient	Pagerank	Aver_path_len
1.0	3.0	0.0	0.052368447974881716	3.8333333333333335
1.0	3.0	0.0	0.052368447974881716	3.8333333333333335
1.0	3.0	0.0	0.051185897670544364	3.5416666666666665
1.0	3.0	0.0	0.051278993851384694	4.291666666666667
1.0	2.0	0.0	0.03471076794170143	3.5
1.0	3.0	0.0	0.051185897670544364	3.5416666666666665
1.0	2.0	0.0	0.039178081107673624	4.708333333333333
1.0	2.0	0.0	0.03523191492733571	4.166666666666667
1.0	3.0	0.0	0.05142301270692522	4.916666666666667
1.0	2.0	0.0	0.03528203616328688	4.625
1.0	3.0	0.0	0.051278993851384694	4.291666666666667
1.0	2.0	0.0	0.039178081107673624	4.708333333333333
1.0	3.0	0.0	0.05142301270692522	4.916666666666667
1.0	2.0	0.0	0.03523191492733571	4.166666666666667
1.0	2.0	0.0	0.03586755490362586	5.083333333333333
1.0	1.0	0.0	0.021629751161684887	5.666666666666667
1.0	2.0	0.0	0.03528203616328688	4.625
1.0	2.0	0.0	0.03591900935203784	5.708333333333333
1.0	2.0	0.0	0.03586755490362586	5.083333333333333
1.0	2.0	0.0	0.03663250524039456	5.875
1.0	2.0	0.0	0.03664741096937384	6.5
1.0	1.0	0.0	0.021629751161684887	5.666666666666667
1.0	2.0	0.0	0.03591900935203784	5.708333333333333
1.0	2.0	0.0	0.03663250524039456	5.875
1.0	2.0	0.0	0.03664741096937384	6.5
