Constant_feature	Degree	Clustering_coefficient	Pagerank	Aver_path_len
1.0	2.0	0.0	0.03058424975020605	3.740740740740741
1.0	1.0	0.0	0.017532978817224668	4.62962962962963
1.0	1.0	0.0	0.017510102486909734	4.555555555555555
1.0	1.0	0.0	0.017509239665118484	4.703703703703703
1.0	2.0	0.0	0.03598896869362763	6.111111111111111
1.0	2.0	0.0	0.03613696317532246	5.814814814814815
1.0	1.0	0.0	0.018041614298436155	5.296296296296297
1.0	1.0	0.0	0.018059340647352887	5.37037037037037
1.0	3.0	0.0	0.044893229255170364	3.5185185185185186
1.0	3.0	0.0	0.04474023730042895	3.4444444444444446
1.0	3.0	0.0	0.04553843358295656	4.037037037037037
1.0	3.0	0.0	0.045731012758797714	3.814814814814815
1.0	3.0	0.0	0.045699242618005	3.740740740740741
1.0	3.0	0.0	0.04653730618283823	3.6666666666666665
1.0	3.0	0.0	0.04645810848380989	3.740740740740741
1.0	3.0	0.0	0.045299983049996204	3.962962962962963
1.0	3.0	0.0	0.04646343976204647	3.5925925925925926
1.0	3.0	0.0	0.048128060006662025	4.62962962962963
1.0	3.0	0.0	0.048235090326110765	4.333333333333333
1.0	3.0	0.0	0.04829189806550407	4.407407407407407
1.0	2.0	0.0	0.03178949118045444	4.62962962962963
1.0	2.0	0.0	0.03263792142924912	5.296296296296297
1.0	3.0	0.0	0.048757606299913644	5.222222222222222
1.0	3.0	0.0	0.0490513642014514	4.925925925925926
1.0	2.0	0.0	0.032775087065184325	5.0
1.0	1.0	0.0	0.018010240654744953	5.592592592592593
1.0	1.0	0.0	0.01976606203802989	7.074074074074074
1.0	1.0	0.0	0.019832728204447557	6.777777777777778
