Constant_feature	Degree	Clustering_coefficient	Pagerank	Aver_path_len
1.0	2.0	0.0	0.013861608365911327	8.245901639344263
1.0	2.0	0.0	0.014881757833667016	7.327868852459017
1.0	2.0	0.0	0.014172979358355894	6.114754098360656
1.0	1.0	0.0	0.0077538759220026204	6.213114754098361
1.0	1.0	0.0	0.00798676111401385	8.081967213114755
1.0	2.0	0.0	0.01544124443675386	6.836065573770492
1.0	1.0	0.0	0.008004084493305398	7.098360655737705
1.0	2.0	0.0	0.014559320365365249	5.721311475409836
1.0	1.0	0.0	0.008925530967756518	9.229508196721312
1.0	1.0	0.0	0.008159097358344865	7.852459016393443
1.0	1.0	0.0	0.009089736357601998	8.737704918032787
1.0	1.0	0.0	0.008302294799653725	7.065573770491803
1.0	1.0	0.0	0.008273942179835911	7.491803278688525
1.0	1.0	0.0	0.00866051014319718	9.459016393442623
1.0	1.0	0.0	0.00889559033680424	10.278688524590164
1.0	1.0	0.0	0.00930775404899084	11.19672131147541
1.0	2.0	0.0	0.01511556109789568	7.721311475409836
1.0	3.0	0.0	0.019717493589806213	5.721311475409836
1.0	4.0	0.0	0.02647486263768896	6.442622950819672
1.0	4.0	0.0	0.027267018387008044	6.245901639344262
1.0	3.0	0.0	0.020115529038143804	7.295081967213115
1.0	3.0	0.0	0.020048045890107863	5.39344262295082
1.0	4.0	0.0	0.02729094380401524	5.229508196721311
1.0	3.0	0.0	0.021244155261735558	7.098360655737705
1.0	2.0	0.0	0.014022041101455735	7.819672131147541
1.0	4.0	0.0	0.028365660923681306	5.819672131147541
1.0	2.0	0.0	0.013806229537947131	7.39344262295082
1.0	3.0	0.0	0.02130197861062389	6.114754098360656
1.0	2.0	0.0	0.014010901487714144	5.426229508196721
1.0	3.0	0.0	0.02073278171646231	5.622950819672131
1.0	1.0	0.0	0.0077473847238846896	7.229508196721311
1.0	3.0	0.0	0.021173597044665864	5.950819672131147
1.0	3.0	0.0	0.02085529530047637	5.39344262295082
1.0	3.0	0.0	0.02129034472810608	5.819672131147541
1.0	1.0	0.0	0.007994654508429034	6.80327868852459
1.0	1.0	0.0	0.007994654508429034	6.80327868852459
1.0	1.0	0.0	0.007999522354687864	6.80327868852459
1.0	3.0	0.0	0.024377574553570616	8.245901639344263
1.0	3.0	0.0	0.021822201008633538	6.868852459016393
1.0	1.0	0.0	0.008925530967756518	9.229508196721312
1.0	3.0	0.0	0.02492480012096481	7.754098360655738
1.0	3.0	0.0	0.02229708375886273	6.081967213114754
1.0	3.0	0.0	0.02162289468059571	7.688524590163935
1.0	3.0	0.0	0.02220407663603585	6.508196721311475
1.0	1.0	0.0	0.009089736357601998	8.737704918032787
1.0	2.0	0.0	0.014960723711773583	8.60655737704918
1.0	2.0	0.0	0.014960723711773583	8.60655737704918
1.0	3.0	0.0	0.02151648020766077	7.0
1.0	2.0	0.0	0.015244653232097715	9.524590163934427
1.0	2.0	0.0	0.015244653232097715	9.524590163934427
1.0	2.0	0.0	0.015333931208811855	10.442622950819672
1.0	3.0	0.0	0.021468918904309187	7.819672131147541
1.0	3.0	0.0	0.023491994842219394	8.475409836065573
1.0	2.0	0.0	0.014889786582316065	8.737704918032787
1.0	2.0	0.0	0.014889786582316065	8.737704918032787
1.0	4.0	0.0	0.03236736241659315	9.295081967213115
1.0	2.0	0.0	0.015191928727161222	9.655737704918034
1.0	2.0	0.0	0.015191928727161222	9.655737704918034
1.0	2.0	0.0	0.015285491042077139	10.573770491803279
1.0	3.0	0.0	0.025649650067288865	10.21311475409836
1.0	1.0	0.0	0.00889559033680424	10.278688524590164
1.0	1.0	0.0	0.00930775404899084	11.19672131147541
