Constant_feature	Degree	Clustering_coefficient	Pagerank	Aver_path_len
1.0	2.0	0.0	0.03827553800081094	4.2272727272727275
1.0	1.0	0.0	0.022050876705555847	5.045454545454546
1.0	2.0	0.0	0.04474538357876534	7.2727272727272725
1.0	3.0	0.0	0.05782439547948362	5.318181818181818
1.0	2.0	0.0	0.03955131844132298	4.318181818181818
1.0	2.0	0.0	0.04011552204513924	6.090909090909091
1.0	2.0	0.0	0.04011552204513924	6.090909090909091
1.0	2.0	0.0	0.040935653268455774	6.863636363636363
1.0	2.0	0.0	0.040935653268455774	6.863636363636363
1.0	2.0	0.0	0.041189186830711544	7.636363636363637
1.0	2.0	0.0	0.038603811011217584	4.818181818181818
1.0	3.0	0.0	0.05636358299929437	4.409090909090909
1.0	2.0	0.0	0.03871054336462321	4.7272727272727275
1.0	3.0	0.0	0.05672858536644168	4.045454545454546
1.0	2.0	0.0	0.03878644264212358	4.545454545454546
1.0	3.0	0.0	0.059011219889094114	4.090909090909091
1.0	3.0	0.0	0.05833671645914521	4.636363636363637
1.0	2.0	0.0	0.04021010187390263	5.2272727272727275
1.0	2.0	0.0	0.04021010187390263	5.2272727272727275
1.0	2.0	0.0	0.0408055512319105	5.818181818181818
1.0	2.0	0.0	0.0408055512319105	5.818181818181818
1.0	3.0	0.0	0.06120620524747583	6.409090909090909
1.0	1.0	0.0	0.02448253714511788	8.227272727272727
