Constant_feature	Degree	Clustering_coefficient	Pagerank	Aver_path_len
1.0	0.0	0.0	0.0	0.0
1.0	1.0	0.0	0.018665069408833265	6.571428571428571
1.0	1.0	0.0	0.018665069408833265	6.571428571428571
1.0	1.0	0.0	0.019009200706862548	7.892857142857143
1.0	1.0	0.0	0.019009200706862548	7.892857142857143
1.0	2.0	0.0	0.030543558609358312	4.035714285714286
1.0	3.0	0.0	0.04622549525698136	5.464285714285714
1.0	2.0	0.0	0.029433043836127697	5.25
1.0	3.0	0.0	0.050724463803725646	5.607142857142857
1.0	2.0	0.0	0.0321625231750462	6.964285714285714
1.0	3.0	0.0	0.05187012603003827	6.928571428571429
1.0	2.0	0.0	0.0318946186768518	4.607142857142857
1.0	3.0	0.0	0.042997746820675815	3.857142857142857
1.0	2.0	0.0	0.03154477512140999	4.285714285714286
1.0	3.0	0.0	0.04301990919222737	4.178571428571429
1.0	2.0	0.0	0.03166810725068042	5.0
1.0	3.0	0.0	0.043000993031388844	4.392857142857143
1.0	3.0	0.0	0.043311199718952496	4.714285714285714
1.0	3.0	0.0	0.04330133096101382	4.928571428571429
1.0	3.0	0.0	0.0455914665513956	4.785714285714286
1.0	2.0	0.0	0.030358984387033234	5.214285714285714
1.0	2.0	0.0	0.030474715355437162	5.535714285714286
1.0	2.0	0.0	0.03046528905391191	5.75
1.0	2.0	0.0	0.031158811768952917	5.607142857142857
1.0	3.0	0.0	0.047349820562368576	6.107142857142857
1.0	2.0	0.0	0.03182500388398193	6.321428571428571
1.0	2.0	0.0	0.031182303509924757	6.142857142857143
1.0	2.0	0.0	0.03113642519688648	6.035714285714286
1.0	2.0	0.0	0.031168055720201506	6.571428571428571
1.0	2.0	0.0	0.03224269229403621	7.071428571428571
