Constant_feature	Degree	Clustering_coefficient	Pagerank	Aver_path_len
1.0	2.0	0.0	0.04429051879848217	6.2727272727272725
1.0	3.0	0.0	0.0535506266003377	3.8636363636363638
1.0	2.0	0.0	0.03763691157935166	4.681818181818182
1.0	2.0	0.0	0.03677024639346525	3.8181818181818183
1.0	2.0	0.0	0.037756471471977346	4.590909090909091
1.0	2.0	0.0	0.038274811378824686	5.045454545454546
1.0	3.0	0.0	0.05360569335177379	3.3636363636363638
1.0	3.0	0.0	0.05563885691010255	3.8636363636363638
1.0	2.0	0.0	0.03666661584671338	3.409090909090909
1.0	3.0	0.0	0.05412607839059111	3.3181818181818183
1.0	3.0	0.0	0.053950658054753964	3.772727272727273
1.0	3.0	0.0	0.05576845560030068	3.6363636363636362
1.0	2.0	0.0	0.03912296636920795	4.636363636363637
1.0	2.0	0.0	0.03912296636920795	4.636363636363637
1.0	2.0	0.0	0.03909349154044411	4.2272727272727275
1.0	2.0	0.0	0.03909349154044411	4.2272727272727275
1.0	2.0	0.0	0.04018340037735928	5.409090909090909
1.0	2.0	0.0	0.04018340037735928	5.409090909090909
1.0	2.0	0.0	0.04051389996910153	6.181818181818182
1.0	2.0	0.0	0.04003144125310901	4.818181818181818
1.0	2.0	0.0	0.04003144125310901	4.818181818181818
1.0	3.0	0.0	0.06030844647353434	5.409090909090909
1.0	1.0	0.0	0.024279110100449138	7.2272727272727275
