Constant_feature	Degree	Clustering_coefficient	Pagerank	Aver_path_len
1.0	1.0	0.0	0.01533470012536951	5.258064516129032
1.0	1.0	0.0	0.015936576715638764	5.258064516129032
1.0	1.0	0.0	0.01625180690027029	5.806451612903226
1.0	2.0	0.0	0.03185013406571939	7.0
1.0	2.0	0.0	0.027956128087120658	5.709677419354839
1.0	3.0	0.0	0.03908551804107674	3.4516129032258065
1.0	3.0	0.0	0.040369949229831815	3.7096774193548385
1.0	3.0	0.0	0.039322099192479774	3.774193548387097
1.0	3.0	0.0	0.040173901406349175	3.967741935483871
1.0	3.0	0.0	0.047423347220042864	6.258064516129032
1.0	3.0	0.0	0.04070116495501004	4.290322580645161
1.0	2.0	0.0	0.02823975403543459	4.32258064516129
1.0	3.0	0.0	0.043547012945141864	5.419354838709677
1.0	3.0	0.0	0.04270614360776839	4.290322580645161
1.0	2.0	0.0	0.027250222534668633	4.483870967741935
1.0	2.0	0.0	0.028897506495716138	4.903225806451613
1.0	3.0	0.0	0.03992138661071164	4.870967741935484
1.0	2.0	0.0	0.028137226869777272	4.67741935483871
1.0	2.0	0.0	0.028137226869777272	4.67741935483871
1.0	3.0	0.0	0.04002670831664391	5.580645161290323
1.0	2.0	0.0	0.029316352732711923	5.451612903225806
1.0	2.0	0.0	0.027394227892974278	5.064516129032258
1.0	3.0	0.0	0.04375477238458444	4.838709677419355
1.0	1.0	0.0	0.01735144893711279	7.225806451612903
1.0	1.0	0.0	0.01735144893711279	7.225806451612903
1.0	2.0	0.0	0.02880004657840002	5.387096774193548
1.0	2.0	0.0	0.02880004657840002	5.387096774193548
1.0	3.0	0.0	0.04337739125033252	6.096774193548387
1.0	2.0	0.0	0.02799033774699642	6.419354838709677
1.0	2.0	0.0	0.02857542835801768	7.258064516129032
1.0	2.0	0.0	0.028562542878773422	6.548387096774194
1.0	1.0	0.0	0.017457441500034795	7.967741935483871
