Constant_feature	Degree	Clustering_coefficient	Pagerank	Aver_path_len
1.0	4.0	0.0	0.08565528970917292	2.9
1.0	2.0	0.0	0.042682640599133764	3.75
1.0	1.0	0.0	0.024033982449743654	3.85
1.0	1.0	0.0	0.024033982449743654	3.85
1.0	2.0	0.0	0.041462681386573275	3.05
1.0	1.0	0.0	0.026052828337188402	4.65
1.0	3.0	0.0	0.06118329858468133	2.8
1.0	3.0	0.0	0.06367943308850105	2.85
1.0	3.0	0.0	0.06175653661814524	3.15
1.0	3.0	0.0	0.061155000447939215	3.1
1.0	3.0	0.0	0.06458813145957464	3.75
1.0	3.0	0.0	0.06219330200743983	3.25
1.0	3.0	0.0	0.0652482671522731	4.05
1.0	2.0	0.0	0.04731417968871078	3.7
1.0	1.0	0.0	0.02413820936911159	4.7
1.0	2.0	0.0	0.0434201047467995	4.0
1.0	2.0	0.0	0.0434201047467995	4.0
1.0	1.0	0.0	0.024336391037939012	5.0
1.0	2.0	0.0	0.044442226383549874	4.75
1.0	2.0	0.0	0.044442226383549874	4.75
1.0	2.0	0.0	0.04476118335342948	5.5
