Constant_feature	Degree	Clustering_coefficient	Pagerank	Aver_path_len
1.0	1.0	0.0	0.02037462866288231	4.608695652173913
1.0	1.0	0.0	0.020449017801111156	4.956521739130435
1.0	3.0	0.0	0.0558373218548574	4.695652173913044
1.0	2.0	0.0	0.036705826298803715	4.434782608695652
1.0	2.0	0.0	0.039603206489427806	7.043478260869565
1.0	2.0	0.0	0.039375556067640496	6.260869565217392
1.0	2.0	0.0	0.039375556067640496	6.260869565217392
1.0	2.0	0.0	0.03863553080838033	5.478260869565218
1.0	2.0	0.0	0.03863553080838033	5.478260869565218
1.0	2.0	0.0	0.03754860937082839	4.173913043478261
1.0	2.0	0.0	0.03695897187334063	3.739130434782609
1.0	3.0	0.0	0.05298351342289187	3.391304347826087
1.0	3.0	0.0	0.05204341649312397	3.3043478260869565
1.0	3.0	0.0	0.05258006087804396	3.652173913043478
1.0	3.0	0.0	0.053032721694128884	4.0
1.0	3.0	0.0	0.05402751460821263	3.652173913043478
1.0	3.0	0.0	0.05309864921580214	4.3478260869565215
1.0	3.0	0.0	0.0542734428580596	4.0
1.0	2.0	0.0	0.036827075419473713	4.173913043478261
1.0	2.0	0.0	0.0371761527312264	4.782608695652174
1.0	2.0	0.0	0.03719791776284813	5.130434782608695
1.0	2.0	0.0	0.0372567727654871	4.521739130434782
1.0	2.0	0.0	0.03799756494720058	5.565217391304348
1.0	2.0	0.0	0.038005441100207815	5.913043478260869
