Constant_feature	Degree	Clustering_coefficient	Pagerank	Aver_path_len
1.0	1.0	0.0	0.016470232205006693	10.516129032258064
1.0	0.0	0.0	0.0	0.0
1.0	2.0	0.0	0.028007181613117844	6.645161290322581
1.0	1.0	0.0	0.016148626794904763	6.516129032258065
1.0	1.0	0.0	0.016313840155714354	6.193548387096774
1.0	1.0	0.0	0.017423631037626033	8.838709677419354
1.0	2.0	0.0	0.028785229850860933	5.225806451612903
1.0	2.0	0.0	0.030113405780905576	7.096774193548387
1.0	2.0	0.0	0.029337466950619118	5.354838709677419
1.0	1.0	0.0	0.01842926792551301	9.741935483870968
1.0	2.0	0.0	0.028919128895112535	8.0
1.0	2.0	0.0	0.028919128895112535	8.0
1.0	3.0	0.0	0.04253984896518526	5.806451612903226
1.0	3.0	0.0	0.04157002328817728	5.290322580645161
1.0	2.0	0.0	0.028358721949678936	5.548387096774194
1.0	3.0	0.0	0.04183777178189735	5.870967741935484
1.0	3.0	0.0	0.041186528699561756	6.129032258064516
1.0	3.0	0.0	0.0422979151099258	6.387096774193548
1.0	2.0	0.0	0.028291985653530017	5.612903225806452
1.0	2.0	0.0	0.028211596678768294	5.870967741935484
1.0	1.0	0.0	0.015887332254532358	6.774193548387097
1.0	3.0	0.0	0.04341076473696323	5.548387096774194
1.0	2.0	0.0	0.028886600306646193	6.709677419354839
1.0	2.0	0.0	0.02904833339623571	7.225806451612903
1.0	3.0	0.0	0.043961495997015994	5.225806451612903
1.0	2.0	0.0	0.02935792889666921	7.548387096774194
1.0	2.0	0.0	0.029407017719468163	8.064516129032258
1.0	3.0	0.0	0.047660768864721634	7.870967741935484
1.0	2.0	0.0	0.03401037250817589	8.774193548387096
1.0	3.0	0.0	0.04175653828023626	7.225806451612903
1.0	2.0	0.0	0.029484201101801843	8.774193548387096
1.0	2.0	0.0	0.029484201101801843	8.774193548387096
1.0	3.0	0.0	0.04448291260451354	9.548387096774194
