Constant_feature	Degree	Clustering_coefficient	Pagerank	Aver_path_len
1.0	1.0	0.0	0.017109201264788442	7.551724137931035
1.0	1.0	0.0	0.016825285261382657	6.793103448275862
1.0	1.0	0.0	0.016985497662247762	5.586206896551724
1.0	2.0	0.0	0.030912128329404428	7.068965517241379
1.0	2.0	0.0	0.028643513827981783	4.689655172413793
1.0	2.0	0.0	0.028624203535167782	4.689655172413793
1.0	2.0	0.0	0.029816706511855195	5.896551724137931
1.0	2.0	0.0	0.029825818026723825	4.206896551724138
1.0	2.0	0.0	0.030601153192837766	6.586206896551724
1.0	1.0	0.0	0.01760802813851028	8.413793103448276
1.0	3.0	0.0	0.042422187239638046	5.137931034482759
1.0	3.0	0.0	0.041943886544179354	4.137931034482759
1.0	3.0	0.0	0.0423586448949739	5.137931034482759
1.0	3.0	0.0	0.04280224585368041	3.8620689655172415
1.0	3.0	0.0	0.04497382040016769	5.827586206896552
1.0	3.0	0.0	0.045920182175276505	6.586206896551724
1.0	2.0	0.0	0.029917956163434494	4.344827586206897
1.0	3.0	0.0	0.04550967305719303	4.620689655172414
1.0	3.0	0.0	0.04488527023574066	5.172413793103448
1.0	2.0	0.0	0.030543415720159416	4.896551724137931
1.0	2.0	0.0	0.031001870105376042	5.931034482758621
1.0	2.0	0.0	0.031001870105376042	5.931034482758621
1.0	3.0	0.0	0.04758571509915217	7.448275862068965
1.0	2.0	0.0	0.03155791442525673	6.689655172413793
1.0	2.0	0.0	0.03155791442525673	6.689655172413793
1.0	2.0	0.0	0.0305478616889774	5.517241379310345
1.0	3.0	0.0	0.044901070552794166	6.206896551724138
1.0	2.0	0.0	0.030912128329404428	7.068965517241379
1.0	2.0	0.0	0.0313524186165315	7.931034482758621
1.0	2.0	0.0	0.0313524186165315	7.931034482758621
