Constant_feature	Degree	Clustering_coefficient	Pagerank	Aver_path_len
1.0	1.0	0.0	0.0227976746209184	4.2272727272727275
1.0	1.0	0.0	0.023665934802675547	4.7272727272727275
1.0	1.0	0.0	0.02464326137502595	5.409090909090909
1.0	2.0	0.0	0.04393322514157605	4.681818181818182
1.0	2.0	0.0	0.04395428544393898	5.090909090909091
1.0	2.0	0.0	0.039572492081764464	3.727272727272727
1.0	4.0	0.0	0.07696155669246507	2.9545454545454546
1.0	3.0	0.0	0.06150106980780749	3.272727272727273
1.0	3.0	0.0	0.05619757875718916	3.0
1.0	3.0	0.0	0.06439191349420735	3.772727272727273
1.0	4.0	0.0	0.09020449160843466	4.454545454545454
1.0	3.0	0.0	0.05647857175955326	3.409090909090909
1.0	2.0	0.0	0.03979455938337762	4.136363636363637
1.0	1.0	0.0	0.02166457797460809	3.909090909090909
1.0	2.0	0.0	0.039199643689115646	4.181818181818182
1.0	2.0	0.0	0.03908617503420857	3.409090909090909
1.0	2.0	0.0	0.03918363741778606	3.8181818181818183
1.0	1.0	0.0	0.02464326137502595	5.409090909090909
1.0	1.0	0.0	0.02464326137502595	5.409090909090909
1.0	3.0	0.0	0.059599064098423846	3.8181818181818183
1.0	3.0	0.0	0.0596387291579802	4.2272727272727275
1.0	1.0	0.0	0.024118058975018727	5.636363636363637
1.0	1.0	0.0	0.024126975933872953	6.045454545454546
