Constant_feature	Degree	Clustering_coefficient	Pagerank	Aver_path_len
1.0	2.0	0.0	0.039620665034161326	3.238095238095238
1.0	1.0	0.0	0.022527175277753598	4.380952380952381
1.0	2.0	0.0	0.04597648205282119	5.142857142857143
1.0	1.0	0.0	0.023084329119194943	5.0476190476190474
1.0	1.0	0.0	0.02282083420878711	4.476190476190476
1.0	1.0	0.0	0.02386366242993024	6.380952380952381
1.0	4.0	0.0	0.0799204741987149	3.4285714285714284
1.0	3.0	0.0	0.05852627913521585	3.142857142857143
1.0	3.0	0.0	0.0588766417066752	3.619047619047619
1.0	3.0	0.0	0.058388434022942914	3.238095238095238
1.0	2.0	0.0	0.041712369867549906	4.095238095238095
1.0	2.0	0.0	0.041712369867549906	4.095238095238095
1.0	2.0	0.0	0.04037911177334621	3.5238095238095237
1.0	3.0	0.0	0.06091659638189366	3.5238095238095237
1.0	3.0	0.0	0.06179489475345253	4.095238095238095
1.0	2.0	0.0	0.04078198927357987	3.8095238095238093
1.0	2.0	0.0	0.04263461178517494	4.761904761904762
1.0	2.0	0.0	0.04263461178517494	4.761904761904762
1.0	3.0	0.0	0.06239731327334056	4.285714285714286
1.0	2.0	0.0	0.04180393092317258	4.666666666666667
1.0	3.0	0.0	0.06439276091305463	5.428571428571429
1.0	1.0	0.0	0.025234462216512803	6.095238095238095
