Constant_feature	Degree	Clustering_coefficient	Pagerank	Aver_path_len
1.0	4.0	0.0	0.047481929503710996	1.0
1.0	1.0	0.0	0.009441892794189869	11.0
1.0	1.0	0.0	0.009441892794189869	11.0
1.0	1.0	0.0	0.012639321545640882	1.75
1.0	1.0	0.0	0.012639321545640882	1.75
1.0	1.0	0.0	0.012639321545640882	1.75
1.0	3.0	0.0	0.02363361862687681	10.622222222222222
1.0	3.0	0.0	0.02363361862687681	10.622222222222222
1.0	2.0	0.0	0.0176093630188245	8.688888888888888
1.0	2.0	0.0	0.0176093630188245	8.688888888888888
1.0	2.0	0.0	0.01922569730108363	8.066666666666666
1.0	2.0	0.0	0.01922569730108363	8.066666666666666
1.0	2.0	0.0	0.016516665335653245	11.488888888888889
1.0	2.0	0.0	0.016516665335653245	11.488888888888889
1.0	2.0	0.0	0.016590602086035827	11.577777777777778
1.0	2.0	0.0	0.016590602086035827	11.577777777777778
1.0	3.0	0.0	0.023857313654603064	9.355555555555556
1.0	3.0	0.0	0.023857313654603064	9.355555555555556
1.0	3.0	0.0	0.023405461612276135	9.977777777777778
1.0	3.0	0.0	0.023405461612276135	9.977777777777778
1.0	3.0	0.0	0.024646157611261127	8.955555555555556
1.0	3.0	0.0	0.024646157611261127	8.955555555555556
1.0	3.0	0.0	0.024062610296821416	11.28888888888889
1.0	3.0	0.0	0.024062610296821416	11.28888888888889
1.0	2.0	0.0	0.018343989013384757	8.466666666666667
1.0	2.0	0.0	0.018343989013384757	8.466666666666667
1.0	2.0	0.0	0.018797626816449618	8.28888888888889
1.0	2.0	0.0	0.018797626816449618	8.28888888888889
1.0	3.0	0.0	0.024404555249772555	10.666666666666666
1.0	3.0	0.0	0.024404555249772555	10.666666666666666
1.0	3.0	0.0	0.02399103731935489	10.8
1.0	3.0	0.0	0.02399103731935489	10.8
1.0	3.0	0.0	0.02493717794540731	10.022222222222222
1.0	3.0	0.0	0.02493717794540731	10.022222222222222
1.0	2.0	0.0	0.019071318997431357	8.155555555555555
1.0	2.0	0.0	0.019071318997431357	8.155555555555555
1.0	2.0	0.0	0.016897474838163815	9.777777777777779
1.0	2.0	0.0	0.016897474838163815	9.777777777777779
1.0	2.0	0.0	0.019295197835266047	8.022222222222222
1.0	2.0	0.0	0.019295197835266047	8.022222222222222
1.0	2.0	0.0	0.016762011207974954	10.4
1.0	2.0	0.0	0.016762011207974954	10.4
1.0	2.0	0.0	0.01708944410589279	12.177777777777777
1.0	2.0	0.0	0.01708944410589279	12.177777777777777
1.0	2.0	0.0	0.01720883258244779	11.555555555555555
1.0	2.0	0.0	0.01720883258244779	11.555555555555555
1.0	2.0	0.0	0.017577716991355255	13.066666666666666
1.0	2.0	0.0	0.017577716991355255	13.066666666666666
1.0	2.0	0.0	0.017614626916335946	12.444444444444445
1.0	2.0	0.0	0.017614626916335946	12.444444444444445
1.0	1.0	0.0	0.012639321545640882	1.75
