Constant_feature	Degree	Clustering_coefficient	Pagerank	Aver_path_len
1.0	2.0	0.0	0.022360301817808775	5.054054054054054
1.0	2.0	0.0	0.022597224289257367	4.594594594594595
1.0	1.0	0.0	0.012467800255291634	5.621621621621622
1.0	1.0	0.0	0.012945877356816158	5.621621621621622
1.0	2.0	0.0	0.0238299536728932	4.486486486486487
1.0	1.0	0.0	0.013197556439760817	6.1891891891891895
1.0	1.0	0.0	0.012977921456856662	5.5675675675675675
1.0	1.0	0.0	0.01347759864299914	6.945945945945946
1.0	1.0	0.0	0.013822097190758402	5.945945945945946
1.0	1.0	0.0	0.014379828598503454	7.1891891891891895
1.0	4.0	0.0	0.04128738690891954	3.8378378378378377
1.0	3.0	0.0	0.03162368465656104	4.027027027027027
1.0	4.0	0.0	0.04384621750843552	4.45945945945946
1.0	3.0	0.0	0.032191998361303244	3.8378378378378377
1.0	4.0	0.0	0.04371546367483606	4.648648648648648
1.0	3.0	0.0	0.03206569900982896	4.378378378378378
1.0	3.0	0.0	0.033050832174732446	5.0
1.0	3.0	0.0	0.03420756327160182	4.513513513513513
1.0	2.0	0.0	0.021983627104521248	4.648648648648648
1.0	3.0	0.0	0.03438197404515144	4.648648648648648
1.0	2.0	0.0	0.022165585713043952	4.8108108108108105
1.0	3.0	0.0	0.033358327772388556	4.054054054054054
1.0	3.0	0.0	0.03522191364696537	5.216216216216216
1.0	1.0	0.0	0.012497490383394762	5.4324324324324325
1.0	3.0	0.0	0.03525913817476163	5.756756756756757
1.0	1.0	0.0	0.012894168913925379	5.486486486486487
1.0	3.0	0.0	0.03448911264328265	4.594594594594595
1.0	3.0	0.0	0.03615128923917463	5.972972972972973
1.0	2.0	0.0	0.024055946512753022	6.513513513513513
1.0	1.0	0.0	0.013209926817122304	6.72972972972973
1.0	3.0	0.0	0.03730068018408282	4.972972972972973
1.0	2.0	0.0	0.025570346841893434	5.5675675675675675
1.0	4.0	0.0	0.052213290445997686	6.216216216216216
1.0	3.0	0.0	0.041558127369684866	7.081081081081081
1.0	2.0	0.0	0.028148376377177993	7.135135135135135
1.0	1.0	0.0	0.015098782399053627	8.054054054054054
1.0	1.0	0.0	0.015098782399053627	8.054054054054054
1.0	1.0	0.0	0.015298107729406447	8.108108108108109
