Constant_feature	Degree	Clustering_coefficient	Pagerank	Aver_path_len
1.0	0.0	0.0	0.0	0.0
1.0	2.0	0.0	0.018635952189778614	7.956521739130435
1.0	2.0	0.0	0.018684947249061456	9.543478260869565
1.0	2.0	0.0	0.01985688483375709	7.217391304347826
1.0	1.0	0.0	0.010682287510822466	8.0
1.0	1.0	0.0	0.012641218531627765	17.23913043478261
1.0	1.0	0.0	0.012641218531627765	17.23913043478261
1.0	3.0	0.0	0.025118124418305826	7.543478260869565
1.0	2.0	0.0	0.017565848729956667	7.456521739130435
1.0	2.0	0.0	0.017610817627902217	8.282608695652174
1.0	3.0	0.0	0.02551235319209558	7.195652173913044
1.0	3.0	0.0	0.025628752643129766	8.021739130434783
1.0	3.0	0.0	0.02612659387016611	6.913043478260869
1.0	4.0	0.0	0.03462204878279465	7.108695652173913
1.0	2.0	0.0	0.01780427725583591	7.891304347826087
1.0	2.0	0.0	0.017828202922552296	8.304347826086957
1.0	2.0	0.0	0.017651743475076854	8.565217391304348
1.0	3.0	0.0	0.025491856883837823	7.739130434782608
1.0	4.0	0.0	0.03482319239159383	8.76086956521739
1.0	2.0	0.0	0.018593904090716176	8.0
1.0	2.0	0.0	0.01871039468932262	9.630434782608695
1.0	3.0	0.0	0.02851430927729538	7.021739130434782
1.0	2.0	0.0	0.019278531488991953	8.847826086956522
1.0	3.0	0.0	0.02905790525496906	8.804347826086957
1.0	2.0	0.0	0.019521432923588232	9.695652173913043
1.0	2.0	0.0	0.019438506264288218	10.456521739130435
1.0	3.0	0.0	0.029072886066809023	10.326086956521738
1.0	1.0	0.0	0.010845570298559377	9.782608695652174
1.0	2.0	0.0	0.019758402836826686	11.23913043478261
1.0	2.0	0.0	0.0197408631478775	11.195652173913043
1.0	2.0	0.0	0.02145293917453838	11.26086956521739
1.0	2.0	0.0	0.02038741659156631	7.456521739130435
1.0	1.0	0.0	0.011781405784546724	12.23913043478261
1.0	2.0	0.0	0.020721473917139216	7.739130434782608
1.0	2.0	0.0	0.020931324634212004	8.065217391304348
1.0	2.0	0.0	0.02106495200600377	8.434782608695652
1.0	2.0	0.0	0.021151441688830337	8.847826086956522
1.0	2.0	0.0	0.02120976367821003	9.304347826086957
1.0	2.0	0.0	0.02125408098420092	9.804347826086957
1.0	2.0	0.0	0.021292005411021015	10.347826086956522
1.0	2.0	0.0	0.021335285479196962	10.934782608695652
1.0	2.0	0.0	0.021389101683116026	11.565217391304348
1.0	2.0	0.0	0.021470964652542134	12.23913043478261
1.0	2.0	0.0	0.021592425098621623	12.956521739130435
1.0	2.0	0.0	0.02178814520404285	13.717391304347826
1.0	2.0	0.0	0.02209300011081366	14.521739130434783
1.0	2.0	0.0	0.02258418603815997	15.369565217391305
1.0	3.0	0.0	0.03504106048407114	16.26086956521739
