Constant_feature	Degree	Clustering_coefficient	Pagerank	Aver_path_len
1.0	1.0	0.0	0.011744446522335115	6.333333333333333
1.0	2.0	0.0	0.020183236730479243	4.642857142857143
1.0	2.0	0.0	0.02099522216593765	5.5476190476190474
1.0	1.0	0.0	0.011682885567191634	6.404761904761905
1.0	2.0	0.0	0.022631195784478763	6.642857142857143
1.0	2.0	0.0	0.02269697100449244	7.285714285714286
1.0	1.0	0.0	0.011270495380021003	5.880952380952381
1.0	1.0	0.0	0.01132033633682434	6.190476190476191
1.0	1.0	0.0	0.012675176974035259	7.285714285714286
1.0	1.0	0.0	0.01136619115803225	6.880952380952381
1.0	1.0	0.0	0.01137240183880336	7.190476190476191
1.0	1.0	0.0	0.013213933150192245	8.5
1.0	1.0	0.0	0.013233462920987954	9.142857142857142
1.0	3.0	0.0	0.02925262693021109	4.428571428571429
1.0	4.0	0.0	0.0415895424531997	5.428571428571429
1.0	2.0	0.0	0.020458302864982132	5.119047619047619
1.0	2.0	0.0	0.020427776982981052	5.5476190476190474
1.0	3.0	0.0	0.02879080409360092	4.5476190476190474
1.0	3.0	0.0	0.02915075706017751	4.857142857142857
1.0	3.0	0.0	0.030275628998107526	4.904761904761905
1.0	3.0	0.0	0.03139460264756898	5.357142857142857
1.0	3.0	0.0	0.03139254464433787	5.809523809523809
1.0	3.0	0.0	0.03154343848384928	6.4523809523809526
1.0	3.0	0.0	0.03195955911007109	6.0
1.0	3.0	0.0	0.02981748326635017	4.904761904761905
1.0	3.0	0.0	0.034497530767075985	6.309523809523809
1.0	3.0	0.0	0.02998144446203856	5.214285714285714
1.0	3.0	0.0	0.029034098454431972	5.261904761904762
1.0	3.0	0.0	0.02907770104433095	5.571428571428571
1.0	1.0	0.0	0.011912984128597742	6.976190476190476
1.0	1.0	0.0	0.012675176974035259	7.285714285714286
1.0	3.0	0.0	0.03013640027492169	5.904761904761905
1.0	3.0	0.0	0.030155053429340817	6.214285714285714
1.0	3.0	0.0	0.029566994410695453	6.5476190476190474
1.0	3.0	0.0	0.029573099437451393	6.857142857142857
1.0	3.0	0.0	0.03629644046275581	7.523809523809524
1.0	3.0	0.0	0.0363581663465142	8.166666666666666
1.0	2.0	0.0	0.020732175928088417	7.428571428571429
1.0	2.0	0.0	0.02073334228464635	7.738095238095238
1.0	1.0	0.0	0.013213933150192245	8.5
1.0	1.0	0.0	0.013233462920987954	9.142857142857142
1.0	2.0	0.0	0.021190894435852245	8.30952380952381
1.0	2.0	0.0	0.021192078018794268	8.619047619047619
