Constant_feature	Degree	Clustering_coefficient	Pagerank	Aver_path_len
1.0	2.0	0.0	0.041149450761805935	7.045454545454546
1.0	1.0	0.0	0.04	1.0
1.0	2.0	0.0	0.03627154152821285	4.090909090909091
1.0	2.0	0.0	0.035654864755013366	4.454545454545454
1.0	2.0	0.0	0.03626813463997951	5.2727272727272725
1.0	2.0	0.0	0.03706487089620004	5.363636363636363
1.0	1.0	0.0	0.020379937247527426	5.636363636363637
1.0	1.0	0.0	0.02068493364867261	6.818181818181818
1.0	3.0	0.0	0.05223340915735316	3.727272727272727
1.0	3.0	0.0	0.05321591252173894	3.8636363636363638
1.0	2.0	0.0	0.03599141247517718	3.8636363636363638
1.0	3.0	0.0	0.05192834610141459	4.090909090909091
1.0	3.0	0.0	0.05194252209105449	4.590909090909091
1.0	2.0	0.0	0.0357138506134896	4.2272727272727275
1.0	1.0	0.0	0.01996520786258028	4.818181818181818
1.0	3.0	0.0	0.054598293463803745	4.681818181818182
1.0	3.0	0.0	0.053582140745623785	4.409090909090909
1.0	2.0	0.0	0.03695670475304719	5.0
1.0	2.0	0.0	0.03695670475304719	5.0
1.0	3.0	0.0	0.055614937928939595	5.863636363636363
1.0	2.0	0.0	0.037514119441357165	5.590909090909091
1.0	2.0	0.0	0.037514119441357165	5.590909090909091
1.0	3.0	0.0	0.05628099334220279	6.181818181818182
1.0	1.0	0.0	0.02251759183040129	8.0
1.0	1.0	0.0	0.04	1.0
