Constant_feature	Degree	Clustering_coefficient	Pagerank	Aver_path_len
1.0	2.0	1.0	0.024234156229690357	5.636363636363637
1.0	1.0	0.0	0.013804743153608596	4.545454545454546
1.0	1.0	0.0	0.013881033821290668	4.666666666666667
1.0	2.0	0.0	0.027699477813281036	4.96969696969697
1.0	1.0	0.0	0.01429669680723706	6.9393939393939394
1.0	2.0	0.0	0.027292518592948296	6.606060606060606
1.0	1.0	0.0	0.01644092363952168	6.787878787878788
1.0	1.0	0.0	0.015332167512146812	8.363636363636363
1.0	4.0	0.0	0.04828467297004287	3.5757575757575757
1.0	3.0	0.0	0.035664432279769266	3.878787878787879
1.0	4.0	0.0	0.048620140240580964	3.696969696969697
1.0	4.0	0.0	0.04868044784072865	3.9696969696969697
1.0	4.0	0.0	0.04726832718827024	4.0606060606060606
1.0	3.0	0.3333333333333333	0.03521096482646349	4.787878787878788
1.0	2.0	0.0	0.02494471350175803	4.151515151515151
1.0	2.0	0.0	0.02511879734226323	4.2727272727272725
1.0	3.0	0.0	0.03663595297325947	4.424242424242424
1.0	2.0	0.0	0.025063297327367954	4.0
1.0	2.0	0.0	0.025267001736775086	4.363636363636363
1.0	3.0	0.0	0.03614796254164519	4.484848484848484
1.0	3.0	0.3333333333333333	0.03576555059613675	5.545454545454546
1.0	2.0	0.0	0.02530186425908576	4.7272727272727275
1.0	3.0	0.0	0.03753090854415722	4.181818181818182
1.0	1.0	0.0	0.01389406188671928	4.9393939393939394
1.0	1.0	0.0	0.013576130141204956	5.03030303030303
1.0	3.0	0.0	0.03785061323226147	5.96969696969697
1.0	2.0	0.0	0.025141630732134122	5.242424242424242
1.0	3.0	0.0	0.0378526498498874	5.03030303030303
1.0	2.0	0.0	0.026578943735042555	5.818181818181818
1.0	2.0	0.0	0.026578943735042555	5.818181818181818
1.0	3.0	0.0	0.04500277965798054	5.818181818181818
1.0	2.0	0.0	0.0272925185929483	6.606060606060606
1.0	3.0	0.0	0.04130405305922834	7.393939393939394
1.0	1.0	0.0	0.01644092363952168	6.787878787878788
