Constant_feature	Degree	Clustering_coefficient	Pagerank	Aver_path_len
1.0	1.0	0.0	0.013485677281656195	5.5
1.0	1.0	0.0	0.013906729590154557	6.833333333333333
1.0	1.0	0.0	0.013906729590154557	6.833333333333333
1.0	4.0	0.0	0.05337181838870269	5.805555555555555
1.0	3.0	0.0	0.03649302835730375	5.0
1.0	4.0	0.0	0.05400330449991275	7.138888888888889
1.0	4.0	0.0	0.05400330449991275	7.138888888888889
1.0	3.0	0.0	0.035172620019270476	4.444444444444445
1.0	3.0	0.0	0.035172620019270476	4.444444444444445
1.0	2.0	0.0	0.023991796018125938	4.75
1.0	2.0	0.0	0.023991796018125938	4.75
1.0	2.0	0.0	0.02420320962861175	5.083333333333333
1.0	2.0	0.0	0.02420320962861175	5.083333333333333
1.0	3.0	0.0	0.03731925806251643	6.333333333333333
1.0	3.0	0.0	0.03731925806251643	6.333333333333333
1.0	3.0	0.0	0.0359445996082232	4.527777777777778
1.0	3.0	0.0	0.03578833591452729	5.111111111111111
1.0	3.0	0.0	0.03578833591452729	5.111111111111111
1.0	1.0	0.0	0.014710952633816414	6.777777777777778
1.0	1.0	0.0	0.014710952633816414	6.777777777777778
1.0	1.0	0.0	0.014710952633816414	6.777777777777778
1.0	2.0	0.0	0.024635782224922135	5.75
1.0	2.0	0.0	0.024635782224922135	5.75
1.0	1.0	0.0	0.014853047158739767	8.11111111111111
1.0	1.0	0.0	0.014853047158739767	8.11111111111111
1.0	1.0	0.0	0.014853047158739767	8.11111111111111
1.0	1.0	0.0	0.014853047158739767	8.11111111111111
1.0	1.0	0.0	0.014853047158739767	8.11111111111111
1.0	1.0	0.0	0.014853047158739767	8.11111111111111
1.0	2.0	0.0	0.025290909535323206	7.083333333333333
1.0	2.0	0.0	0.025290909535323206	7.083333333333333
1.0	3.0	0.0	0.037348091872411	5.861111111111111
1.0	3.0	0.0	0.037348091872411	5.861111111111111
1.0	3.0	0.0	0.03797209809217726	6.444444444444445
1.0	3.0	0.0	0.03797209809217726	6.444444444444445
1.0	1.0	0.0	0.014094732297160448	7.416666666666667
1.0	1.0	0.0	0.014094732297160448	7.416666666666667
