Constant_feature	Degree	Clustering_coefficient	Pagerank	Aver_path_len
1.0	4.0	0.0	0.07757298579691164	2.25
1.0	1.0	0.0	0.021453092171145386	3.1666666666666665
1.0	1.0	0.0	0.021453092171145386	3.1666666666666665
1.0	2.0	0.0	0.0368711648813113	2.727272727272727
1.0	2.0	0.0	0.03687116488131131	2.727272727272727
1.0	3.0	0.0	0.0531200707213927	2.1818181818181817
1.0	3.0	0.0	0.05312007072139269	2.1818181818181817
1.0	2.0	0.0	0.040550611225477005	2.6666666666666665
1.0	3.0	0.0	0.05568775303230236	2.3333333333333335
1.0	2.0	0.0	0.03763365569136276	3.272727272727273
1.0	2.0	0.0	0.03763365569136276	3.272727272727273
1.0	2.0	0.0	0.0368711648813113	2.727272727272727
1.0	2.0	0.0	0.03687116488131131	2.727272727272727
1.0	2.0	0.0	0.042440771526288584	3.25
1.0	2.0	0.0	0.03787028813325914	3.8181818181818183
1.0	2.0	0.0	0.037870288133259156	3.8181818181818183
1.0	2.0	0.0	0.03763365569136276	3.272727272727273
1.0	2.0	0.0	0.03763365569136276	3.272727272727273
1.0	2.0	0.0	0.03804035866837473	2.9166666666666665
1.0	2.0	0.0	0.03804035866837473	2.9166666666666665
1.0	2.0	0.0	0.04486964211527389	4.0
1.0	2.0	0.0	0.03851638125700601	3.5
1.0	2.0	0.0	0.03851638125700601	3.5
1.0	2.0	0.0	0.03866640478634808	4.083333333333333
1.0	1.0	0.0	0.02419216732434632	4.916666666666667
