Constant_feature	Degree	Clustering_coefficient	Pagerank	Aver_path_len
1.0	2.0	0.0	0.025024847385597866	4.647058823529412
1.0	2.0	0.0	0.0262804855734426	5.882352941176471
1.0	1.0	0.0	0.014415007106119877	6.294117647058823
1.0	1.0	0.0	0.01502734875170381	8.264705882352942
1.0	1.0	0.0	0.013863079906777891	5.0588235294117645
1.0	1.0	0.0	0.013922073060056352	5.382352941176471
1.0	1.0	0.0	0.013974726273749436	5.588235294117647
1.0	1.0	0.0	0.013979973707298901	5.911764705882353
1.0	2.0	0.0	0.02843355017120062	6.705882352941177
1.0	1.0	0.0	0.014949308787058808	7.529411764705882
1.0	3.0	0.0	0.03612316230719549	4.205882352941177
1.0	2.0	0.0	0.025251534848191093	5.0
1.0	3.0	0.0	0.037772273995757215	5.147058823529412
1.0	3.0	0.0	0.04030900926945551	6.5588235294117645
1.0	3.0	0.0	0.03546795454510488	4.0
1.0	3.0	0.0	0.03852754887844896	5.323529411764706
1.0	2.0	0.0	0.0262804855734426	5.882352941176471
1.0	3.0	0.0	0.040565544762081726	7.294117647058823
1.0	2.0	0.0	0.025183354002375653	5.117647058823529
1.0	3.0	0.0	0.03589574190399333	4.323529411764706
1.0	3.0	0.0	0.040309009269455506	6.5588235294117645
1.0	3.0	0.0	0.03668765484097451	4.088235294117647
1.0	3.0	0.0	0.036881922950435304	4.411764705882353
1.0	3.0	0.0	0.035707583959840056	4.176470588235294
1.0	3.0	0.0	0.035757513668607285	4.5
1.0	1.0	0.0	0.014949308787058808	7.529411764705882
1.0	3.0	0.0	0.03705965920119002	4.617647058823529
1.0	3.0	0.0	0.037075056438184484	4.9411764705882355
1.0	3.0	0.0	0.03637347337991745	5.0588235294117645
1.0	3.0	0.0	0.03636543217021654	5.382352941176471
1.0	3.0	0.0	0.03829901115635183	5.794117647058823
1.0	2.0	0.0	0.025495171802833387	6.235294117647059
1.0	2.0	0.0	0.02607525949040266	6.647058823529412
1.0	2.0	0.0	0.0260644117072203	6.970588235294118
1.0	1.0	0.0	0.01565252036825902	7.676470588235294
