Constant_feature	Degree	Clustering_coefficient	Pagerank	Aver_path_len
1.0	2.0	0.0	0.059064059019269886	3.5
1.0	2.0	0.0	0.05954641654362171	3.6875
1.0	1.0	0.0	0.0336934677400352	5.125
1.0	1.0	0.0	0.0336934677400352	5.125
1.0	1.0	0.0	0.03456677635218581	6.0625
1.0	1.0	0.0	0.03456677635218581	6.0625
1.0	2.0	0.0	0.06036363583600381	4.0625
1.0	1.0	0.0	0.03339498131429548	5.375
1.0	3.0	0.0	0.08724308084144584	3.5
1.0	2.0	0.0	0.05863308400525063	3.4375
1.0	3.0	0.0	0.09170762467539442	4.4375
1.0	2.0	0.0	0.06019128872040795	4.0
1.0	3.0	0.0	0.0927018236088816	4.1875
1.0	2.0	0.0	0.06291002130322453	4.75
1.0	3.0	0.0	0.09561580808859985	5.125
1.0	2.0	0.0	0.06636188098536716	5.5625
1.0	1.0	0.0	0.03574580687379481	6.5
