Constant_feature	Degree	Clustering_coefficient	Pagerank	Aver_path_len
1.0	2.0	0.0	0.035826388986809905	6.04
1.0	2.0	0.0	0.03388925754820003	5.52
1.0	2.0	0.0	0.03395746096962721	6.2
1.0	1.0	0.0	0.01919251167822013	4.68
1.0	1.0	0.0	0.019584839596637624	4.92
1.0	3.0	0.0	0.049207481331721536	3.24
1.0	3.0	0.0	0.04852717111026014	3.56
1.0	2.0	0.0	0.03434674239891767	3.56
1.0	3.0	0.0	0.051153745213431634	3.72
1.0	2.0	0.0	0.032977920580990805	4.12
1.0	2.0	0.0	0.03350976184713838	4.24
1.0	3.0	0.0	0.04857776455874348	4.68
1.0	3.0	0.0	0.05246489016716662	3.96
1.0	3.0	0.0	0.04880568239888984	5.36
1.0	2.0	0.0	0.03356697729873421	4.8
1.0	3.0	0.0	0.05090927202494509	4.36
1.0	3.0	0.0	0.05177991547286316	4.52
1.0	2.0	0.0	0.03437713233529444	6.28
1.0	2.0	0.0	0.035240666991250114	5.2
1.0	2.0	0.0	0.035240666991250114	5.2
1.0	2.0	0.0	0.03577460768814433	5.32
1.0	2.0	0.0	0.03577460768814433	5.32
1.0	2.0	0.0	0.035826388986809905	6.04
1.0	2.0	0.0	0.03642750631684595	6.12
1.0	2.0	0.0	0.03642750631684595	6.12
1.0	2.0	0.0	0.036633133502117436	6.92
