Constant_feature	Degree	Clustering_coefficient	Pagerank	Aver_path_len
1.0	2.0	0.0	0.03762254907866421	4.125
1.0	1.0	0.0	0.019939891062856364	5.708333333333333
1.0	1.0	0.0	0.019939891062856364	5.708333333333333
1.0	1.0	0.0	0.020904098755899627	6.125
1.0	1.0	0.0	0.021214879229614337	7.375
1.0	3.0	0.0	0.05230542505701904	4.25
1.0	3.0	0.0	0.05459829223086535	4.541666666666667
1.0	2.0	0.0	0.03811897798551396	5.791666666666667
1.0	2.0	0.0	0.03650206240000723	4.125
1.0	3.0	0.0	0.05603878902359852	4.25
1.0	2.0	0.0	0.03735526606004271	4.083333333333333
1.0	3.0	0.0	0.05165159943174491	5.208333333333333
1.0	3.0	0.0	0.05165159943174491	5.208333333333333
1.0	3.0	0.0	0.053133288651207686	4.75
1.0	3.0	0.0	0.053133288651207686	4.75
1.0	1.0	0.0	0.020812272362130683	5.208333333333333
1.0	2.0	0.0	0.03751367017714756	5.166666666666667
1.0	3.0	0.0	0.05634442010473459	5.166666666666667
1.0	2.0	0.0	0.03603604359107328	6.0
1.0	2.0	0.0	0.03603604359107328	6.0
1.0	3.0	0.0	0.05711902410498493	5.791666666666667
1.0	3.0	0.0	0.05738024010881238	6.416666666666667
1.0	2.0	0.0	0.03675673836821447	6.791666666666667
1.0	2.0	0.0	0.03675673836821448	6.791666666666667
1.0	1.0	0.0	0.021134911110771166	6.75
