Constant_feature	Degree	Clustering_coefficient	Pagerank	Aver_path_len
1.0	1.0	0.0	0.0305207227849113	6.555555555555555
1.0	3.0	0.0	0.07074306915753834	4.888888888888889
1.0	2.0	0.0	0.04803834360297776	4.388888888888889
1.0	2.0	0.0	0.05331371682667682	4.888888888888889
1.0	2.0	0.0	0.04789504797398071	4.0
1.0	2.0	0.0	0.049444235254782656	6.444444444444445
1.0	2.0	0.0	0.04944423525478265	6.444444444444445
1.0	2.0	0.0	0.048735810545316595	5.666666666666667
1.0	2.0	0.0	0.04873581054531659	5.666666666666667
1.0	3.0	0.0	0.07597452058981093	4.277777777777778
1.0	3.0	0.0	0.07157183750797062	3.888888888888889
1.0	3.0	0.0	0.07004638729344885	3.7222222222222223
1.0	1.0	0.0	0.028056151936502363	5.222222222222222
1.0	2.0	0.0	0.0483495350956772	3.8333333333333335
1.0	2.0	0.0	0.0483495350956772	3.8333333333333335
1.0	2.0	0.0	0.048035381875384274	3.7777777777777777
1.0	2.0	0.0	0.048035381875384274	3.7777777777777777
1.0	3.0	0.0	0.08418955399894935	5.611111111111111
1.0	1.0	0.0	0.0305207227849113	6.555555555555555
