Constant_feature	Degree	Clustering_coefficient	Pagerank	Aver_path_len
1.0	2.0	0.0	0.026799801882856793	4.9
1.0	2.0	0.0	0.02840985458008248	5.533333333333333
1.0	2.0	0.0	0.027902099678818994	5.966666666666667
1.0	2.0	0.0	0.027917094272711884	6.466666666666667
1.0	1.0	0.0	0.015851934859241697	5.8
1.0	2.0	0.0	0.032287691696658405	5.2
1.0	2.0	0.0	0.032287691696658405	5.2
1.0	2.0	0.0	0.03137707329441175	5.5
1.0	1.0	0.0	0.018324703223188604	7.3
1.0	3.0	0.0	0.0387315812725	3.466666666666667
1.0	3.0	0.0	0.03854217435622026	3.8333333333333335
1.0	3.0	0.0	0.03936720040357783	4.033333333333333
1.0	3.0	0.0	0.040440083672677124	3.566666666666667
1.0	3.0	0.0	0.03965413495575213	4.533333333333333
1.0	3.0	0.0	0.03892686416465711	4.333333333333333
1.0	2.0	0.0	0.026709973053050524	4.466666666666667
1.0	2.0	0.0	0.02790637779777466	5.366666666666666
1.0	3.0	0.0	0.042087469909849434	4.833333333333333
1.0	2.0	0.0	0.026839985629464932	4.966666666666667
1.0	3.0	0.0	0.03973730636950245	5.1
1.0	3.0	0.0	0.03978796594853935	5.6
1.0	2.0	0.0	0.028440422915124317	4.0
1.0	2.0	0.0	0.028440422915124317	4.0
1.0	3.0	0.0	0.043604457525689026	4.3
1.0	3.0	0.0	0.043604457525689026	4.3
1.0	3.0	0.0	0.043510435425732956	4.733333333333333
1.0	2.0	0.0	0.028344429339476868	6.666666666666667
1.0	1.0	0.0	0.017754527812434907	6.166666666666667
1.0	1.0	0.0	0.017754527812434907	6.166666666666667
1.0	3.0	0.0	0.05033255278690989	6.333333333333333
1.0	1.0	0.0	0.018324703223188604	7.3
