Constant_feature	Degree	Clustering_coefficient	Pagerank	Aver_path_len
1.0	1.0	0.0	0.012477090700947269	5.842105263157895
1.0	2.0	0.0	0.020488357129735568	3.710526315789474
1.0	2.0	0.0	0.02178168043991199	4.7368421052631575
1.0	2.0	0.0	0.02129876531754752	4.052631578947368
1.0	2.0	0.0	0.021876054112279466	5.5
1.0	1.0	0.0	0.012022973194538957	4.815789473684211
1.0	1.0	0.0	0.011993657107393621	4.7368421052631575
1.0	1.0	0.0	0.012481446855118839	5.5
1.0	1.0	0.0	0.012702810508778984	5.684210526315789
1.0	1.0	0.0	0.012496603732325102	6.184210526315789
1.0	1.0	0.0	0.01291894039566163	6.0
1.0	4.0	0.0	0.039602745105008406	3.6842105263157894
1.0	3.0	0.0	0.03019770329386555	3.763157894736842
1.0	4.0	0.0	0.04130692588394937	4.2894736842105265
1.0	4.0	0.0	0.04133315856966312	4.2368421052631575
1.0	4.0	0.0	0.04006290535701581	3.4210526315789473
1.0	4.0	0.0	0.04203856077227211	3.8421052631578947
1.0	3.0	0.0	0.03126617775409357	4.7894736842105265
1.0	3.0	0.0	0.030880064468035835	3.6052631578947367
1.0	2.0	0.0	0.021237228278343727	4.947368421052632
1.0	3.0	0.0	0.03143176680134217	3.763157894736842
1.0	3.0	0.0	0.03139252396455701	3.763157894736842
1.0	3.0	0.0	0.03151105810660898	4.605263157894737
1.0	2.0	0.0	0.021836809805066068	4.026315789473684
1.0	4.0	0.0	0.04333149951069888	4.2105263157894735
1.0	2.0	0.0	0.0218076752796382	4.052631578947368
1.0	2.0	0.0	0.021967242281779036	4.2631578947368425
1.0	3.0	0.0	0.0330579250787264	4.526315789473684
1.0	1.0	0.0	0.011857777898389365	5.2631578947368425
1.0	2.0	0.0	0.021602657728043487	4.578947368421052
1.0	1.0	0.0	0.011864336148895715	5.2105263157894735
1.0	4.0	0.0	0.04406030066189802	4.868421052631579
1.0	3.0	0.0	0.033793843757183153	4.7105263157894735
1.0	3.0	0.0	0.03311000748481344	5.2105263157894735
1.0	1.0	0.0	0.012314255581029844	5.184210526315789
1.0	3.0	0.0	0.03451811923697235	5.026315789473684
1.0	2.0	0.0	0.023059421416806468	5.7368421052631575
1.0	2.0	0.0	0.02350127111152083	5.894736842105263
1.0	2.0	0.0	0.023517659169543847	6.552631578947368
