Constant_feature	Degree	Clustering_coefficient	Pagerank	Aver_path_len
1.0	2.0	0.0	0.049865297227402405	3.0
1.0	4.0	0.0	0.09946070409489041	2.6923076923076925
1.0	4.0	0.0	0.09946070409489041	2.6923076923076925
1.0	1.0	0.0	0.027141097994820097	3.6153846153846154
1.0	1.0	0.0	0.027141097994820097	3.6153846153846154
1.0	1.0	0.0	0.027141097994820097	3.6153846153846154
1.0	1.0	0.0	0.027141097994820097	3.6153846153846154
1.0	1.0	0.0	0.027141097994820097	3.6153846153846154
1.0	1.0	0.0	0.027141097994820097	3.6153846153846154
1.0	1.0	0.0	0.025967880015107796	2.5
1.0	3.0	0.0	0.07068575797803686	1.6666666666666667
1.0	2.0	0.0	0.04728167197990113	1.8333333333333333
1.0	2.0	0.0	0.04728167197990113	1.8333333333333333
1.0	2.0	0.0	0.04736343134444747	2.0
1.0	2.0	0.0	0.04736343134444747	2.0
1.0	2.0	0.0	0.04738948869149143	2.1666666666666665
1.0	3.0	0.0	0.07139991257854404	2.230769230769231
1.0	2.0	0.0	0.04862019537920756	2.5384615384615383
1.0	2.0	0.0	0.05160719849791383	3.6153846153846154
1.0	2.0	0.0	0.05423771955740568	4.384615384615385
1.0	1.0	0.0	0.029168347267491686	5.3076923076923075
