Constant_feature	Degree	Clustering_coefficient	Pagerank	Aver_path_len
1.0	2.0	0.0	0.05437837933703768	4.0625
1.0	2.0	0.0	0.05487611904346125	3.3125
1.0	1.0	0.0	0.032448558977820195	5.3125
1.0	1.0	0.0	0.032448558977820195	5.3125
1.0	2.0	0.0	0.05492800624086974	4.4375
1.0	2.0	0.0	0.05507016750358615	4.625
1.0	2.0	0.0	0.05458560171135601	3.5
1.0	3.0	0.0	0.08002612094277264	3.8125
1.0	2.0	0.0	0.054291496842813626	3.25
1.0	3.0	0.0	0.07904738465183825	3.3125
1.0	2.0	0.0	0.05509143886950532	4.5
1.0	2.0	0.0	0.05509143886950532	4.5
1.0	3.0	0.0	0.08088064216651483	3.6875
1.0	2.0	0.0	0.055999569753720155	5.1875
1.0	2.0	0.0	0.055999569753720155	5.1875
1.0	2.0	0.0	0.05628347360868338	5.875
1.0	3.0	0.0	0.08855347274897493	4.375
