Constant_feature	Degree	Clustering_coefficient	Pagerank	Aver_path_len
1.0	3.0	0.0	0.10990409715433822	5.642857142857143
1.0	3.0	0.0	0.10990409715433822	5.642857142857143
1.0	2.0	0.0	0.06807333686460142	3.9285714285714284
1.0	2.0	0.0	0.06807333686460142	3.9285714285714284
1.0	2.0	0.0	0.06793173295666007	3.857142857142857
1.0	0.0	0.0	0.0	0.0
1.0	1.0	0.0	0.03963742734935739	6.571428571428571
1.0	1.0	0.0	0.03963742734935739	6.571428571428571
1.0	1.0	0.0	0.03963742734935739	6.571428571428571
1.0	1.0	0.0	0.03963742734935739	6.571428571428571
1.0	2.0	0.0	0.06939271292055926	4.5
1.0	2.0	0.0	0.06939271292055926	4.5
1.0	2.0	0.0	0.07086367971057518	5.0
1.0	2.0	0.0	0.07086367971057518	5.0
1.0	2.0	0.0	0.06852545217288115	4.142857142857143
1.0	2.0	0.0	0.06852545217288115	4.142857142857143
