Constant_feature	Degree	Clustering_coefficient	Pagerank	Aver_path_len
1.0	2.0	0.0	0.02024203022270136	8.0
1.0	2.0	0.0	0.020495343294410447	7.081632653061225
1.0	1.0	0.0	0.010252824967550863	7.244897959183674
1.0	1.0	0.0	0.010597843076898919	9.10204081632653
1.0	1.0	0.0	0.010585127714885787	7.857142857142857
1.0	1.0	0.0	0.010815764719311395	9.571428571428571
1.0	3.0	0.0	0.026301481629681454	6.428571428571429
1.0	3.0	0.0	0.028428234377427045	6.510204081632653
1.0	2.0	0.0	0.01919651907869968	8.775510204081632
1.0	2.0	0.0	0.01937876378320258	7.938775510204081
1.0	3.0	0.0	0.031585959472818136	10.224489795918368
1.0	3.0	0.0	0.026293839992623358	6.6938775510204085
1.0	2.0	0.0	0.018132113067135795	7.612244897959184
1.0	3.0	0.0	0.027479944424778028	7.061224489795919
1.0	2.0	0.0	0.01831995111570028	7.938775510204081
1.0	2.0	0.0	0.01813432474484363	7.346938775510204
1.0	3.0	0.0	0.02827651398410295	7.551020408163265
1.0	3.0	0.0	0.027893152057748817	6.224489795918367
1.0	3.0	0.0	0.02798128512246107	6.142857142857143
1.0	3.0	0.0	0.027508926236406474	6.26530612244898
1.0	2.0	0.0	0.018647525548939867	6.183673469387755
1.0	3.0	0.0	0.02989685875676927	7.081632653061225
1.0	1.0	0.0	0.010482892216578428	8.53061224489796
1.0	2.0	0.0	0.02146132437572787	8.020408163265307
1.0	3.0	0.0	0.028659152585792696	8.122448979591837
1.0	1.0	0.0	0.010969451855411193	8.061224489795919
1.0	3.0	0.0	0.028619265932702816	6.877551020408164
1.0	3.0	0.0	0.02854073688923392	7.326530612244898
1.0	1.0	0.0	0.010528999620948621	7.489795918367347
1.0	1.0	0.0	0.011108888823321821	8.979591836734693
1.0	3.0	0.0	0.03078947203791476	8.224489795918368
1.0	1.0	0.0	0.011657209342111577	9.0
1.0	1.0	0.0	0.01122259454898958	8.061224489795919
1.0	2.0	0.0	0.01910780000011622	9.46938775510204
1.0	1.0	0.0	0.011236063668592861	9.204081632653061
1.0	1.0	0.0	0.011236063668592861	9.204081632653061
1.0	3.0	0.0	0.02976963946229816	9.326530612244898
1.0	3.0	0.0	0.029382497250802594	8.591836734693878
1.0	3.0	0.0	0.031585959472818136	10.224489795918368
1.0	2.0	0.0	0.018821549994770898	10.204081632653061
1.0	1.0	0.0	0.011476937371493382	11.204081632653061
1.0	1.0	0.0	0.011476937371493382	11.204081632653061
1.0	3.0	0.0	0.027408828688962963	10.979591836734693
1.0	1.0	0.0	0.011476937371493382	11.204081632653061
1.0	1.0	0.0	0.011476937371493382	11.204081632653061
1.0	2.0	0.0	0.01882200283957297	11.877551020408163
1.0	2.0	0.0	0.01882200283957297	11.877551020408163
1.0	2.0	0.0	0.019108634658444746	12.775510204081632
1.0	2.0	0.0	0.019108634658444746	12.775510204081632
1.0	2.0	0.0	0.01919825769320567	13.673469387755102
