Constant_feature	Degree	Clustering_coefficient	Pagerank	Aver_path_len
1.0	2.0	0.0	0.028942482541498386	4.035714285714286
1.0	2.0	0.0	0.032209116462000635	6.785714285714286
1.0	2.0	0.0	0.029916259720807938	5.642857142857143
1.0	2.0	0.0	0.02992634416049859	5.785714285714286
1.0	1.0	0.0	0.017460335636948224	5.214285714285714
1.0	2.0	0.0	0.03504545033151653	5.821428571428571
1.0	3.0	0.0	0.04438253122323563	4.321428571428571
1.0	3.0	0.0	0.04409059168562293	3.5714285714285716
1.0	3.0	0.0	0.04301356928724462	3.7142857142857144
1.0	3.0	0.0	0.04243414521091956	3.25
1.0	3.0	0.0	0.041709942911296274	3.5714285714285716
1.0	1.0	0.0	0.016675402003084202	4.535714285714286
1.0	3.0	0.0	0.04196606628800744	3.7142857142857144
1.0	3.0	0.0	0.04415061240307816	3.642857142857143
1.0	2.0	0.0	0.031142918137924025	5.142857142857143
1.0	2.0	0.0	0.031142918137924025	5.142857142857143
1.0	2.0	0.0	0.028759451191599145	4.178571428571429
1.0	2.0	0.0	0.03195808160947388	5.964285714285714
1.0	2.0	0.0	0.03195808160947388	5.964285714285714
1.0	2.0	0.0	0.02884638664413281	4.321428571428571
1.0	3.0	0.0	0.04670922259800977	4.25
1.0	3.0	0.0	0.0426605370466002	4.785714285714286
1.0	2.0	0.0	0.031024132111881292	4.464285714285714
1.0	3.0	0.0	0.04269407313136872	4.928571428571429
1.0	3.0	0.0	0.047664463731041544	4.928571428571429
1.0	2.0	0.0	0.03184304995985056	5.142857142857143
1.0	2.0	0.0	0.03207859420637984	5.75
1.0	2.0	0.0	0.030377400636339848	6.142857142857143
1.0	1.0	0.0	0.019217839382241166	6.785714285714286
