Constant_feature	Degree	Clustering_coefficient	Pagerank	Aver_path_len
1.0	0.0	0.0	0.0	0.0
1.0	3.0	0.0	0.07447134475296806	2.3333333333333335
1.0	2.0	0.0	0.051929749171175585	2.933333333333333
1.0	2.0	0.0	0.051929749171175585	2.933333333333333
1.0	3.0	0.0	0.07532793585618924	2.6
1.0	3.0	0.0	0.07603926207036754	2.533333333333333
1.0	3.0	0.0	0.07603926207036754	2.533333333333333
1.0	3.0	0.0	0.07693646588640364	2.933333333333333
1.0	3.0	0.0	0.07693646588640364	2.933333333333333
1.0	2.0	0.0	0.0541465514507444	3.2
1.0	2.0	0.0	0.0541465514507444	3.2
1.0	2.0	0.0	0.05446063622357622	3.6
1.0	2.0	0.0	0.05446063622357622	3.6
1.0	2.0	0.0	0.055745719814058556	3.8666666666666667
1.0	2.0	0.0	0.055745719814058556	3.8666666666666667
1.0	2.0	0.0	0.05584197507909536	4.266666666666667
1.0	2.0	0.0	0.05584197507909536	4.266666666666667
