Constant_feature	Degree	Clustering_coefficient	Pagerank	Aver_path_len
1.0	2.0	0.0	0.028583180547237103	4.071428571428571
1.0	2.0	0.0	0.029415942149284835	4.5
1.0	1.0	0.0	0.01732807804977631	6.25
1.0	1.0	0.0	0.017369642150724316	6.321428571428571
1.0	3.0	0.0	0.04165715828491803	4.142857142857143
1.0	3.0	0.0	0.0414782665288143	3.857142857142857
1.0	3.0	0.0	0.042111458589861796	4.285714285714286
1.0	2.0	0.0	0.029183069897558086	4.392857142857143
1.0	3.0	0.0	0.04223219533262172	3.9642857142857144
1.0	3.0	0.0	0.04230631543931155	4.142857142857143
1.0	3.0	0.0	0.04278647935059943	4.214285714285714
1.0	3.0	0.0	0.04453847737029941	4.535714285714286
1.0	2.0	0.0	0.029943047005095504	5.035714285714286
1.0	3.0	0.0	0.044767107194622326	4.607142857142857
1.0	2.0	0.0	0.030012462449443854	4.714285714285714
1.0	3.0	0.0	0.04626694064999823	5.285714285714286
1.0	2.0	0.0	0.030802293715522254	5.428571428571429
1.0	2.0	0.0	0.03226474398969445	5.214285714285714
1.0	3.0	0.0	0.04640629934641616	5.357142857142857
1.0	2.0	0.0	0.03087481243001986	5.107142857142857
1.0	2.0	0.0	0.03236125765948477	5.285714285714286
1.0	2.0	0.0	0.03434246982462408	5.964285714285714
1.0	2.0	0.0	0.034403589476789634	6.035714285714286
1.0	3.0	0.0	0.05458680328324664	6.785714285714286
1.0	3.0	0.0	0.054647109655259964	6.857142857142857
1.0	1.0	0.0	0.01982375068975395	7.75
1.0	1.0	0.0	0.01982375068975395	7.75
1.0	1.0	0.0	0.019841649124633667	7.821428571428571
1.0	1.0	0.0	0.019841649124633667	7.821428571428571
