Constant_feature	Degree	Clustering_coefficient	Pagerank	Aver_path_len
1.0	1.0	0.0	0.015402747859787	5.59375
1.0	3.0	0.0	0.03700082734288561	3.4375
1.0	3.0	0.0	0.037209794133601856	3.53125
1.0	3.0	0.0	0.037209794133601856	3.53125
1.0	3.0	0.0	0.038811407575440084	3.90625
1.0	3.0	0.0	0.03764540523212129	4.09375
1.0	2.0	0.0	0.02548750508900383	4.0
1.0	2.0	0.0	0.02548750508900383	4.0
1.0	3.0	0.0	0.038703042287788474	4.1875
1.0	3.0	0.0	0.038703042287788474	4.1875
1.0	3.0	0.0	0.04124343570733559	4.625
1.0	2.0	0.0	0.0273542176046968	4.6875
1.0	3.0	0.0	0.038924126926288494	4.75
1.0	3.0	0.0	0.04235164414186879	5.34375
1.0	3.0	0.0	0.0422644886230731	5.40625
1.0	2.0	0.0	0.02841637971189106	6.125
1.0	2.0	0.0	0.02723204817267742	5.03125
1.0	2.0	0.0	0.02723204817267742	5.03125
1.0	2.0	0.0	0.02723204817267742	5.03125
1.0	2.0	0.0	0.02723204817267742	5.03125
1.0	1.0	0.0	0.01573641702444615	6.3125
1.0	1.0	0.0	0.015710265717747942	6.375
1.0	2.0	0.0	0.02733271587023779	5.59375
1.0	2.0	0.0	0.02733271587023779	5.59375
1.0	2.0	0.0	0.02798099549002023	5.875
1.0	2.0	0.0	0.02798099549002023	5.875
1.0	2.0	0.0	0.02798099549002023	5.875
1.0	2.0	0.0	0.02798099549002023	5.875
1.0	2.0	0.0	0.028212603610877594	6.71875
1.0	2.0	0.0	0.028212603610877594	6.71875
1.0	2.0	0.0	0.028056993259552097	6.4375
1.0	2.0	0.0	0.028056993259552097	6.4375
1.0	2.0	0.0	0.028281153379504084	7.28125
