Constant_feature	Degree	Clustering_coefficient	Pagerank	Aver_path_len
1.0	1.0	0.0	0.012383572905311885	6.243243243243243
1.0	2.0	0.0	0.023137152816438265	6.081081081081081
1.0	2.0	0.0	0.02441586708723515	8.405405405405405
1.0	2.0	0.0	0.02426130444579755	7.324324324324325
1.0	1.0	0.0	0.013716992405565438	10.18918918918919
1.0	1.0	0.0	0.013579984851016318	8.243243243243244
1.0	1.0	0.0	0.013801185168141016	8.945945945945946
1.0	1.0	0.0	0.013860876677194475	9.702702702702704
1.0	4.0	0.0	0.043341773164592916	5.27027027027027
1.0	4.0	0.0	0.04351084477922631	5.621621621621622
1.0	3.0	0.0	0.03208285680079119	5.054054054054054
1.0	3.0	0.0	0.032099253895509564	4.945945945945946
1.0	4.0	0.0	0.04342486739385906	4.945945945945946
1.0	3.0	0.0	0.0327506776783042	6.135135135135135
1.0	2.0	0.0	0.022493959336008992	5.513513513513513
1.0	2.0	0.0	0.022383989327437893	5.297297297297297
1.0	2.0	0.0	0.02255687087812898	5.972972972972973
1.0	2.0	0.0	0.02237589110681248	5.216216216216216
1.0	2.0	0.0	0.022607627712664967	6.405405405405405
1.0	3.0	0.0	0.0326244923400352	5.108108108108108
1.0	1.0	0.0	0.01242134546791442	6.594594594594595
1.0	2.0	0.0	0.022488499485419415	5.216216216216216
1.0	2.0	0.0	0.022696645274458006	5.216216216216216
1.0	1.0	0.0	0.01240193792196989	5.918918918918919
1.0	3.0	0.0	0.03385476777631443	6.783783783783784
1.0	2.0	0.0	0.022877857859430067	5.486486486486487
1.0	2.0	0.0	0.02245168699735335	5.378378378378378
1.0	3.0	0.0	0.0334404507946371	5.648648648648648
1.0	2.0	0.0	0.023774245175685296	7.594594594594595
1.0	2.0	0.0	0.023774245175685296	7.594594594594595
1.0	2.0	0.0	0.024415867087235147	8.405405405405405
1.0	3.0	0.0	0.03490813042749283	6.5675675675675675
1.0	3.0	0.0	0.036949592094034575	9.216216216216216
1.0	3.0	0.0	0.03649691580373493	7.27027027027027
1.0	3.0	0.0	0.03722964006137204	7.972972972972973
1.0	3.0	0.0	0.037186516588976204	8.027027027027026
1.0	3.0	0.0	0.03743337106625257	8.72972972972973
1.0	1.0	0.0	0.013788244171962246	9.0
