Constant_feature	Degree	Clustering_coefficient	Pagerank	Aver_path_len
1.0	1.0	0.0	0.02144706010306618	4.590909090909091
1.0	2.0	0.0	0.04375926710697782	5.454545454545454
1.0	2.0	0.0	0.04376898159262766	5.409090909090909
1.0	2.0	0.0	0.037655055414956985	3.727272727272727
1.0	3.0	0.0	0.05537804239230974	3.772727272727273
1.0	3.0	0.0	0.055644685871141866	3.4545454545454546
1.0	3.0	0.0	0.055513108463686456	3.727272727272727
1.0	3.0	0.0	0.05699808380401012	3.6363636363636362
1.0	2.0	0.0	0.03873720600560983	4.181818181818182
1.0	2.0	0.0	0.03834142217815199	3.6818181818181817
1.0	2.0	0.0	0.03878347715577003	4.136363636363637
1.0	3.0	0.0	0.05925279952744793	4.590909090909091
1.0	3.0	0.0	0.057663487237458025	4.0
1.0	3.0	0.0	0.05927233793215016	4.545454545454546
1.0	2.0	0.0	0.04007158108307488	4.681818181818182
1.0	2.0	0.0	0.04007158108307488	4.681818181818182
1.0	3.0	0.0	0.061409711264823495	5.2727272727272725
1.0	3.0	0.0	0.061409711264823495	5.2727272727272725
1.0	2.0	0.0	0.04119561848869313	5.954545454545454
1.0	1.0	0.0	0.022771722287824824	6.2272727272727275
1.0	1.0	0.0	0.022771722287824824	6.2272727272727275
1.0	1.0	0.0	0.024039443737508878	6.409090909090909
1.0	1.0	0.0	0.024043893716986675	6.363636363636363
