Constant_feature	Degree	Clustering_coefficient	Pagerank	Aver_path_len
1.0	0.0	0.0	0.0	0.0
1.0	1.0	0.0	0.020063684589675477	6.384615384615385
1.0	1.0	0.0	0.020063684589675477	6.384615384615385
1.0	2.0	0.0	0.03334611777850985	4.038461538461538
1.0	2.0	0.0	0.03733895336550287	5.884615384615385
1.0	2.0	0.0	0.031669526941524584	5.038461538461538
1.0	3.0	0.0	0.06076780007486571	8.076923076923077
1.0	3.0	0.0	0.05453343183335308	5.423076923076923
1.0	2.0	0.0	0.0358838985207515	4.8076923076923075
1.0	2.0	0.0	0.03485611917523108	4.384615384615385
1.0	3.0	0.0	0.04652130429185711	3.769230769230769
1.0	2.0	0.0	0.03665229037280515	5.3076923076923075
1.0	3.0	0.0	0.046358993365989386	4.038461538461538
1.0	3.0	0.0	0.04634939747826472	4.269230769230769
1.0	2.0	0.0	0.038088325043968016	6.538461538461538
1.0	3.0	0.0	0.046611883771919015	4.538461538461538
1.0	3.0	0.0	0.04660680203603523	4.769230769230769
1.0	2.0	0.0	0.039076177643555345	7.269230769230769
1.0	3.0	0.0	0.04904980611735054	4.615384615384615
1.0	2.0	0.0	0.032681759720973896	5.076923076923077
1.0	2.0	0.0	0.03277669263350032	5.346153846153846
1.0	2.0	0.0	0.03277193209459549	5.576923076923077
1.0	2.0	0.0	0.033508044950166495	5.423076923076923
1.0	2.0	0.0	0.03353168754861164	5.923076923076923
1.0	2.0	0.0	0.03349669607661542	5.884615384615385
1.0	2.0	0.0	0.03352435187418785	6.384615384615385
1.0	1.0	0.0	0.021935319055257224	9.038461538461538
1.0	1.0	0.0	0.021935319055257224	9.038461538461538
