Constant_feature	Degree	Clustering_coefficient	Pagerank	Aver_path_len
1.0	1.0	0.0	0.030728916848390936	5.125
1.0	2.0	0.0	0.0529399888154021	3.5
1.0	1.0	0.0	0.028197901328122867	3.25
1.0	3.0	0.3333333333333333	0.07429640710355546	3.0
1.0	2.0	1.0	0.05122066979605654	3.875
1.0	2.0	1.0	0.05122066979605653	3.875
1.0	4.0	0.0	0.09918163654913172	2.3125
1.0	3.0	0.0	0.07625968971466235	2.5
1.0	3.0	0.0	0.0758436549778303	2.75
1.0	2.0	0.0	0.0534035429523234	3.0625
1.0	2.0	0.0	0.0534035429523234	3.0625
1.0	2.0	0.0	0.0529399888154021	3.5
1.0	2.0	0.0	0.05400958000315765	4.25
1.0	2.0	0.0	0.05475981104166067	3.625
1.0	2.0	0.0	0.05475981104166067	3.625
1.0	2.0	0.0	0.054009580003157656	4.25
1.0	3.0	0.0	0.08282460826110566	4.1875
