Constant_feature	Degree	Clustering_coefficient	Pagerank	Aver_path_len
1.0	1.0	0.0	0.01785226366066142	5.37037037037037
1.0	1.0	0.0	0.017928803038712814	5.444444444444445
1.0	2.0	0.0	0.03666009494309782	8.222222222222221
1.0	1.0	0.0	0.020388887267948127	8.851851851851851
1.0	3.0	0.0	0.04661364879651514	4.333333333333333
1.0	2.0	0.0	0.03200931829099796	4.777777777777778
1.0	2.0	0.0	0.035082535826801674	7.074074074074074
1.0	3.0	0.0	0.04660094238515924	4.518518518518518
1.0	3.0	0.0	0.04817811827242459	4.851851851851852
1.0	3.0	0.0	0.04760331224794008	4.407407407407407
1.0	2.0	0.0	0.03176705032363367	4.888888888888889
1.0	3.0	0.0	0.04785956964891592	4.481481481481482
1.0	3.0	0.0	0.04722216785654686	4.777777777777778
1.0	3.0	0.0	0.047384414098688946	5.333333333333333
1.0	1.0	0.0	0.01802494225041447	5.814814814814815
1.0	2.0	0.0	0.03254990843641635	5.296296296296297
1.0	2.0	0.0	0.03254990843641635	5.296296296296297
1.0	3.0	0.0	0.048981823219350955	6.333333333333333
1.0	2.0	0.0	0.0327975291614367	6.0
1.0	2.0	0.0	0.0327975291614367	6.0
1.0	2.0	0.0	0.032911759539199135	5.814814814814815
1.0	2.0	0.0	0.032911759539199135	5.814814814814815
1.0	2.0	0.0	0.03335737598234696	6.666666666666667
1.0	2.0	0.0	0.03335737598234696	6.666666666666667
1.0	3.0	0.0	0.05009001370402397	7.333333333333333
1.0	3.0	0.0	0.056061626983467984	7.888888888888889
1.0	1.0	0.0	0.020388887267948127	8.851851851851851
1.0	1.0	0.0	0.02006843367795158	9.185185185185185
