Constant_feature	Degree	Clustering_coefficient	Pagerank	Aver_path_len
1.0	4.0	0.0	0.1249983225980402	2.2857142857142856
1.0	2.0	0.0	0.067264099834869	2.9285714285714284
1.0	1.0	0.0	0.03479170672606502	3.2142857142857144
1.0	3.0	0.0	0.09481744014107851	2.5
1.0	2.0	0.0	0.06289100420347363	2.5
1.0	2.0	0.0	0.06722508103959428	3.142857142857143
1.0	1.0	0.0	0.03912578356218568	4.857142857142857
1.0	4.0	0.0	0.12644851012841138	2.357142857142857
1.0	1.0	0.0	0.03511741349478468	3.2857142857142856
1.0	1.0	0.0	0.03511741349478468	3.2857142857142856
1.0	3.0	0.0	0.09366304947616974	2.5
1.0	1.0	0.0	0.03511177593783698	3.4285714285714284
1.0	2.0	0.0	0.07215940913462429	3.7142857142857144
1.0	1.0	0.0	0.03913905977547065	4.642857142857143
1.0	2.0	0.0	0.07212993045261137	3.9285714285714284
