Constant_feature	Degree	Clustering_coefficient	Pagerank	Aver_path_len
1.0	2.0	1.0	0.06530432906232948	2.5833333333333335
1.0	2.0	0.0	0.06862545260464235	2.9166666666666665
1.0	1.0	0.0	0.03750424601882435	3.0833333333333335
1.0	1.0	0.0	0.03821425310828537	3.3333333333333335
1.0	4.0	0.16666666666666666	0.12751995263820023	2.0
1.0	4.0	0.16666666666666666	0.12853415280196748	2.1666666666666665
1.0	3.0	0.0	0.09591297345035632	1.9166666666666667
1.0	3.0	0.0	0.09668977845364772	2.0833333333333335
1.0	3.0	0.0	0.09937369147881991	2.1666666666666665
1.0	1.0	0.0	0.03638398890439847	2.9166666666666665
1.0	1.0	0.0	0.036612647850238704	3.0833333333333335
1.0	2.0	0.0	0.06758166492732455	2.6666666666666665
1.0	3.0	0.0	0.10174286870096504	2.4166666666666665
