Constant_feature	Degree	Clustering_coefficient	Pagerank	Aver_path_len
1.0	1.0	0.0	0.005574279854389328	10.98876404494382
1.0	1.0	0.0	0.005574279854389328	10.98876404494382
1.0	1.0	0.0	0.005685758449340142	10.98876404494382
1.0	1.0	0.0	0.005685758449340142	10.98876404494382
1.0	1.0	0.0	0.005731511973340401	10.98876404494382
1.0	1.0	0.0	0.005731511973340401	10.98876404494382
1.0	1.0	0.0	0.005743348943337306	10.98876404494382
1.0	1.0	0.0	0.005743348943337306	10.98876404494382
1.0	1.0	0.0	0.0059183372612063335	10.98876404494382
1.0	1.0	0.0	0.0059183372612063335	10.98876404494382
1.0	1.0	0.0	0.005616411228368473	12.404494382022472
1.0	1.0	0.0	0.005616411228368473	12.404494382022472
1.0	1.0	0.0	0.005597239755996818	14.044943820224718
1.0	1.0	0.0	0.005597239755996818	14.044943820224718
1.0	3.0	0.0	0.01451365292993981	10.0
1.0	3.0	0.0	0.01451365292993981	10.0
1.0	3.0	0.0	0.014733971994434181	10.0
1.0	3.0	0.0	0.014733971994434181	10.0
1.0	2.0	0.0	0.010256273669380865	10.0
1.0	2.0	0.0	0.010256273669380865	10.0
1.0	2.0	0.0	0.010011157916765354	10.696629213483146
1.0	2.0	0.0	0.010011157916765354	10.696629213483146
1.0	2.0	0.0	0.010526150718619707	10.0
1.0	2.0	0.0	0.010526150718619707	10.0
1.0	3.0	0.0	0.015971415609941017	10.0
1.0	3.0	0.0	0.015971415609941017	10.0
1.0	2.0	0.0	0.009751513895961886	13.03370786516854
1.0	2.0	0.0	0.009751513895961886	13.03370786516854
1.0	3.0	0.0	0.01465061457592535	10.0
1.0	3.0	0.0	0.01465061457592535	10.0
1.0	3.0	0.0	0.014683900081892043	10.0
1.0	3.0	0.0	0.014683900081892043	10.0
1.0	2.0	0.0	0.010145631352955467	10.9438202247191
1.0	2.0	0.0	0.010145631352955467	10.9438202247191
1.0	2.0	0.0	0.01009703021363969	10.9438202247191
1.0	2.0	0.0	0.01009703021363969	10.9438202247191
1.0	2.0	0.0	0.010308482571758554	11.887640449438202
1.0	2.0	0.0	0.010308482571758554	11.887640449438202
1.0	2.0	0.0	0.010294101707302866	11.887640449438202
1.0	2.0	0.0	0.010294101707302866	11.887640449438202
1.0	2.0	0.0	0.010172601799256043	10.9438202247191
1.0	2.0	0.0	0.010172601799256043	10.9438202247191
1.0	3.0	0.0	0.014650284469035116	10.0
1.0	3.0	0.0	0.014650284469035116	10.0
1.0	2.0	0.0	0.010347955597990007	11.887640449438202
1.0	2.0	0.0	0.010347955597990007	11.887640449438202
1.0	3.0	0.0	0.01523418419983142	10.0
1.0	3.0	0.0	0.01523418419983142	10.0
1.0	2.0	0.0	0.010190503571662506	10.9438202247191
1.0	2.0	0.0	0.010190503571662506	10.9438202247191
1.0	2.0	0.0	0.010353167289912516	11.887640449438202
1.0	2.0	0.0	0.010353167289912516	11.887640449438202
1.0	3.0	0.0	0.014876241988099078	10.0
1.0	3.0	0.0	0.014876241988099078	10.0
1.0	3.0	0.0	0.015248284622529702	10.0
1.0	3.0	0.0	0.015248284622529702	10.0
1.0	3.0	0.0	0.015402256542335803	10.0
1.0	3.0	0.0	0.015402256542335803	10.0
1.0	3.0	0.0	0.015441423280299345	10.0
1.0	3.0	0.0	0.015441423280299345	10.0
1.0	1.0	0.0	0.005681626331151834	10.98876404494382
1.0	1.0	0.0	0.005681626331151834	10.98876404494382
1.0	2.0	0.0	0.0105345098289104	10.0
1.0	2.0	0.0	0.0105345098289104	10.0
1.0	2.0	0.0	0.01065539196065943	10.0
1.0	2.0	0.0	0.01065539196065943	10.0
1.0	3.0	0.0	0.016023125395402446	10.0
1.0	3.0	0.0	0.016023125395402446	10.0
1.0	3.0	0.0	0.015019685621075817	11.415730337078651
1.0	3.0	0.0	0.015019685621075817	11.415730337078651
1.0	1.0	0.0	0.0059022719966842045	10.98876404494382
1.0	1.0	0.0	0.0059022719966842045	10.98876404494382
1.0	3.0	0.0	0.014489916420080122	12.179775280898877
1.0	3.0	0.0	0.014489916420080122	12.179775280898877
1.0	3.0	0.0	0.01495642384648892	13.0561797752809
1.0	3.0	0.0	0.01495642384648892	13.0561797752809
1.0	3.0	0.0	0.014306110656593523	13.887640449438202
1.0	2.0	0.0	0.009907662437401462	13.910112359550562
1.0	3.0	0.0	0.014306110656593523	13.887640449438202
1.0	2.0	0.0	0.009907662437401462	13.910112359550562
1.0	3.0	0.0	0.014370981829725397	14.764044943820224
1.0	3.0	0.0	0.014370981829725397	14.764044943820224
1.0	2.0	0.0	0.009995755321033743	14.831460674157304
1.0	2.0	0.0	0.009995755321033743	14.831460674157304
1.0	2.0	0.0	0.010015557332960764	15.707865168539326
1.0	2.0	0.0	0.010015557332960764	15.707865168539326
1.0	2.0	0.0	0.010202334968807947	15.775280898876405
1.0	2.0	0.0	0.010202334968807947	15.775280898876405
1.0	2.0	0.0	0.010210957987576836	16.651685393258425
1.0	2.0	0.0	0.010210957987576836	16.651685393258425
