Constant_feature	Degree	Clustering_coefficient	Pagerank	Aver_path_len
1.0	2.0	0.0	0.06514969099543141	5.25
1.0	1.0	0.0	0.03346990086449023	5.375
1.0	2.0	0.0	0.05315603861711554	3.625
1.0	2.0	0.0	0.057155865722820304	3.4375
1.0	2.0	0.0	0.05919047118435955	3.875
1.0	3.0	0.0	0.07574714675707635	3.125
1.0	3.0	0.0	0.07632031425252125	3.5625
1.0	3.0	0.0	0.07716411966219497	2.9375
1.0	2.0	0.0	0.05292938454670733	3.8125
1.0	2.0	0.0	0.053130568399299805	4.25
1.0	2.0	0.0	0.052902891265268794	4.25
1.0	2.0	0.0	0.05405269698608539	4.5
1.0	2.0	0.0	0.05411399870348799	4.9375
1.0	2.0	0.0	0.05360804195592942	4.0625
1.0	2.0	0.0	0.054752576571981716	3.125
1.0	3.0	0.0	0.09195702082261709	4.4375
1.0	1.0	0.0	0.035199272692612756	6.1875
