Constant_feature	Degree	Clustering_coefficient	Pagerank	Aver_path_len
1.0	1.0	0.0	0.00042720741932261903	8.882352941176471
1.0	1.0	0.0	0.00038321749503758995	6.382352941176471
1.0	2.0	0.0	0.0006799282951277571	7.352941176470588
1.0	1.0	0.0	0.000391644475868729	7.117647058823529
1.0	3.0	0.0	0.000989851990490902	5.735294117647059
1.0	2.0	0.0	0.0006661445913055467	5.5588235294117645
1.0	1.0	0.0	0.0004024608710411603	8.823529411764707
1.0	2.0	0.0	0.0006913213597555132	5.764705882352941
1.0	3.0	0.0	0.0010376818172278084	7.0
1.0	2.0	0.0	0.0006869223328095011	6.4411764705882355
1.0	3.0	0.0	0.0010038674917820117	6.911764705882353
1.0	3.0	0.0	0.0009923158708091946	6.264705882352941
1.0	2.0	0.0	0.0007742417464374808	7.911764705882353
1.0	3.0	0.0	0.0010153989122189356	5.411764705882353
1.0	2.0	0.0	0.0007038382933298793	7.705882352941177
1.0	2.0	0.0	0.0006999711351804994	7.0588235294117645
1.0	3.0	0.0	0.0009821492689619	5.205882352941177
1.0	3.0	0.0	0.0010802549361707472	7.852941176470588
1.0	2.0	0.0	0.0007189426082823333	8.5
1.0	2.0	0.0	0.0006649669679251265	5.205882352941177
1.0	3.0	0.0	0.0009723248230307763	5.147058823529412
1.0	3.0	0.0	0.0009755123623987447	5.5
1.0	2.0	0.0	0.0006699496487073447	5.294117647058823
1.0	2.0	0.0	0.0006793800003476336	5.647058823529412
1.0	3.0	0.0	0.0009994769900225553	5.4411764705882355
1.0	2.0	0.0	0.0006839222368363204	5.794117647058823
1.0	3.0	0.0	0.0010436892553620284	6.147058823529412
1.0	3.0	0.0	0.0010034680991976054	6.647058823529412
1.0	3.0	0.0	0.0010003403813189518	8.0
1.0	3.0	0.0	0.0010003403813189518	8.0
1.0	2.0	0.0	0.0006799282951277571	7.352941176470588
1.0	2.0	0.0	0.0007014232517536593	8.852941176470589
1.0	2.0	0.0	0.0007014232517536593	8.852941176470589
1.0	2.0	0.0	0.0007169326458269019	9.705882352941176
1.0	2.0	0.0	0.0007169326458269019	9.705882352941176
1.0	1.0	0.0	0.00042266692340749157	8.578947368421053
1.0	1.0	0.0	0.0003810457339195498	6.447368421052632
1.0	2.0	0.0	0.0006799035742976034	8.157894736842104
1.0	1.0	0.0	0.0003916025973932956	7.842105263157895
1.0	3.0	0.0	0.0009756398052145205	5.657894736842105
1.0	2.0	0.0	0.0006647310894513632	5.815789473684211
1.0	1.0	0.0	0.0003883852579592647	8.31578947368421
1.0	2.0	0.0	0.0006911314552201668	6.421052631578948
1.0	3.0	0.0	0.001017711124993075	6.684210526315789
1.0	3.0	0.0	0.0009678093366242466	6.5
1.0	2.0	0.0	0.0006766614830188307	6.2894736842105265
1.0	3.0	0.0	0.0009675423797148638	6.026315789473684
1.0	3.0	0.0	0.0009803968398145947	7.105263157894737
1.0	2.0	0.0	0.0007641835229633897	7.605263157894737
1.0	2.0	0.0	0.0006784712797549846	6.7368421052631575
1.0	3.0	0.0	0.0009964601208806237	7.815789473684211
1.0	3.0	0.0	0.001008119496080561	5.473684210526316
1.0	3.0	0.0	0.0010333367769563195	7.342105263157895
1.0	2.0	0.0	0.0006924521405443039	7.973684210526316
1.0	3.0	0.0	0.0009787202542274015	5.394736842105263
1.0	2.0	0.0	0.0006990733190639655	8.68421052631579
1.0	2.0	0.0	0.0007117474813240412	8.842105263157896
1.0	2.0	0.0	0.0006635574406869124	5.5
1.0	2.0	0.0	0.0007128567599797106	9.552631578947368
1.0	3.0	0.0	0.000971088745443319	5.552631578947368
1.0	3.0	0.0	0.0009742637440189355	5.868421052631579
1.0	2.0	0.0	0.0006694295276252705	5.7894736842105265
1.0	2.0	0.0	0.0006788261850919278	6.105263157894737
1.0	3.0	0.0	0.0009989824096029221	6.026315789473684
1.0	2.0	0.0	0.0006835271494550063	6.342105263157895
1.0	3.0	0.0	0.0010435489373217474	6.868421052631579
1.0	3.0	0.0	0.0010034043111597961	7.421052631578948
1.0	3.0	0.0	0.0010003195416641167	8.842105263157896
1.0	2.0	0.0	0.0006799035742976034	8.157894736842104
1.0	3.0	0.0	0.0010003195416641167	8.842105263157896
1.0	2.0	0.0	0.0007014143487148692	9.710526315789474
1.0	2.0	0.0	0.0007014143487148692	9.710526315789474
1.0	2.0	0.0	0.0007169259175627254	10.578947368421053
1.0	2.0	0.0	0.0007169259175627254	10.578947368421053
1.0	1.0	0.0	0.0004213165284668696	8.108695652173912
1.0	1.0	0.0	0.0003815028566411451	6.565217391304348
1.0	1.0	0.0	0.0004029995954437103	7.1521739130434785
1.0	2.0	0.0	0.0007802816892781819	8.565217391304348
1.0	2.0	0.0	0.0007907831751804049	9.282608695652174
1.0	2.0	0.0	0.0007904482860447983	9.326086956521738
1.0	1.0	0.0	0.00043455697646518714	9.934782608695652
1.0	1.0	0.0	0.00043455697646518714	9.934782608695652
1.0	3.0	0.0	0.0009707136890953921	5.304347826086956
1.0	2.0	0.0	0.0006971510643021532	5.760869565217392
1.0	2.0	0.0	0.0006732562284691982	6.521739130434782
1.0	3.0	0.0	0.001188049080066647	8.956521739130435
1.0	3.0	0.0	0.0010118967858530324	6.195652173913044
1.0	3.0	0.0	0.000958244808524145	5.739130434782608
1.0	2.0	0.0	0.000673469474270011	6.0
1.0	3.0	0.0	0.000954104915621454	5.173913043478261
1.0	3.0	0.0	0.0009665245287608355	5.804347826086956
1.0	2.0	0.0	0.0007613886501603357	7.130434782608695
1.0	2.0	0.0	0.0006589906119801506	5.326086956521739
1.0	3.0	0.0	0.0009720805394386519	5.956521739130435
1.0	3.0	0.0	0.0009809968724213795	5.391304347826087
1.0	3.0	0.0	0.0010095210108975517	5.586956521739131
1.0	2.0	0.0	0.0006855151923311145	6.695652173913044
1.0	4.0	0.0	0.0014491775863961446	6.673913043478261
1.0	2.0	0.0	0.0006877926146503698	6.8478260869565215
1.0	3.0	0.0	0.0009873216331869493	5.956521739130435
1.0	3.0	0.0	0.0010820273075738329	6.173913043478261
1.0	2.0	0.0	0.0007046321375362066	7.586956521739131
1.0	2.0	0.0	0.0007050426280472797	7.739130434782608
1.0	2.0	0.0	0.0006730594387723869	6.565217391304348
1.0	3.0	0.0	0.0010605151867878262	7.304347826086956
1.0	3.0	0.0	0.0009945788791199915	7.0
1.0	3.0	0.0	0.0009938292111002286	7.043478260869565
1.0	1.0	0.0	0.0004051113372594589	7.6521739130434785
1.0	1.0	0.0	0.0004051113372594589	7.6521739130434785
1.0	3.0	0.0	0.0010851893060667308	8.065217391304348
1.0	3.0	0.0	0.001049176103292816	7.630434782608695
1.0	2.0	0.0	0.0007307988607184483	8.195652173913043
1.0	2.0	0.0	0.0006976648422117695	7.760869565217392
1.0	3.0	0.0	0.0010701498864127501	8.347826086956522
1.0	3.0	0.0	0.0010693105102527226	8.391304347826088
1.0	2.0	0.0	0.0007409624248687003	8.956521739130435
1.0	2.0	0.0	0.0007442351793880404	9.08695652173913
1.0	2.0	0.0	0.0007460193450306203	9.847826086956522
1.0	1.0	0.0	0.0004297874640191403	9.543478260869565
1.0	1.0	0.0	0.0004345576806068124	10.26086956521739
1.0	1.0	0.0	0.00043435644760681544	10.304347826086957
1.0	2.0	0.0	0.0006688610758858145	4.484848484848484
1.0	2.0	0.0	0.0006781441067775739	4.212121212121212
1.0	1.0	0.0	0.0003726869707267704	5.0
1.0	1.0	0.0	0.0003876273558344255	5.121212121212121
1.0	1.0	0.0	0.0003951279318535866	5.515151515151516
1.0	1.0	0.0	0.0003897155759423386	5.303030303030303
1.0	1.0	0.0	0.00040247549975189136	6.242424242424242
1.0	1.0	0.0	0.0004208728203747984	6.090909090909091
1.0	4.0	0.0	0.0012375201201909934	3.3636363636363638
1.0	3.0	0.0	0.0009450650333084691	3.4545454545454546
1.0	3.0	0.0	0.000963911125287157	3.484848484848485
1.0	4.0	0.0	0.0013131359582671917	3.8181818181818183
1.0	4.0	0.0	0.0013087351748840002	4.03030303030303
1.0	3.0	0.0	0.0009585875175783306	3.8484848484848486
1.0	3.0	0.0	0.0010254417582300183	4.121212121212121
1.0	3.0	0.0	0.000987098863064602	4.303030303030303
1.0	2.0	0.0	0.0006574968782197775	4.151515151515151
1.0	3.0	0.0	0.0010278070757507379	4.151515151515151
1.0	2.0	0.0	0.0006641291325717846	4.212121212121212
1.0	3.0	0.0	0.001006063271588115	3.8484848484848486
1.0	3.0	0.0	0.0010517847118798832	4.545454545454546
1.0	1.0	0.0	0.0003732973688624451	4.787878787878788
1.0	3.0	0.0	0.0010559043997610134	5.03030303030303
1.0	3.0	0.0	0.001033075534080992	4.333333333333333
1.0	1.0	0.0	0.00038555055803244243	5.090909090909091
1.0	2.0	0.0	0.0007214744877733593	4.454545454545454
1.0	3.0	0.0	0.0010825216918845153	5.2727272727272725
1.0	2.0	0.0	0.0007183002702590988	5.757575757575758
1.0	1.0	0.0	0.0003945029766441075	6.0
1.0	3.0	0.0	0.0011472378508088602	5.121212121212121
1.0	2.0	0.0	0.0007982607652367161	5.909090909090909
1.0	3.0	0.0	0.0012660439232365806	6.757575757575758
1.0	1.0	0.0	0.0004560661509988177	7.7272727272727275
1.0	1.0	0.0	0.0004560661509988177	7.7272727272727275
1.0	2.0	0.0	0.0006912724699671044	4.0
1.0	1.0	0.0	0.0003998665907443589	5.333333333333333
1.0	1.0	0.0	0.00040420171021679545	5.407407407407407
1.0	1.0	0.0	0.0003917015309807323	5.2592592592592595
1.0	2.0	0.0	0.0006835563743675766	4.074074074074074
1.0	3.0	0.0	0.0011028525954140658	4.222222222222222
1.0	3.0	0.0	0.0010284007555881845	3.7777777777777777
1.0	3.0	0.0	0.0010033792398280645	3.7037037037037037
1.0	2.0	0.0	0.0007624618774479784	4.814814814814815
1.0	3.0	0.0	0.0010757580407249321	4.37037037037037
1.0	3.0	0.0	0.0010802161392682536	4.444444444444445
1.0	3.0	0.0	0.0010026007883754367	3.7777777777777777
1.0	3.0	0.0	0.001064775684779415	4.37037037037037
1.0	1.0	0.0	0.0004076414319943535	5.185185185185185
1.0	2.0	0.0	0.0007937122201967259	5.481481481481482
1.0	1.0	0.0	0.00039670508725832493	5.333333333333333
1.0	3.0	0.0	0.0010051466808444986	4.37037037037037
1.0	3.0	0.0	0.0010476004522329463	4.296296296296297
1.0	2.0	0.0	0.0008160815707442366	6.222222222222222
1.0	3.0	0.0	0.0010273117746191184	4.962962962962963
1.0	3.0	0.0	0.0012841545633111822	7.037037037037037
1.0	2.0	0.0	0.0007153967559640612	5.777777777777778
1.0	2.0	0.0	0.0007153967559640612	5.777777777777778
1.0	1.0	0.0	0.0004612611252906117	8.0
1.0	1.0	0.0	0.0004612611252906117	8.0
1.0	2.0	0.0	0.0007346549232966112	6.592592592592593
1.0	2.0	0.0	0.0007346549232966112	6.592592592592593
1.0	2.0	0.0	0.000737874530325169	7.407407407407407
1.0	1.0	0.0	0.0004270613471232308	6.444444444444445
1.0	4.0	0.0	0.00137476553194611	3.5925925925925926
1.0	2.0	0.0	0.0006770340838236607	4.37037037037037
1.0	1.0	0.0	0.00038801460421932697	4.555555555555555
1.0	1.0	0.0	0.00038801460421932697	4.555555555555555
1.0	2.0	0.0	0.0007912463599595661	6.925925925925926
1.0	1.0	0.0	0.0004303170829942304	6.814814814814815
1.0	1.0	0.0	0.0004303170829942304	6.814814814814815
1.0	3.0	0.0	0.000995149640352522	3.5925925925925926
1.0	3.0	0.0	0.001173917211488775	5.851851851851852
1.0	3.0	0.0	0.001037408329254115	4.592592592592593
1.0	2.0	0.0	0.0006885900309170788	4.222222222222222
1.0	3.0	0.0	0.0010027676712343711	4.407407407407407
1.0	3.0	0.0	0.000990385234566057	3.8518518518518516
1.0	2.0	0.0	0.0007746942825444356	5.481481481481482
1.0	2.0	0.0	0.0006999195764072976	5.0
1.0	2.0	0.0	0.000695574022515174	4.444444444444445
1.0	3.0	0.0	0.0009973249775017232	3.814814814814815
1.0	3.0	0.0	0.0010636573061706613	5.037037037037037
1.0	2.0	0.0	0.0007135454629724706	5.592592592592593
1.0	2.0	0.0	0.0006770092969225416	4.296296296296297
1.0	3.0	0.0	0.0009970474031255996	4.703703703703703
1.0	3.0	0.0	0.0009972559309945794	4.777777777777778
1.0	2.0	0.0	0.0006991095029995745	5.37037037037037
1.0	2.0	0.0	0.0006994444058354928	5.444444444444445
1.0	3.0	0.0	0.0010708779907761617	6.037037037037037
1.0	2.0	0.0	0.000714747848215018	6.111111111111111
1.0	1.0	0.0	0.0004347008962586909	7.888888888888889
1.0	1.0	0.0	0.00042128856364719605	7.818181818181818
1.0	4.0	0.0	0.0017379665539817629	1.4285714285714286
1.0	1.0	0.0	0.0004697205638314136	2.2857142857142856
1.0	1.0	0.0	0.0004697205638314136	2.2857142857142856
1.0	1.0	0.0	0.0004697205638314136	2.2857142857142856
1.0	1.0	0.0	0.000381587924613537	6.25
1.0	2.0	0.0	0.0007802933797494571	8.159090909090908
1.0	1.0	0.0	0.00043506643664423884	10.227272727272727
1.0	1.0	0.0	0.00043506643664423884	10.227272727272727
1.0	2.0	0.0	0.000790785172898727	8.863636363636363
1.0	2.0	0.0	0.0007904494927317379	8.909090909090908
1.0	1.0	0.0	0.00046972056383141355	2.2857142857142856
1.0	1.0	0.0	0.00046972056383141355	2.2857142857142856
1.0	1.0	0.0	0.00046972056383141355	2.2857142857142856
1.0	4.0	0.0	0.0014015789336996555	5.681818181818182
1.0	3.0	0.0	0.0009711549503645495	5.0227272727272725
1.0	3.0	0.0	0.0010819443824020842	7.590909090909091
1.0	2.0	0.0	0.0006732551652934864	6.159090909090909
1.0	3.0	0.0	0.0011890689610503113	9.25
1.0	3.0	0.0	0.0010119102450540586	5.909090909090909
1.0	3.0	0.0	0.0009590715436937067	5.4772727272727275
1.0	3.0	0.0	0.0009824030023247074	5.25
1.0	3.0	0.0	0.0009542973224836706	4.931818181818182
1.0	2.0	0.0	0.0006736626309130518	5.704545454545454
1.0	3.0	0.0	0.000966472440132299	5.590909090909091
1.0	3.0	0.0	0.0009737407940405016	5.795454545454546
1.0	2.0	0.0	0.0006601332841932007	5.136363636363637
1.0	2.0	0.0	0.0007075447865047383	6.25
1.0	1.0	0.0	0.00039377454799014713	6.659090909090909
1.0	1.0	0.0	0.00039377454799014713	6.659090909090909
1.0	2.0	0.0	0.0007616886800452982	6.840909090909091
1.0	3.0	0.0	0.0010461764035543113	6.863636363636363
1.0	3.0	0.0	0.0010095491096145815	5.2727272727272725
1.0	2.0	0.0	0.0006862561237501362	6.4772727272727275
1.0	2.0	0.0	0.0006877520137790899	6.681818181818182
1.0	2.0	0.0	0.0007044262082878162	7.363636363636363
1.0	2.0	0.0	0.0007058583056763674	7.568181818181818
1.0	3.0	0.0	0.0009874615619827661	5.613636363636363
1.0	2.0	0.0	0.0007205903997622474	7.704545454545454
1.0	3.0	0.0	0.0010877135414527144	8.363636363636363
1.0	2.0	0.0	0.0007296353306236578	8.454545454545455
1.0	2.0	0.0	0.0006730583325110633	6.204545454545454
1.0	1.0	0.0	0.0004031833558346196	8.568181818181818
1.0	3.0	0.0	0.0009946149162440177	6.613636363636363
1.0	3.0	0.0	0.0009938666068401189	6.659090909090909
1.0	3.0	0.0	0.00104917949907467	7.2272727272727275
1.0	2.0	0.0	0.0006976683994553632	7.363636363636363
1.0	3.0	0.0	0.001070159756017889	7.931818181818182
1.0	3.0	0.0	0.001069322545886185	7.9772727272727275
1.0	1.0	0.0	0.0004297869755558279	9.136363636363637
1.0	1.0	0.0	0.00043456009107562335	9.840909090909092
1.0	1.0	0.0	0.00043435965952122127	9.886363636363637
1.0	4.0	0.0	0.001737966553981763	1.4285714285714286
1.0	4.0	0.0	0.0016270903890147777	7.111111111111111
1.0	2.0	0.0	0.0007669225284009222	6.305555555555555
1.0	1.0	0.0	0.0003811952382139629	5.388888888888889
1.0	1.0	0.0	0.00044280954292648394	8.083333333333334
1.0	1.0	0.0	0.00044280954292648394	8.083333333333334
1.0	2.0	0.0	0.0007802272926040561	6.833333333333333
1.0	2.0	0.0	0.0007907522380095983	7.472222222222222
1.0	2.0	0.0	0.0007904175033316163	7.527777777777778
1.0	3.0	0.0	0.0009689346376881456	4.333333333333333
1.0	2.0	0.0	0.000673153222993122	5.055555555555555
1.0	1.0	0.0	0.00038742895276392715	6.805555555555555
1.0	3.0	0.0	0.000989168563581415	4.861111111111111
1.0	3.0	0.0	0.0009562430118962883	4.777777777777778
1.0	2.0	0.0	0.0006669083685216739	4.722222222222222
1.0	3.0	0.0	0.0009602872314100808	4.555555555555555
1.0	2.0	0.0	0.0007227245716680036	5.555555555555555
1.0	3.0	0.0	0.0009738969466140877	5.361111111111111
1.0	2.0	0.0	0.0006754729616108535	5.25
1.0	3.0	0.0	0.000993097509119289	6.055555555555555
1.0	3.0	0.0	0.0010089680437125803	4.416666666666667
1.0	3.0	0.0	0.0010294907357178704	5.833333333333333
1.0	2.0	0.0	0.0006900064658792892	6.222222222222222
1.0	3.0	0.0	0.0009868170365145228	4.611111111111111
1.0	2.0	0.0	0.0006968610139786787	6.916666666666667
1.0	2.0	0.0	0.0007094109193097678	7.083333333333333
1.0	2.0	0.0	0.0006729560338985349	5.111111111111111
1.0	2.0	0.0	0.0007113069591285564	7.777777777777778
1.0	3.0	0.0	0.0009944153564915242	5.388888888888889
1.0	3.0	0.0	0.0009936603550509946	5.444444444444445
1.0	3.0	0.0	0.0010491076252983316	5.916666666666667
1.0	2.0	0.0	0.0006976117908455198	6.083333333333333
1.0	1.0	0.0	0.00044280954292648394	8.083333333333334
1.0	3.0	0.0	0.0010700851706504852	6.555555555555555
1.0	3.0	0.0	0.001069238923763718	6.611111111111111
1.0	1.0	0.0	0.00042977152017438736	7.805555555555555
1.0	1.0	0.0	0.00043454092348868675	8.444444444444445
1.0	1.0	0.0	0.00043433760052830793	8.5
1.0	1.0	0.0	0.0004278298487865779	6.32
1.0	4.0	0.0	0.0013767268810836288	3.4
1.0	2.0	0.0	0.0006773439082110439	4.08
1.0	1.0	0.0	0.00038827889328062177	4.36
1.0	1.0	0.0	0.00038827889328062177	4.36
1.0	2.0	0.0	0.0007913067073137324	6.52
1.0	3.0	0.0	0.0009973931078791306	3.48
1.0	1.0	0.0	0.00040290249100711963	6.24
1.0	3.0	0.0	0.0010404630533091908	4.48
1.0	2.0	0.0	0.0006900855851113933	4.08
1.0	3.0	0.0	0.001006310609631761	4.36
1.0	3.0	0.0	0.0009961836816040279	3.84
1.0	2.0	0.0	0.0007756476532908027	5.36
1.0	2.0	0.0	0.0007051139629611818	5.08
1.0	2.0	0.0	0.0007015073253854633	4.56
1.0	3.0	0.0	0.000997738692626738	3.56
1.0	3.0	0.0	0.0010820055523150182	5.28
1.0	2.0	0.0	0.000719896827141118	5.8
1.0	2.0	0.0	0.0006773182167742783	4.0
1.0	3.0	0.0	0.000997240128153557	4.36
1.0	3.0	0.0	0.0009974492935902251	4.44
1.0	2.0	0.0	0.0006992222307523107	5.0
1.0	2.0	0.0	0.0006995623691192709	5.08
1.0	3.0	0.0	0.0010709798748427559	5.64
1.0	2.0	0.0	0.0007148233833412308	5.72
1.0	1.0	0.0	0.0004347244248012193	7.48
1.0	2.0	0.0	0.0007135036071071834	11.983333333333333
1.0	2.0	0.0	0.0007283203689065778	9.75
1.0	2.0	0.0	0.0007115855536540761	11.916666666666666
1.0	1.0	0.0	0.00040078112457023955	11.866666666666667
1.0	1.0	0.0	0.00043600577943328023	13.4
1.0	1.0	0.0	0.000443471354144067	13.366666666666667
1.0	1.0	0.0	0.00041832196660871536	10.2
1.0	1.0	0.0	0.00042273723950242496	9.783333333333333
1.0	1.0	0.0	0.0004423073616117455	10.7
1.0	1.0	0.0	0.0004230362037183932	10.333333333333334
1.0	1.0	0.0	0.0004259448343153795	14.95
1.0	1.0	0.0	0.0004259448343153795	14.95
1.0	2.0	0.0	0.0007548384051082871	11.466666666666667
1.0	2.0	0.0	0.0007610437529391263	9.033333333333333
1.0	2.0	0.0	0.0007620173006961443	8.783333333333333
1.0	2.0	0.0	0.00076552410760123	9.633333333333333
1.0	2.0	0.0	0.0007046951386698161	11.1
1.0	1.0	0.0	0.0004423073616117455	10.7
1.0	2.0	0.0	0.0006724636297842849	13.8
1.0	3.0	0.0	0.001158619596741825	13.966666666666667
1.0	3.0	0.0	0.0010383326223621621	10.066666666666666
1.0	3.0	0.0	0.0010431022322318225	10.583333333333334
1.0	3.0	0.0	0.0010787745220691195	10.883333333333333
1.0	3.0	0.0	0.0010777135024849602	11.466666666666667
1.0	3.0	0.0	0.0010285748332585758	11.166666666666666
1.0	2.0	0.0	0.0007973873871446358	12.416666666666666
1.0	2.0	0.0	0.0007445064134364179	9.466666666666667
1.0	3.0	0.0	0.0012218614541750247	12.383333333333333
1.0	2.0	0.0	0.0007150147621784965	12.7
1.0	3.0	0.0	0.001137347144766562	9.216666666666667
1.0	1.0	0.0	0.000443471354144067	13.366666666666667
1.0	3.0	0.0	0.001061378976064562	13.516666666666667
1.0	3.0	0.0	0.001147583673182089	8.883333333333333
1.0	2.0	0.0	0.0007310231429659465	14.433333333333334
1.0	2.0	0.0	0.0007310231429659465	14.433333333333334
1.0	3.0	0.0	0.0011416986735744501	8.8
1.0	1.0	0.0	0.00042139999246731095	9.866666666666667
1.0	2.0	0.0	0.0007463245440493857	15.35
1.0	2.0	0.0	0.0007463245440493857	15.35
1.0	2.0	0.0	0.0007485445107900305	16.266666666666666
1.0	3.0	0.0	0.0011259180399642897	8.8
1.0	2.0	0.0	0.0007636391562800258	8.95
1.0	2.0	0.0	0.0007652646631720712	9.133333333333333
1.0	3.0	0.0	0.0012172169173825008	9.716666666666667
1.0	2.0	0.0	0.0007513757443747696	10.3
1.0	3.0	0.0	0.0011518069650727773	9.35
1.0	2.0	0.0	0.0007348264571797034	10.683333333333334
1.0	2.0	0.0	0.0007629772794344573	9.95
1.0	3.0	0.0	0.0009861740081050403	11.55
1.0	3.0	0.0	0.000983998331032347	12.233333333333333
1.0	3.0	0.0	0.0009835097038503721	12.333333333333334
1.0	3.0	0.0	0.000989350438889801	13.016666666666667
1.0	3.0	0.0	0.0009893416100589416	13.116666666666667
1.0	3.0	0.0	0.0010410821547322045	13.05
1.0	2.0	0.0	0.0006937565680740615	13.25
1.0	2.0	0.0	0.0006961758807221363	13.933333333333334
1.0	2.0	0.0	0.0006958350809446788	14.033333333333333
1.0	2.0	0.0	0.000711794824329591	13.966666666666667
1.0	2.0	0.0	0.0007118193666187482	14.75
1.0	2.0	0.0	0.0007111823162956068	14.166666666666666
1.0	2.0	0.0	0.0007118032875940522	14.95
1.0	2.0	0.0	0.0007131325861059498	12.698412698412698
1.0	2.0	0.0	0.0007277819810868709	10.380952380952381
1.0	2.0	0.0	0.0007113029833373356	12.634920634920634
1.0	1.0	0.0	0.0004009804603924076	12.53968253968254
1.0	1.0	0.0	0.0004361979088161612	14.095238095238095
1.0	1.0	0.0	0.00044364982179484816	14.063492063492063
1.0	1.0	0.0	0.0004185758872779883	10.793650793650794
1.0	1.0	0.0	0.0004226087260810733	10.34920634920635
1.0	1.0	0.0	0.00044261070459778243	11.238095238095237
1.0	1.0	0.0	0.0004247873505767259	10.793650793650794
1.0	1.0	0.0	0.00042593336594373016	16.158730158730158
1.0	1.0	0.0	0.00042593336594373016	16.158730158730158
1.0	2.0	0.0	0.0007552008640832898	12.158730158730158
1.0	2.0	0.0	0.0007615748388718486	9.619047619047619
1.0	2.0	0.0	0.0007620410973320458	9.333333333333334
1.0	2.0	0.0	0.000772510453291019	10.063492063492063
1.0	1.0	0.0	0.00044261070459778243	11.238095238095237
1.0	2.0	0.0	0.0007054053568980465	12.253968253968255
1.0	2.0	0.0	0.0007655149917736263	11.015873015873016
1.0	2.0	0.0	0.0006725975235442128	15.015873015873016
1.0	3.0	0.0	0.0011587652602649658	15.174603174603174
1.0	3.0	0.0	0.0010389301368036606	10.73015873015873
1.0	3.0	0.0	0.0010425151062223874	11.26984126984127
1.0	3.0	0.0	0.001078138749723089	11.555555555555555
1.0	3.0	0.0	0.0010782838850380274	12.158730158730158
1.0	3.0	0.0	0.0010290735041040865	11.873015873015873
1.0	2.0	0.0	0.000796992026411271	13.11111111111111
1.0	3.0	0.0	0.0011173767625662224	10.063492063492063
1.0	3.0	0.0	0.0012213080437109153	13.079365079365079
1.0	2.0	0.0	0.0007152303625831381	13.428571428571429
1.0	1.0	0.0	0.00041495434939425814	11.047619047619047
1.0	3.0	0.0	0.0011364920347719833	9.80952380952381
1.0	1.0	0.0	0.00044364982179484816	14.063492063492063
1.0	3.0	0.0	0.001061126704567674	14.253968253968255
1.0	3.0	0.0	0.0011469917796913278	9.46031746031746
1.0	2.0	0.0	0.0007311657370241155	15.174603174603174
1.0	2.0	0.0	0.0007311657370241155	15.174603174603174
1.0	1.0	0.0	0.00042167715773076044	10.444444444444445
1.0	3.0	0.0	0.001142591746276925	9.365079365079366
1.0	2.0	0.0	0.000746190744690925	16.095238095238095
1.0	2.0	0.0	0.000746190744690925	16.095238095238095
1.0	2.0	0.0	0.0007486700224436275	17.015873015873016
1.0	3.0	0.0	0.0011272434511286097	9.333333333333334
1.0	2.0	0.0	0.0007647716603628749	9.46031746031746
1.0	2.0	0.0	0.0007677057525647034	9.619047619047619
1.0	3.0	0.0	0.001217450404258685	10.253968253968255
1.0	3.0	0.0	0.0011574494279166035	9.80952380952381
1.0	2.0	0.0	0.0007747281866972798	10.34920634920635
1.0	3.0	0.0	0.00098638100201619	12.73015873015873
1.0	2.0	0.0	0.0007702638526435009	10.666666666666666
1.0	2.0	0.0	0.0007356757940393491	11.80952380952381
1.0	2.0	0.0	0.0007533027668743491	11.396825396825397
1.0	3.0	0.0	0.0009842795607340245	13.428571428571429
1.0	3.0	0.0	0.0009838109951352703	13.523809523809524
1.0	3.0	0.0	0.0009893423550969343	14.222222222222221
1.0	3.0	0.0	0.000989333269042121	14.317460317460318
1.0	3.0	0.0	0.0010410703954390529	14.253968253968255
1.0	2.0	0.0	0.0006937573019621093	14.444444444444445
1.0	2.0	0.0	0.0006962913139662125	15.142857142857142
1.0	2.0	0.0	0.0006959630320658219	15.238095238095237
1.0	2.0	0.0	0.0007119037303864068	15.174603174603174
1.0	2.0	0.0	0.0007117983875443124	15.968253968253968
1.0	2.0	0.0	0.0007113158567944864	15.365079365079366
1.0	2.0	0.0	0.0007117820410714266	16.158730158730158
1.0	2.0	0.0	0.0007135038079703669	12.39344262295082
1.0	2.0	0.0	0.0007283243766190939	10.131147540983607
1.0	2.0	0.0	0.0007115856691887147	12.327868852459016
1.0	1.0	0.0	0.0004007817108906476	12.262295081967213
1.0	1.0	0.0	0.00043600595394379483	13.80327868852459
1.0	1.0	0.0	0.00044347149723234153	13.770491803278688
1.0	1.0	0.0	0.0004183321587497602	10.557377049180328
1.0	1.0	0.0	0.0004227847183086754	10.098360655737705
1.0	1.0	0.0	0.0004424280422814021	10.98360655737705
1.0	1.0	0.0	0.0004240770578728213	10.557377049180328
1.0	1.0	0.0	0.0004258550988085371	15.508196721311476
1.0	1.0	0.0	0.0004258550988085371	15.508196721311476
1.0	2.0	0.0	0.000754839061277089	11.868852459016393
1.0	2.0	0.0	0.0007610859308691561	9.37704918032787
1.0	2.0	0.0	0.0007622328005246007	9.081967213114755
1.0	2.0	0.0	0.0007058602669912959	11.639344262295081
1.0	2.0	0.0	0.0007697294536932978	9.836065573770492
1.0	1.0	0.0	0.0004424280422814021	10.98360655737705
1.0	2.0	0.0	0.0006727797156764316	14.360655737704919
1.0	3.0	0.0	0.0011589666647048137	14.524590163934427
1.0	3.0	0.0	0.0010383369274109934	10.459016393442623
1.0	3.0	0.0	0.0010431030456807553	10.98360655737705
1.0	3.0	0.0	0.0010787754420993473	11.278688524590164
1.0	3.0	0.0	0.0010777144815419725	11.868852459016393
1.0	3.0	0.0	0.0010285756920651306	11.573770491803279
1.0	2.0	0.0	0.000797387541442732	12.819672131147541
1.0	2.0	0.0	0.0007445198112253586	9.836065573770492
1.0	3.0	0.0	0.0012218616459391683	12.78688524590164
1.0	2.0	0.0	0.0007150149123833301	13.114754098360656
1.0	3.0	0.0	0.0011373689635826212	9.573770491803279
1.0	1.0	0.0	0.00044347149723234153	13.770491803278688
1.0	3.0	0.0	0.0010613790034827296	13.934426229508198
1.0	3.0	0.0	0.0011476649267529522	9.21311475409836
1.0	2.0	0.0	0.00073102317177097	14.852459016393443
1.0	2.0	0.0	0.00073102317177097	14.852459016393443
1.0	3.0	0.0	0.0011418913220113463	9.114754098360656
1.0	1.0	0.0	0.00042143197825629595	10.19672131147541
1.0	2.0	0.0	0.0007463245484664095	15.770491803278688
1.0	2.0	0.0	0.0007463245484664095	15.770491803278688
1.0	2.0	0.0	0.0007485445229902856	16.688524590163933
1.0	3.0	0.0	0.0011265151789839594	9.081967213114755
1.0	2.0	0.0	0.0007644537300470043	9.21311475409836
1.0	2.0	0.0	0.0007666740234244097	9.37704918032787
1.0	2.0	0.0	0.0007538826669627373	10.819672131147541
1.0	2.0	0.0	0.0007628292052832416	10.459016393442623
1.0	3.0	0.0	0.0012175693532412491	10.0
1.0	2.0	0.0	0.0007342841710049402	11.21311475409836
1.0	2.0	0.0	0.0007703071715365939	10.131147540983607
1.0	3.0	0.0	0.001155390876998922	9.573770491803279
1.0	3.0	0.0	0.000985634701625881	12.098360655737705
1.0	3.0	0.0	0.000984599894855537	12.78688524590164
1.0	3.0	0.0	0.0009841590242653884	12.885245901639344
1.0	3.0	0.0	0.0009889911498869156	13.573770491803279
1.0	3.0	0.0	0.000988958399332462	13.672131147540984
1.0	3.0	0.0	0.0010407579870268077	13.60655737704918
1.0	2.0	0.0	0.0006934888952187238	13.80327868852459
1.0	2.0	0.0	0.00069645137241754	14.491803278688524
1.0	2.0	0.0	0.0006961424691610538	14.59016393442623
1.0	2.0	0.0	0.0007120541172274227	14.524590163934427
1.0	2.0	0.0	0.0007116142017779988	15.311475409836065
1.0	2.0	0.0	0.0007115010045055073	14.721311475409836
1.0	2.0	0.0	0.0007115639288288536	15.508196721311476
1.0	1.0	0.0	0.0004757120418371198	2.1666666666666665
1.0	1.0	0.0	0.0004757120418371198	2.1666666666666665
1.0	1.0	0.0	0.0004757120418371198	2.1666666666666665
1.0	2.0	0.0	0.0007855667924701901	17.841269841269842
1.0	2.0	0.0	0.0007855667924701901	17.841269841269842
1.0	1.0	0.0	0.00042832724787577665	11.857142857142858
1.0	1.0	0.0	0.0004829719690063138	2.3333333333333335
1.0	1.0	0.0	0.0004829719690063138	2.3333333333333335
1.0	2.0	0.0	0.0006618017871261202	15.984126984126984
1.0	2.0	0.0	0.0006618017871261202	15.984126984126984
1.0	2.0	0.0	0.0007133598639318113	12.428571428571429
1.0	2.0	0.0	0.0007133598639318113	12.428571428571429
1.0	2.0	0.0	0.0006965088735565012	13.698412698412698
1.0	2.0	0.0	0.0006965088735565012	13.698412698412698
1.0	3.0	0.0	0.0011546292344553778	11.34920634920635
1.0	3.0	0.0	0.0011546292344553778	11.34920634920635
1.0	2.0	0.0	0.000779182622639883	10.904761904761905
1.0	2.0	0.0	0.000779182622639883	10.904761904761905
1.0	3.0	0.0	0.0009590723519354846	14.428571428571429
1.0	3.0	0.0	0.0009590723519354846	14.428571428571429
1.0	3.0	0.0	0.0009660799768169714	15.174603174603174
1.0	3.0	0.0	0.0009660799768169714	15.174603174603174
1.0	3.0	0.0	0.0009998299712758946	13.825396825396826
1.0	3.0	0.0	0.0009998299712758946	13.825396825396826
1.0	3.0	0.0	0.000975308590520273	13.222222222222221
1.0	3.0	0.0	0.000975308590520273	13.222222222222221
1.0	3.0	0.0	0.0010058539875568442	14.571428571428571
1.0	3.0	0.0	0.0010058539875568442	14.571428571428571
1.0	3.0	0.0	0.0009690629331134075	15.174603174603174
1.0	3.0	0.0	0.0009690629331134075	15.174603174603174
1.0	3.0	0.0	0.0009835929203481654	13.968253968253968
1.0	3.0	0.0	0.0009835929203481654	13.968253968253968
1.0	3.0	0.0	0.0009778599120712113	15.968253968253968
1.0	3.0	0.0	0.0009778599120712113	15.968253968253968
1.0	3.0	0.0	0.0010057511227910573	12.777777777777779
1.0	3.0	0.0	0.0010057511227910573	12.777777777777779
1.0	1.0	0.0	0.0003785817768862364	14.80952380952381
1.0	1.0	0.0	0.0003785817768862364	14.80952380952381
1.0	2.0	0.0	0.0006873090742062583	16.03174603174603
1.0	2.0	0.0	0.0006873090742062583	16.03174603174603
1.0	1.0	0.0	0.00038048819305396323	15.555555555555555
1.0	1.0	0.0	0.00038048819305396323	15.555555555555555
1.0	2.0	0.0	0.0006898222192134979	14.88888888888889
1.0	2.0	0.0	0.0006898222192134979	14.88888888888889
1.0	2.0	0.0	0.000690263925593808	16.825396825396826
1.0	2.0	0.0	0.000690263925593808	16.825396825396826
1.0	2.0	0.0	0.0007397672380035913	12.11111111111111
1.0	2.0	0.0	0.0007397672380035913	12.11111111111111
1.0	2.0	0.0	0.0007560615070718317	11.825396825396826
1.0	2.0	0.0	0.0007560615070718317	11.825396825396826
1.0	2.0	0.0	0.0007650120412306461	11.571428571428571
1.0	2.0	0.0	0.0007650120412306461	11.571428571428571
1.0	3.0	0.0	0.0010597020662210198	16.88888888888889
1.0	3.0	0.0	0.0010597020662210198	16.88888888888889
1.0	2.0	0.0	0.0007072296198765355	17.682539682539684
1.0	2.0	0.0	0.0007072296198765355	17.682539682539684
1.0	2.0	0.0	0.0007026139409802132	14.444444444444445
1.0	2.0	0.0	0.0007026139409802132	14.444444444444445
1.0	2.0	0.0	0.0007750740357469775	11.19047619047619
1.0	2.0	0.0	0.0007750740357469775	11.19047619047619
1.0	2.0	0.0	0.0007784852965697978	11.063492063492063
1.0	2.0	0.0	0.0007784852965697978	11.063492063492063
1.0	1.0	0.0	0.00042490210157320905	12.333333333333334
1.0	1.0	0.0	0.00042490210157320905	12.333333333333334
1.0	2.0	0.0	0.0007793656745140156	10.968253968253968
1.0	2.0	0.0	0.0007793656745140156	10.968253968253968
1.0	3.0	0.0	0.0011650998859388628	10.873015873015873
1.0	1.0	0.0	0.0004321727455499115	18.825396825396826
1.0	1.0	0.0	0.0004321727455499115	18.825396825396826
1.0	4.0	0.0	0.0017732091875583837	1.3333333333333333
1.0	3.0	0.0	0.0013411851785006348	1.5
1.0	0.0	0.0	0.0	0.0
1.0	2.0	0.0	0.0007855822621456936	7.333333333333333
1.0	2.0	0.0	0.0006618777064416898	5.633333333333334
1.0	2.0	0.0	0.0007163610770547375	4.766666666666667
1.0	3.0	0.0	0.0011893641831686318	6.9
1.0	2.0	0.0	0.0006973473215799992	5.233333333333333
1.0	1.0	0.0	0.00048054336942105	10.366666666666667
1.0	3.0	0.0	0.0009592837286360361	4.566666666666666
1.0	3.0	0.0	0.0009662830145273136	5.033333333333333
1.0	3.0	0.0	0.0010003079515014768	4.4
1.0	3.0	0.0	0.0009761842194228193	4.233333333333333
1.0	3.0	0.0	0.0010061307140832802	4.866666666666666
1.0	3.0	0.0	0.0009691783052782188	5.033333333333333
1.0	3.0	0.0	0.000984162960060252	4.7
1.0	3.0	0.0	0.0009779431358748645	5.6
1.0	3.0	0.0	0.0010077927509323209	4.4
1.0	2.0	0.0	0.0007649666071751062	5.7
1.0	1.0	0.0	0.00037871117703096736	5.366666666666666
1.0	2.0	0.0	0.0007451400941102511	5.2
1.0	2.0	0.0	0.0007793993981948153	6.266666666666667
1.0	2.0	0.0	0.0006873493617690283	5.733333333333333
1.0	1.0	0.0	0.00038058264940424877	5.833333333333333
1.0	2.0	0.0	0.00069022167219245	5.533333333333333
1.0	2.0	0.0	0.0006903000325587862	6.3
1.0	2.0	0.0	0.0008167942362141171	7.666666666666667
1.0	3.0	0.0	0.00105974199856691	6.433333333333334
1.0	2.0	0.0	0.0007032079429448218	5.7
1.0	2.0	0.0	0.0007072548716539164	7.0
1.0	2.0	0.0	0.000848346617699308	8.5
1.0	1.0	0.0	0.00043528316245111	7.866666666666666
1.0	2.0	0.0	0.0008924206908941364	9.4
1.0	1.0	0.0	0.00043218068945066816	8.3
1.0	2.0	0.0	0.0006881088902823448	3.6842105263157894
1.0	2.0	0.0	0.0006881088902823448	3.6842105263157894
1.0	2.0	0.0	0.0007399484609964492	3.526315789473684
1.0	2.0	0.0	0.0007399484609964492	3.526315789473684
1.0	1.0	0.0	0.0004393298797260997	5.2105263157894735
1.0	1.0	0.0	0.0004393298797260997	5.2105263157894735
1.0	3.0	0.0	0.000984182312163936	2.8947368421052633
1.0	3.0	0.0	0.000984182312163936	2.8947368421052633
1.0	3.0	0.0	0.000984182312163936	2.8947368421052633
1.0	3.0	0.0	0.000984182312163936	2.8947368421052633
1.0	3.0	0.0	0.0010027318011213418	2.8947368421052633
1.0	3.0	0.0	0.0010027318011213418	2.8947368421052633
1.0	2.0	0.0	0.0006881088902823448	3.6842105263157894
1.0	2.0	0.0	0.0006881088902823448	3.6842105263157894
1.0	2.0	0.0	0.0006977893723738635	4.105263157894737
1.0	2.0	0.0	0.0006977893723738635	4.105263157894737
1.0	3.0	0.0	0.0012041088148535915	4.2631578947368425
1.0	3.0	0.0	0.0012041088148535915	4.2631578947368425
1.0	1.0	0.0	0.0004393298797260997	5.2105263157894735
1.0	1.0	0.0	0.0004393298797260997	5.2105263157894735
1.0	1.0	0.0	0.0004140866617128833	7.4
1.0	0.0	0.0	0.0	0.0
1.0	1.0	0.0	0.0004243778508675811	6.28
1.0	2.0	0.0	0.0007150466531575623	4.84
1.0	2.0	0.0	0.0007316208901421727	5.88
1.0	1.0	0.0	0.00040929122185403893	6.76
1.0	2.0	0.0	0.0007492497260117986	7.16
1.0	1.0	0.0	0.0004138412704358154	7.48
1.0	4.0	0.0	0.0013668890795339467	4.44
1.0	3.0	0.0	0.001023167141526617	4.76
1.0	2.0	0.0	0.0006926938449089166	4.6
1.0	2.0	0.0	0.0006926938449089166	4.6
1.0	2.0	0.0	0.0007082355981025469	4.6
1.0	2.0	0.0	0.0007113593405945295	5.08
1.0	2.0	0.0	0.0007678197960107188	5.32
1.0	2.0	0.0	0.0007258338850497172	5.48
1.0	2.0	0.0	0.0007243145248623651	5.96
1.0	3.0	0.0	0.001061444042553292	5.16
1.0	3.0	0.0	0.0010676393357330195	6.52
1.0	3.0	0.0	0.001099434622651997	5.8
1.0	2.0	0.0	0.0007343133328959869	7.32
1.0	2.0	0.0	0.0007343133328959869	7.32
1.0	3.0	0.0	0.0011208689164482568	6.44
1.0	3.0	0.0	0.0011200174685414865	6.52
1.0	2.0	0.0	0.0007484898404869499	8.12
1.0	2.0	0.0	0.0007484898404869499	8.12
1.0	2.0	0.0	0.0007508015332199704	8.92
1.0	1.0	0.0	0.0004140843474256257	7.8076923076923075
1.0	0.0	0.0	0.0	0.0
1.0	1.0	0.0	0.00042455576480044	6.576923076923077
1.0	2.0	0.0	0.000715211102078762	5.1923076923076925
1.0	2.0	0.0	0.0007316394045331514	6.269230769230769
1.0	1.0	0.0	0.0004093630623950411	7.153846153846154
1.0	2.0	0.0	0.000749245938953974	7.576923076923077
1.0	1.0	0.0	0.00041383979766524835	7.884615384615385
1.0	4.0	0.0	0.001368162615318925	4.730769230769231
1.0	3.0	0.0	0.0010259583696755658	4.961538461538462
1.0	2.0	0.0	0.0006944903773890552	4.846153846153846
1.0	2.0	0.0	0.0006944903773890552	4.846153846153846
1.0	2.0	0.0	0.0007165864577397667	5.230769230769231
1.0	2.0	0.0	0.0007090272686651073	4.923076923076923
1.0	2.0	0.0	0.0007688150950570971	5.615384615384615
1.0	2.0	0.0	0.0007333085086662766	5.576923076923077
1.0	2.0	0.0	0.000738525990430607	6.0
1.0	3.0	0.0	0.0010618164435977758	5.538461538461538
1.0	2.0	0.0	0.0007324994827367317	6.5
1.0	3.0	0.0	0.001099453618139359	6.1923076923076925
1.0	3.0	0.0	0.0010726929274062237	7.076923076923077
1.0	3.0	0.0	0.0011210376890089225	6.846153846153846
1.0	2.0	0.0	0.0007375140815435086	7.884615384615385
1.0	2.0	0.0	0.0007375140815435086	7.884615384615385
1.0	3.0	0.0	0.001120195501788565	6.923076923076923
1.0	2.0	0.0	0.0007499662741969021	8.692307692307692
1.0	2.0	0.0	0.0007499662741969021	8.692307692307692
1.0	2.0	0.0	0.0007531548046209275	9.5
1.0	2.0	0.0	0.0007937170819338517	5.478260869565218
1.0	2.0	0.0	0.0007809298790681398	4.086956521739131
1.0	2.0	0.0	0.00079200244985921	4.521739130434782
1.0	2.0	0.0	0.0007927286812158666	4.869565217391305
1.0	1.0	0.0	0.00039682111834174385	4.826086956521739
1.0	3.0	0.0	0.001010499540120918	3.3043478260869565
1.0	3.0	0.0	0.0009958201495443462	2.9565217391304346
1.0	2.0	0.0	0.000702786100642336	3.782608695652174
1.0	2.0	0.0	0.0007130219840156064	4.0
1.0	3.0	0.0	0.0009965787388123287	3.0869565217391304
1.0	3.0	0.0	0.0010129027208173914	3.391304347826087
1.0	3.0	0.0	0.0010609719332228987	3.869565217391304
1.0	3.0	0.0	0.0010507000594014685	3.217391304347826
1.0	2.0	0.0	0.0007040041646142596	3.739130434782609
1.0	3.0	0.0	0.0010724063599778263	3.652173913043478
1.0	3.0	0.0	0.0010739728308116253	4.0
1.0	2.0	0.0	0.0006997087248367908	3.6956521739130435
1.0	2.0	0.0	0.0007054610013884278	4.0
1.0	3.0	0.0	0.0010750511926434607	4.608695652173913
1.0	2.0	0.0	0.0007164707041882242	4.304347826086956
1.0	1.0	0.0	0.0004301407764605237	5.043478260869565
1.0	1.0	0.0	0.00043505847550710433	5.478260869565218
1.0	1.0	0.0	0.000435414710203412	5.826086956521739
1.0	1.0	0.0	0.00043560009522825667	6.434782608695652
1.0	2.0	0.0	0.0007937170819338517	5.478260869565218
1.0	1.0	0.0	0.00039682111834174385	4.826086956521739
1.0	2.0	0.0	0.0007809298790681398	4.086956521739131
1.0	2.0	0.0	0.00079200244985921	4.521739130434782
1.0	2.0	0.0	0.0007927286812158666	4.869565217391305
1.0	2.0	0.0	0.0007130219840156064	4.0
1.0	3.0	0.0	0.0010609719332228987	3.869565217391304
1.0	2.0	0.0	0.000702786100642336	3.782608695652174
1.0	3.0	0.0	0.001010499540120918	3.3043478260869565
1.0	3.0	0.0	0.0010129027208173914	3.391304347826087
1.0	3.0	0.0	0.0009958201495443462	2.9565217391304346
1.0	3.0	0.0	0.0009965787388123287	3.0869565217391304
1.0	3.0	0.0	0.0010507000594014685	3.217391304347826
1.0	2.0	0.0	0.0007040041646142596	3.739130434782609
1.0	2.0	0.0	0.0007054610013884278	4.0
1.0	2.0	0.0	0.0006997087248367908	3.6956521739130435
1.0	3.0	0.0	0.0010724063599778263	3.652173913043478
1.0	3.0	0.0	0.0010739728308116253	4.0
1.0	3.0	0.0	0.0010750511926434607	4.608695652173913
1.0	2.0	0.0	0.0007164707041882242	4.304347826086956
1.0	1.0	0.0	0.0004301407764605237	5.043478260869565
1.0	1.0	0.0	0.00043505847550710433	5.478260869565218
1.0	1.0	0.0	0.000435414710203412	5.826086956521739
1.0	1.0	0.0	0.00043560009522825667	6.434782608695652
1.0	1.0	0.0	0.0004398141961687392	8.976190476190476
1.0	1.0	0.0	0.0004398141961687392	8.976190476190476
1.0	1.0	0.0	0.0004058646301325906	7.904761904761905
1.0	1.0	0.0	0.00041136728510894247	10.119047619047619
1.0	1.0	0.0	0.00043555716883892054	12.333333333333334
1.0	1.0	0.0	0.00043555716883892054	12.333333333333334
1.0	2.0	0.0	0.0007396451965262508	7.0
1.0	2.0	0.0	0.0007531300913353786	8.642857142857142
1.0	2.0	0.0	0.0007046581161892756	7.761904761904762
1.0	2.0	0.0	0.0006987183128295117	9.857142857142858
1.0	2.0	0.0	0.0007111142373542258	11.238095238095237
1.0	2.0	0.0	0.0007268347257741838	11.285714285714286
1.0	1.0	0.0	0.00039974404610260833	11.428571428571429
1.0	1.0	0.0	0.00040576888580847554	13.0
1.0	2.0	0.0	0.0007544690600213705	7.428571428571429
1.0	3.0	0.0	0.0011119616611630692	7.119047619047619
1.0	2.0	0.0	0.0007597907691158467	7.785714285714286
1.0	2.0	0.0	0.0007594900812705733	8.19047619047619
1.0	3.0	0.0	0.0012047843905562197	8.0
1.0	3.0	0.0	0.0010910595064552457	6.928571428571429
1.0	3.0	0.0	0.0010219802472650227	8.523809523809524
1.0	2.0	0.0	0.0007048524045526611	8.119047619047619
1.0	3.0	0.0	0.0010476943603117774	9.071428571428571
1.0	3.0	0.0	0.0010461183459123471	6.9523809523809526
1.0	3.0	0.0	0.0010177626734044496	9.666666666666666
1.0	3.0	0.0	0.0010359116922529148	7.4523809523809526
1.0	2.0	0.0	0.000712438344299757	7.119047619047619
1.0	2.0	0.0	0.000712438344299757	7.119047619047619
1.0	3.0	0.0	0.0011081580343488134	9.142857142857142
1.0	2.0	0.0	0.0007088509638539834	7.285714285714286
1.0	2.0	0.0	0.0007088509638539834	7.285714285714286
1.0	2.0	0.0	0.000702875316431525	9.261904761904763
1.0	3.0	0.0	0.001023657792633719	10.404761904761905
1.0	1.0	0.0	0.000391351481892991	10.047619047619047
1.0	3.0	0.0	0.001070231215926793	9.738095238095237
1.0	3.0	0.0	0.0010762402099012917	10.452380952380953
1.0	3.0	0.0	0.0010904046810974871	10.476190476190476
1.0	2.0	0.0	0.0007352032805618172	10.619047619047619
1.0	3.0	0.0	0.0010964376118708806	12.023809523809524
1.0	2.0	0.0	0.0007436590099776522	11.357142857142858
1.0	2.0	0.0	0.0007473331735736992	11.5
1.0	2.0	0.0	0.0007486798946609698	12.238095238095237
1.0	3.0	0.0	0.0011913548702236535	11.357142857142858
1.0	1.0	0.0	0.00042738391818478334	6.333333333333333
1.0	2.0	0.0	0.0006749571129805133	4.125
1.0	1.0	0.0	0.0003847203973732972	4.458333333333333
1.0	2.0	0.0	0.0007908219328224744	6.5
1.0	3.0	0.0	0.0009920875776581062	3.5416666666666665
1.0	1.0	0.0	0.00040259474481396245	6.25
1.0	3.0	0.0	0.0010384795516523659	4.5
1.0	2.0	0.0	0.0006878317931150328	4.125
1.0	3.0	0.0	0.0010045827215966793	4.375
1.0	3.0	0.0	0.0009934073339527166	3.875
1.0	2.0	0.0	0.0007746379156928611	5.375
1.0	2.0	0.0	0.0007041802311937753	5.083333333333333
1.0	2.0	0.0	0.0007004302764005883	4.583333333333333
1.0	3.0	0.0	0.0010204134118890805	3.5
1.0	3.0	0.0	0.0010807098415312015	5.291666666666667
1.0	2.0	0.0	0.0007192281482111796	5.791666666666667
1.0	3.0	0.0	0.0009921044240920084	3.625
1.0	2.0	0.0	0.0006749356963553599	4.041666666666667
1.0	3.0	0.0	0.000995153190105814	4.375
1.0	3.0	0.0	0.00099534407206148	4.458333333333333
1.0	2.0	0.0	0.0006982965089888844	5.0
1.0	2.0	0.0	0.000698596576934171	5.083333333333333
1.0	3.0	0.0	0.0010700352431660847	5.625
1.0	2.0	0.0	0.0007141076417766419	5.708333333333333
1.0	1.0	0.0	0.00043451127167595745	7.458333333333333
1.0	1.0	0.0	0.000421334459499039	9.894736842105264
1.0	0.0	0.0	0.0	0.0
1.0	1.0	0.0	0.0003815339551029587	8.456140350877194
1.0	1.0	0.0	0.00040458613252068807	7.771929824561403
1.0	2.0	0.0	0.0007802849816678592	10.842105263157896
1.0	2.0	0.0	0.0007907853654715591	11.614035087719298
1.0	2.0	0.0	0.0007904506381300275	11.649122807017545
1.0	1.0	0.0	0.00042969870984765305	10.017543859649123
1.0	1.0	0.0	0.00042969870984765305	10.017543859649123
1.0	1.0	0.0	0.00042969870984765305	10.017543859649123
1.0	1.0	0.0	0.00042969870984765305	10.017543859649123
1.0	1.0	0.0	0.0004116578643544558	11.0
1.0	3.0	0.0	0.0009709088507949929	7.052631578947368
1.0	2.0	0.0	0.0006991777575800286	6.649122807017544
1.0	2.0	0.0	0.0006732635140378946	8.614035087719298
1.0	2.0	0.0	0.000717858536226404	7.280701754385965
1.0	3.0	0.0	0.0011763584013463344	9.035087719298245
1.0	3.0	0.0	0.0011763584013463344	9.035087719298245
1.0	2.0	0.0	0.0007680067939132563	10.824561403508772
1.0	3.0	0.0	0.0012866543676444625	13.456140350877194
1.0	3.0	0.0	0.0010119663832450136	7.964912280701754
1.0	3.0	0.0	0.0009585422000945642	7.4035087719298245
1.0	2.0	0.0	0.0006735289290005221	7.807017543859649
1.0	3.0	0.0	0.0009541680992312218	6.754385964912281
1.0	3.0	0.0	0.0009665766905895224	7.2631578947368425
1.0	2.0	0.0	0.0007614639098366609	8.912280701754385
1.0	2.0	0.0	0.0006595576373696723	6.684210526315789
1.0	3.0	0.0	0.0009727980865546688	7.192982456140351
1.0	3.0	0.0	0.000981300958261276	6.543859649122807
1.0	3.0	0.0	0.0010095463459972756	7.473684210526316
1.0	2.0	0.0	0.0006857360994233083	8.175438596491228
1.0	3.0	0.0	0.0009873692611063213	7.964912280701754
1.0	2.0	0.0	0.0006878304487899472	8.105263157894736
1.0	2.0	0.0	0.0007046539830992765	9.087719298245615
1.0	2.0	0.0	0.0007052905103795994	9.017543859649123
1.0	2.0	0.0	0.0006730667691239586	8.649122807017545
1.0	3.0	0.0	0.000994592014374266	9.192982456140351
1.0	3.0	0.0	0.0009938428483873248	9.228070175438596
1.0	3.0	0.0	0.0010839566889345783	6.7894736842105265
1.0	3.0	0.0	0.0010957329297193218	7.0
1.0	3.0	0.0	0.0010491816680945297	9.894736842105264
1.0	2.0	0.0	0.000697669080161728	10.0
1.0	3.0	0.0	0.001070154212441117	10.666666666666666
1.0	3.0	0.0	0.0010693153324273204	10.701754385964913
1.0	1.0	0.0	0.00040636963165980114	7.982456140350878
1.0	3.0	0.0	0.001043946097195708	7.5964912280701755
1.0	3.0	0.0	0.0010619223380003105	8.12280701754386
1.0	3.0	0.0	0.0010619223380003105	8.12280701754386
1.0	1.0	0.0	0.00042978890514723127	11.824561403508772
1.0	2.0	0.0	0.0007171504780159905	8.75438596491228
1.0	2.0	0.0	0.0007171504780159905	8.75438596491228
1.0	3.0	0.0	0.001053127311526565	9.280701754385966
1.0	1.0	0.0	0.0004345586578365585	12.596491228070175
1.0	1.0	0.0	0.00043435750727102316	12.631578947368421
1.0	3.0	0.0	0.0011175952248077914	10.017543859649123
1.0	2.0	0.0	0.0007976900888245024	11.666666666666666
1.0	2.0	0.0	0.0008182074721826529	12.543859649122806
1.0	1.0	0.0	0.0004618585426238524	14.43859649122807
1.0	1.0	0.0	0.0004618585426238524	14.43859649122807
1.0	1.0	0.0	0.00042738391818478334	6.333333333333333
1.0	1.0	0.0	0.00038472039737329726	4.458333333333333
1.0	2.0	0.0	0.0007908219328224744	6.5
1.0	3.0	0.0	0.0009920875776581062	3.5416666666666665
1.0	2.0	0.0	0.0006749571129805133	4.125
1.0	1.0	0.0	0.00040259474481396245	6.25
1.0	3.0	0.0	0.0010384795516523659	4.5
1.0	2.0	0.0	0.0006878317931150328	4.125
1.0	3.0	0.0	0.0010045827215966793	4.375
1.0	3.0	0.0	0.0009934073339527166	3.875
1.0	2.0	0.0	0.0007746379156928611	5.375
1.0	3.0	0.0	0.0010204134118890805	3.5
1.0	2.0	0.0	0.0007041802311937753	5.083333333333333
1.0	2.0	0.0	0.0007004302764005883	4.583333333333333
1.0	3.0	0.0	0.0009921044240920084	3.625
1.0	3.0	0.0	0.0010807098415312015	5.291666666666667
1.0	2.0	0.0	0.0007192281482111796	5.791666666666667
1.0	2.0	0.0	0.0006749356963553599	4.041666666666667
1.0	3.0	0.0	0.000995153190105814	4.375
1.0	3.0	0.0	0.00099534407206148	4.458333333333333
1.0	2.0	0.0	0.0006982965089888844	5.0
1.0	2.0	0.0	0.000698596576934171	5.083333333333333
1.0	3.0	0.0	0.0010700352431660847	5.625
1.0	2.0	0.0	0.0007141076417766419	5.708333333333333
1.0	1.0	0.0	0.00043451127167595745	7.458333333333333
1.0	1.0	0.0	0.0004213857574383451	8.4
1.0	1.0	0.0	0.0003815199689494931	6.844444444444444
1.0	2.0	0.0	0.0007802845427669671	8.8
1.0	2.0	0.0	0.0007318203794121087	7.133333333333334
1.0	2.0	0.0	0.0007907873606799514	9.511111111111111
1.0	2.0	0.0	0.0007904532956726194	9.555555555555555
1.0	1.0	0.0	0.00040476928296194633	7.5777777777777775
1.0	1.0	0.0	0.00043728869567642806	12.466666666666667
1.0	1.0	0.0	0.00043728869567642806	12.466666666666667
1.0	3.0	0.0	0.0009708694375591223	5.6
1.0	2.0	0.0	0.00069931334609799	6.155555555555556
1.0	2.0	0.0	0.0006732861096744901	6.777777777777778
1.0	3.0	0.0	0.0011984174523862032	11.488888888888889
1.0	3.0	0.0	0.0010121400687584335	6.488888888888889
1.0	3.0	0.0	0.0009584009796156159	6.044444444444444
1.0	2.0	0.0	0.0006735612876220599	6.288888888888889
1.0	3.0	0.0	0.000954529206520963	5.488888888888889
1.0	3.0	0.0	0.0009670298111899191	6.133333333333334
1.0	2.0	0.0	0.0007614179282516281	7.4222222222222225
1.0	2.0	0.0	0.0006594661728613485	5.666666666666667
1.0	3.0	0.0	0.0009725819964762711	6.311111111111111
1.0	3.0	0.0	0.0009822576368866088	5.7555555555555555
1.0	3.0	0.0	0.0010096518951010036	5.866666666666666
1.0	2.0	0.0	0.0006855647373156869	7.022222222222222
1.0	3.0	0.0	0.0009873460276595498	6.222222222222222
1.0	2.0	0.0	0.0006881944078691947	7.2
1.0	2.0	0.0	0.0007049597679399044	7.911111111111111
1.0	2.0	0.0	0.0007051028596159695	8.088888888888889
1.0	2.0	0.0	0.0006730896079953079	6.822222222222222
1.0	3.0	0.0	0.00099459173445921	7.2444444444444445
1.0	3.0	0.0	0.0009938421801839422	7.288888888888889
1.0	3.0	0.0	0.0010491890457080659	7.866666666666666
1.0	2.0	0.0	0.0006976749458354886	8.0
1.0	3.0	0.0	0.0010866874806097736	6.6
1.0	3.0	0.0	0.0010701559239739392	8.577777777777778
1.0	3.0	0.0	0.0010693164026232282	8.622222222222222
1.0	2.0	0.0	0.0007258162039881592	7.711111111111111
1.0	1.0	0.0	0.0004297909979567358	9.777777777777779
1.0	1.0	0.0	0.0004345590156545233	10.488888888888889
1.0	3.0	0.0	0.0010622898008521133	8.333333333333334
1.0	1.0	0.0	0.00043435763267294687	10.533333333333333
1.0	2.0	0.0	0.000727933280643435	9.088888888888889
1.0	2.0	0.0	0.000727933280643435	9.088888888888889
1.0	2.0	0.0	0.0007376998019039314	9.844444444444445
1.0	2.0	0.0	0.0007376998019039314	9.844444444444445
1.0	3.0	0.0	0.001099658576729622	10.6
1.0	2.0	0.0	0.0007047720539092579	8.431818181818182
1.0	2.0	0.0	0.0007120487777417288	9.25
1.0	1.0	0.0	0.0004050245121099683	9.25
1.0	1.0	0.0	0.0004060630682553969	9.590909090909092
1.0	1.0	0.0	0.0004054653570437547	11.454545454545455
1.0	1.0	0.0	0.00041864491093772496	12.818181818181818
1.0	2.0	0.0	0.0007470950170339009	14.909090909090908
1.0	1.0	0.0	0.000411102824943113	15.022727272727273
1.0	3.0	0.0	0.0010427595137359467	8.295454545454545
1.0	3.0	0.0	0.0010512523645590847	8.863636363636363
1.0	3.0	0.0	0.0010451109877960855	8.568181818181818
1.0	2.0	0.0	0.0007121053564228413	8.818181818181818
1.0	3.0	0.0	0.0010872803857333024	8.272727272727273
1.0	2.0	0.0	0.0007125043711078963	8.954545454545455
1.0	3.0	0.0	0.001092512268572027	8.613636363636363
1.0	3.0	0.0	0.0010568788707701615	9.636363636363637
1.0	2.0	0.0	0.0007237738835084787	9.704545454545455
1.0	2.0	0.0	0.0007372333880360398	8.340909090909092
1.0	3.0	0.0	0.0010909474006037402	10.477272727272727
1.0	2.0	0.0	0.0007375849712538764	8.454545454545455
1.0	2.0	0.0	0.0007307048518553729	10.090909090909092
1.0	2.0	0.0	0.0007293021521859377	8.818181818181818
1.0	2.0	0.0	0.0007378033951949874	10.204545454545455
1.0	2.0	0.0	0.0007502472768553747	9.113636363636363
1.0	2.0	0.0	0.0007577179222366896	10.818181818181818
1.0	2.0	0.0	0.0007615221790866083	9.454545454545455
1.0	2.0	0.0	0.0007737795864671448	11.477272727272727
1.0	2.0	0.0	0.0007690598176403529	9.840909090909092
1.0	2.0	0.0	0.000784167889581169	12.181818181818182
1.0	2.0	0.0	0.000770542059268786	10.272727272727273
1.0	2.0	0.0	0.0007969147914351428	12.931818181818182
1.0	2.0	0.0	0.000770649690374184	10.75
1.0	2.0	0.0	0.0008087838769664159	13.727272727272727
1.0	2.0	0.0	0.0007649186686664005	11.272727272727273
1.0	2.0	0.0	0.0008287830937097855	14.568181818181818
1.0	3.0	0.0	0.001134679363957157	11.840909090909092
1.0	2.0	0.0	0.000854694754033823	15.454545454545455
1.0	2.0	0.0	0.0007416166690972972	12.5
1.0	2.0	0.0	0.0008991601925253279	16.386363636363637
1.0	3.0	0.0	0.0010772453139006738	13.204545454545455
1.0	2.0	0.0	0.0007376421563872602	14.068181818181818
1.0	3.0	0.0	0.0011202206152365237	14.909090909090908
1.0	1.0	0.0	0.0004825027627831239	17.363636363636363
1.0	3.0	0.0	0.0011077029998574843	14.045454545454545
1.0	1.0	0.0	0.00041467039822768803	15.886363636363637
1.0	2.0	0.0	0.0007065809911263223	6.25
1.0	1.0	0.0	0.00040830552705334295	7.375
1.0	1.0	0.0	0.00042535657617034776	8.40625
1.0	1.0	0.0	0.00042917654878609	8.9375
1.0	1.0	0.0	0.0004164863188921653	8.625
1.0	2.0	0.0	0.0007464062481286891	10.375
1.0	1.0	0.0	0.0004106996071782322	10.53125
1.0	3.0	0.0	0.001047497094047781	6.25
1.0	3.0	0.0	0.0010450253820535609	6.25
1.0	2.0	0.0	0.0007140229972250255	6.6875
1.0	2.0	0.0	0.0007136092080102711	6.6875
1.0	3.0	0.0	0.0010989129860472006	6.40625
1.0	2.0	0.0	0.0007279896339314968	6.40625
1.0	2.0	0.0	0.0007520132074905846	6.6875
1.0	2.0	0.0	0.0007454824199907128	6.625
1.0	2.0	0.0	0.0007637842502247728	7.03125
1.0	3.0	0.0	0.0011557468555730296	7.4375
1.0	2.0	0.0	0.0007547943844603726	6.90625
1.0	3.0	0.0	0.0011679766517053308	7.96875
1.0	2.0	0.0	0.0007558772336903716	7.25
1.0	2.0	0.0	0.0007925045010215977	8.625
1.0	3.0	0.0	0.0011269118602838073	7.65625
1.0	2.0	0.0	0.0008068613224684127	9.34375
1.0	2.0	0.0	0.0007388678207676813	8.1875
1.0	2.0	0.0	0.0008266902452161832	10.125
1.0	2.0	0.0	0.0008540819021309357	10.96875
1.0	3.0	0.0	0.001075046319238142	8.78125
1.0	2.0	0.0	0.0008978733458057928	11.875
1.0	2.0	0.0	0.000736766348962873	9.59375
1.0	3.0	0.0	0.0011192190006227498	10.375
1.0	3.0	0.0	0.0011064972350072434	9.5625
1.0	1.0	0.0	0.00048235915477855273	12.84375
1.0	1.0	0.0	0.000414384847087357	11.34375
1.0	2.0	0.0	0.0007084559413396758	8.731707317073171
1.0	1.0	0.0	0.00040876141255110694	9.390243902439025
1.0	1.0	0.0	0.00040902593545812484	10.268292682926829
1.0	1.0	0.0	0.00042645757546994913	9.878048780487806
1.0	1.0	0.0	0.00041904165742956043	12.365853658536585
1.0	2.0	0.0	0.0007472474775109334	14.390243902439025
1.0	1.0	0.0	0.0004112070503918069	14.512195121951219
1.0	3.0	0.0	0.0010496232328815734	8.512195121951219
1.0	3.0	0.0	0.0010498489792897954	8.951219512195122
1.0	2.0	0.0	0.0007154579442666541	9.073170731707316
1.0	2.0	0.0	0.0007157115413073103	9.292682926829269
1.0	3.0	0.0	0.0010995911810535994	8.414634146341463
1.0	3.0	0.0	0.0011014175524330227	9.292682926829269
1.0	2.0	0.0	0.0007528524932271404	8.414634146341463
1.0	2.0	0.0	0.0007543951893138657	9.731707317073171
1.0	2.0	0.0	0.0007636387872163051	8.463414634146341
1.0	2.0	0.0	0.0007675750871097872	10.21951219512195
1.0	2.0	0.0	0.0007712980569536034	8.560975609756097
1.0	2.0	0.0	0.0007763773861029249	10.75609756097561
1.0	2.0	0.0	0.0007729651472180652	8.707317073170731
1.0	2.0	0.0	0.0007827810609375074	11.341463414634147
1.0	3.0	0.0	0.0011619020052175792	8.902439024390244
1.0	2.0	0.0	0.000788679846199216	11.975609756097562
1.0	2.0	0.0	0.0007760535579214832	9.195121951219512
1.0	2.0	0.0	0.0007788247442758968	9.536585365853659
1.0	2.0	0.0	0.0007942635416707251	12.658536585365853
1.0	2.0	0.0	0.0007759892984189711	9.926829268292684
1.0	2.0	0.0	0.0008026224032103625	13.390243902439025
1.0	2.0	0.0	0.0007745488436313687	10.365853658536585
1.0	2.0	0.0	0.0007667567672600975	10.853658536585366
1.0	2.0	0.0	0.0008129669795440123	14.170731707317072
1.0	3.0	0.0	0.001136706632471111	11.390243902439025
1.0	2.0	0.0	0.0008310100415229102	15.0
1.0	2.0	0.0	0.0007421032169105423	12.024390243902438
1.0	2.0	0.0	0.0008566280769054355	15.878048780487806
1.0	3.0	0.0	0.00107782790289338	12.707317073170731
1.0	2.0	0.0	0.0009002266837203933	16.804878048780488
1.0	2.0	0.0	0.0007377801927370084	13.560975609756097
1.0	3.0	0.0	0.0011204427415755914	14.390243902439025
1.0	3.0	0.0	0.0011078853578336274	13.536585365853659
1.0	1.0	0.0	0.0004831784208599855	17.78048780487805
1.0	1.0	0.0	0.00041471863325602656	15.365853658536585
1.0	2.0	0.0	0.0006873298250413394	8.545454545454545
1.0	2.0	0.0	0.0006863738257349277	8.613636363636363
1.0	1.0	0.0	0.0004049803292621036	9.818181818181818
1.0	1.0	0.0	0.00042312542807278783	10.840909090909092
1.0	1.0	0.0	0.0004255593839175074	11.318181818181818
1.0	1.0	0.0	0.0004185462183678364	13.0
1.0	2.0	0.0	0.0007470730140718565	15.090909090909092
1.0	1.0	0.0	0.00041109029883235515	15.204545454545455
1.0	3.0	0.0	0.0009996490871474295	8.454545454545455
1.0	3.0	0.0	0.000999254189761744	8.477272727272727
1.0	2.0	0.0	0.000693273439756904	8.954545454545455
1.0	3.0	0.0	0.0010289093990282986	8.636363636363637
1.0	2.0	0.0	0.0006927673182601118	9.0
1.0	2.0	0.0	0.0006993963991650605	9.045454545454545
1.0	3.0	0.0	0.0010270288134247966	8.75
1.0	2.0	0.0	0.0006983344770197456	9.136363636363637
1.0	3.0	0.0	0.0010880500628955706	8.840909090909092
1.0	2.0	0.0	0.0007217503693363212	9.0
1.0	2.0	0.0	0.0007464644770885547	9.136363636363637
1.0	2.0	0.0	0.0007455144198782199	9.295454545454545
1.0	2.0	0.0	0.0007591635468958214	9.477272727272727
1.0	2.0	0.0	0.0007585545820522812	9.636363636363637
1.0	3.0	0.0	0.0011477164795106838	9.863636363636363
1.0	2.0	0.0	0.0007672171608876817	10.022727272727273
1.0	3.0	0.0	0.0011565796860108215	10.340909090909092
1.0	2.0	0.0	0.0007693894426141325	10.454545454545455
1.0	2.0	0.0	0.0007784937241599177	10.909090909090908
1.0	2.0	0.0	0.0007699574120079732	10.931818181818182
1.0	2.0	0.0	0.0007841693446670719	11.522727272727273
1.0	2.0	0.0	0.0007895244621432022	12.181818181818182
1.0	2.0	0.0	0.0007645025539796645	11.454545454545455
1.0	2.0	0.0	0.0007948206541461625	12.886363636363637
1.0	3.0	0.0	0.0011343635424174553	12.022727272727273
1.0	2.0	0.0	0.000802951522750874	13.636363636363637
1.0	2.0	0.0	0.0007414932233375607	12.681818181818182
1.0	2.0	0.0	0.0008131978072362393	14.431818181818182
1.0	2.0	0.0	0.0008311257556333837	15.272727272727273
1.0	3.0	0.0	0.0010771671474744237	13.386363636363637
1.0	2.0	0.0	0.0008567381034567231	16.15909090909091
1.0	2.0	0.0	0.0007376079263461258	14.25
1.0	3.0	0.0	0.0011201889910990072	15.090909090909092
1.0	3.0	0.0	0.0011076565002345635	14.227272727272727
1.0	2.0	0.0	0.0009002632032780073	17.09090909090909
1.0	1.0	0.0	0.00041466092137640146	16.068181818181817
1.0	1.0	0.0	0.00048321829182538915	18.068181818181817
1.0	2.0	0.0	0.0006875457747078438	8.348837209302326
1.0	2.0	0.0	0.0006880323883273837	8.767441860465116
1.0	1.0	0.0	0.0004052539885204331	9.395348837209303
1.0	1.0	0.0	0.00040579501325195886	10.372093023255815
1.0	1.0	0.0	0.00042318512705691563	10.093023255813954
1.0	2.0	0.0	0.0007474832608224979	15.093023255813954
1.0	1.0	0.0	0.00041129730369331835	15.209302325581396
1.0	3.0	0.0	0.0010004468906498261	8.372093023255815
1.0	3.0	0.0	0.0010006058375381663	8.511627906976743
1.0	2.0	0.0	0.0006936505848441179	8.813953488372093
1.0	2.0	0.0	0.0006938699317203559	9.093023255813954
1.0	3.0	0.0	0.0010295766947447775	8.325581395348838
1.0	3.0	0.0	0.0010303630552592916	9.023255813953488
1.0	2.0	0.0	0.0006995516828146268	8.790697674418604
1.0	2.0	0.0	0.0007000859618279059	9.348837209302326
1.0	3.0	0.0	0.0010879444864898623	8.418604651162791
1.0	3.0	0.0	0.001090648800389938	9.395348837209303
1.0	2.0	0.0	0.0007472013149290368	8.604651162790697
1.0	2.0	0.0	0.0007499061768970043	9.86046511627907
1.0	2.0	0.0	0.0007591626974612762	8.837209302325581
1.0	2.0	0.0	0.0007647589384172969	10.372093023255815
1.0	3.0	0.0	0.0011495782046774536	9.116279069767442
1.0	2.0	0.0	0.0007746364676077997	10.930232558139535
1.0	2.0	0.0	0.0007718193738851726	9.488372093023257
1.0	2.0	0.0	0.000781682131977353	11.534883720930232
1.0	2.0	0.0	0.0007755863392174458	9.906976744186046
1.0	2.0	0.0	0.0007880163584525982	12.186046511627907
1.0	2.0	0.0	0.0007751862057271462	10.372093023255815
1.0	2.0	0.0	0.0007938397434152414	12.883720930232558
1.0	2.0	0.0	0.0007737842932830742	10.883720930232558
1.0	2.0	0.0	0.0008023763813586559	13.627906976744185
1.0	2.0	0.0	0.0007680366723190482	11.44186046511628
1.0	2.0	0.0	0.0008128060053465546	14.418604651162791
1.0	2.0	0.0	0.000759357959670521	12.046511627906977
1.0	2.0	0.0	0.0008309206700471073	15.255813953488373
1.0	2.0	0.0	0.0007435833649495382	12.69767441860465
1.0	2.0	0.0	0.0008565643184935423	16.13953488372093
1.0	3.0	0.0	0.0010783748991798421	13.395348837209303
1.0	2.0	0.0	0.0009001887928802713	17.069767441860463
1.0	2.0	0.0	0.0007382846086585587	14.255813953488373
1.0	3.0	0.0	0.0011207899746960973	15.093023255813954
1.0	3.0	0.0	0.0011086090861446574	14.232558139534884
1.0	1.0	0.0	0.0004831587746184456	18.046511627906977
1.0	1.0	0.0	0.00041486416326607956	16.069767441860463
1.0	2.0	0.0	0.0007086098514318398	9.30952380952381
1.0	1.0	0.0	0.0004088306536579648	9.928571428571429
1.0	1.0	0.0	0.00040903535305559244	10.880952380952381
1.0	1.0	0.0	0.0004277797413420883	10.761904761904763
1.0	2.0	0.0	0.0007475551477978989	15.666666666666666
1.0	1.0	0.0	0.0004113447355167935	15.785714285714286
1.0	3.0	0.0	0.0010497308830299218	9.071428571428571
1.0	3.0	0.0	0.0010499220870924626	9.547619047619047
1.0	2.0	0.0	0.0007156204919311616	9.642857142857142
1.0	2.0	0.0	0.000715767683727012	9.880952380952381
1.0	3.0	0.0	0.0011003167441203771	8.952380952380953
1.0	3.0	0.0	0.0011014901690456092	9.904761904761905
1.0	2.0	0.0	0.0007532811902103325	8.928571428571429
1.0	2.0	0.0	0.000754406613075123	10.357142857142858
1.0	2.0	0.0	0.0007649962005674339	8.952380952380953
1.0	2.0	0.0	0.0007675977368497844	10.857142857142858
1.0	2.0	0.0	0.0007727872355776592	9.023809523809524
1.0	2.0	0.0	0.0007763793929146182	11.404761904761905
1.0	2.0	0.0	0.0007761973643999808	9.142857142857142
1.0	2.0	0.0	0.0007827916964484225	12.0
1.0	2.0	0.0	0.000778876197330359	9.30952380952381
1.0	2.0	0.0	0.0007886795471816939	12.642857142857142
1.0	2.0	0.0	0.0007778293040703586	9.523809523809524
1.0	3.0	0.0	0.0011655436262712833	9.785714285714286
1.0	2.0	0.0	0.0007942683632051904	13.333333333333334
1.0	2.0	0.0	0.0007781585852572304	10.142857142857142
1.0	2.0	0.0	0.0008026218978475176	14.071428571428571
1.0	2.0	0.0	0.0007798541106229723	10.547619047619047
1.0	2.0	0.0	0.0007775686127343754	11.0
1.0	2.0	0.0	0.0008129690335888934	14.857142857142858
1.0	2.0	0.0	0.0007755054068803596	11.5
1.0	2.0	0.0	0.0008310097328134928	15.69047619047619
1.0	2.0	0.0	0.0007688898829919125	12.047619047619047
1.0	2.0	0.0	0.0007600277626167201	12.642857142857142
1.0	2.0	0.0	0.0008566289358226946	16.571428571428573
1.0	2.0	0.0	0.0007438490908336351	13.285714285714286
1.0	2.0	0.0	0.0009002265135543387	17.5
1.0	3.0	0.0	0.0010786504003929068	13.976190476190476
1.0	2.0	0.0	0.0007383593889420611	14.833333333333334
1.0	1.0	0.0	0.0004831786868084672	18.476190476190474
1.0	3.0	0.0	0.0011208947702436335	15.666666666666666
1.0	3.0	0.0	0.0011087091986468586	14.80952380952381
1.0	1.0	0.0	0.0004148886184180055	16.642857142857142
1.0	2.0	0.0	0.0006879289291675711	8.69767441860465
1.0	2.0	0.0	0.0006882763777862771	9.395348837209303
1.0	1.0	0.0	0.00040544313214432815	9.55813953488372
1.0	1.0	0.0	0.0004061753201458072	11.186046511627907
1.0	2.0	0.0	0.0007260209151330043	12.930232558139535
1.0	1.0	0.0	0.0004076540083784024	14.581395348837209
1.0	1.0	0.0	0.00044886951584824635	16.232558139534884
1.0	3.0	0.0	0.0010007202536628055	8.813953488372093
1.0	3.0	0.0	0.001000951915083878	9.046511627906977
1.0	2.0	0.0	0.0006938224856882139	9.209302325581396
1.0	2.0	0.0	0.0006940874549440137	9.674418604651162
1.0	3.0	0.0	0.001029894234787956	8.581395348837209
1.0	3.0	0.0	0.0010310141355673935	9.744186046511627
1.0	2.0	0.0	0.0006999486892187198	9.093023255813954
1.0	2.0	0.0	0.0007003449430791556	10.023255813953488
1.0	3.0	0.0	0.001089560195915705	8.581395348837209
1.0	3.0	0.0	0.0010917140870971985	10.209302325581396
1.0	2.0	0.0	0.0007482981155695536	8.674418604651162
1.0	2.0	0.0	0.0007514756594157572	10.767441860465116
1.0	2.0	0.0	0.0007621313750208203	8.813953488372093
1.0	2.0	0.0	0.0007671744751052146	11.372093023255815
1.0	2.0	0.0	0.0007700475035317298	9.0
1.0	2.0	0.0	0.0007788679891232969	12.023255813953488
1.0	2.0	0.0	0.0007745983444516259	9.232558139534884
1.0	2.0	0.0	0.000788168612901396	12.720930232558139
1.0	2.0	0.0	0.0007761972135094413	9.511627906976743
1.0	3.0	0.0	0.0010615740661412533	12.162790697674419
1.0	2.0	0.0	0.0007755198909388794	9.837209302325581
1.0	2.0	0.0	0.0007987100343121003	13.465116279069768
1.0	2.0	0.0	0.0007208234705652454	12.86046511627907
1.0	2.0	0.0	0.0007367069250553441	11.604651162790697
1.0	3.0	0.0	0.0010806305819962415	13.534883720930232
1.0	2.0	0.0	0.000772411210750097	10.209302325581396
1.0	2.0	0.0	0.0007550362501468684	11.093023255813954
1.0	2.0	0.0	0.0007658707298405006	10.627906976744185
1.0	2.0	0.0	0.0008105977492867853	14.255813953488373
1.0	3.0	0.0	0.0010956906074284774	13.604651162790697
1.0	2.0	0.0	0.0007726478735219898	14.372093023255815
1.0	2.0	0.0	0.0008293647255198434	15.093023255813954
1.0	2.0	0.0	0.0008556539417010323	15.976744186046512
1.0	3.0	0.0	0.0012366957851776262	15.255813953488373
1.0	2.0	0.0	0.000899352418395262	16.906976744186046
1.0	1.0	0.0	0.00044886951584824635	16.232558139534884
1.0	1.0	0.0	0.00048286904133273387	17.88372093023256
1.0	1.0	0.0	0.00038656664180248233	9.175
1.0	1.0	0.0	0.00038656664180248233	9.175
1.0	2.0	0.0	0.0007146085414530032	6.3
1.0	2.0	0.0	0.0007146085414530032	6.3
1.0	2.0	0.0	0.0007797303450494191	7.775
1.0	2.0	0.0	0.0007797303450494191	7.775
1.0	3.0	0.0	0.0010032532776975806	8.85
1.0	3.0	0.0	0.0010032532776975806	8.85
1.0	2.0	0.0	0.0006872046027497174	7.85
1.0	2.0	0.0	0.0006872046027497174	7.85
1.0	3.0	0.0	0.0010053409136099247	8.975
1.0	3.0	0.0	0.0010053409136099247	8.975
1.0	2.0	0.0	0.0007008377996814289	9.825
1.0	2.0	0.0	0.0007008377996814289	9.825
1.0	2.0	0.0	0.0007002547877849221	9.7
1.0	2.0	0.0	0.0007002547877849221	9.7
1.0	3.0	0.0	0.0010683616980303324	10.5
1.0	3.0	0.0	0.0010683616980303324	10.5
1.0	3.0	0.0	0.0010268033076165485	8.2
1.0	3.0	0.0	0.0010268033076165485	8.2
1.0	2.0	0.0	0.0006897072868857399	8.475
1.0	2.0	0.0	0.0006897072868857399	8.475
1.0	3.0	0.0	0.0009959735132812127	7.6
1.0	3.0	0.0	0.0009959735132812127	7.6
1.0	3.0	0.0	0.0009949646955999644	7.175
1.0	3.0	0.0	0.0009949646955999644	7.175
1.0	1.0	0.0	0.0003992182347666164	11.475
1.0	1.0	0.0	0.0003992182347666164	11.475
1.0	2.0	0.0	0.0006921068807164947	7.225
1.0	2.0	0.0	0.0006921068807164947	7.225
1.0	2.0	0.0	0.0006834498642140313	6.8
1.0	2.0	0.0	0.0006834498642140313	6.8
1.0	3.0	0.0	0.0010229015290126237	6.425
1.0	3.0	0.0	0.0010229015290126237	6.425
1.0	3.0	0.0	0.0010468645477407263	6.85
1.0	3.0	0.0	0.0010468645477407263	6.85
1.0	2.0	0.0	0.000737500034822927	6.2
1.0	2.0	0.0	0.0007329432805673355	6.225
1.0	2.0	0.0	0.0007329432805673355	6.225
1.0	1.0	0.0	0.0004291904923929478	8.75
1.0	1.0	0.0	0.0004291904923929478	8.75
