Constant_feature	Degree	Clustering_coefficient	Pagerank	Aver_path_len
1.0	0.0	0.0	0.0	0.0
1.0	2.0	0.0	0.039767784210501325	5.416666666666667
1.0	1.0	0.0	0.02067280062037698	4.875
1.0	2.0	0.0	0.03427441658587072	3.7083333333333335
1.0	2.0	0.0	0.03873230232833795	4.458333333333333
1.0	3.0	0.0	0.0650043984972748	6.583333333333333
1.0	1.0	0.0	0.01964299777116356	4.958333333333333
1.0	3.0	0.0	0.05061216240687841	3.7916666666666665
1.0	3.0	0.0	0.05014685354429178	3.4166666666666665
1.0	3.0	0.0	0.050936224003938796	4.291666666666667
1.0	3.0	0.0	0.05214217099319578	4.0
1.0	3.0	0.0	0.051802687922826746	3.5416666666666665
1.0	3.0	0.0	0.05076552798322396	3.9166666666666665
1.0	2.0	0.0	0.04013122826180787	5.083333333333333
1.0	2.0	0.0	0.04156129888397494	5.791666666666667
1.0	2.0	0.0	0.03538752031045478	4.583333333333333
1.0	3.0	0.0	0.05557464642632961	3.9166666666666665
1.0	2.0	0.0	0.035744653438672835	4.333333333333333
1.0	3.0	0.0	0.053540655320528874	4.541666666666667
1.0	2.0	0.0	0.03569531954523385	5.083333333333333
1.0	2.0	0.0	0.03601021490451831	4.708333333333333
1.0	2.0	0.0	0.03647665627336097	5.333333333333333
1.0	2.0	0.0	0.03647805404853772	5.708333333333333
1.0	1.0	0.0	0.02350179717601397	7.541666666666667
1.0	1.0	0.0	0.02350179717601397	7.541666666666667
1.0	1.0	0.0	0.021895831366671246	6.375
