Constant_feature	Degree	Clustering_coefficient	Pagerank	Aver_path_len
1.0	1.0	0.0	0.015282989844473023	5.709677419354839
1.0	1.0	0.0	0.015248092759151965	5.451612903225806
1.0	1.0	0.0	0.015827464385220317	5.419354838709677
1.0	1.0	0.0	0.01735703147004303	8.64516129032258
1.0	1.0	0.0	0.01735703147004303	8.64516129032258
1.0	3.0	0.0	0.04054131258391863	4.387096774193548
1.0	3.0	0.0	0.039555180403116466	3.870967741935484
1.0	3.0	0.0	0.047442767381911125	7.67741935483871
1.0	3.0	0.0	0.03909835941563697	4.225806451612903
1.0	2.0	0.0	0.029714085129746444	5.161290322580645
1.0	3.0	0.0	0.041049949817401885	4.258064516129032
1.0	3.0	0.0	0.03884456297915809	3.967741935483871
1.0	3.0	0.0	0.04809065646135427	6.0
1.0	2.0	0.0	0.02769420664162869	4.129032258064516
1.0	3.0	0.0	0.04052749752125562	4.741935483870968
1.0	3.0	0.0	0.04040946182468456	4.483870967741935
1.0	3.0	0.0	0.039725138928067776	5.258064516129032
1.0	3.0	0.0	0.03969524434468597	5.0
1.0	1.0	0.0	0.01543998229070562	5.225806451612903
1.0	1.0	0.0	0.01755185948803152	6.967741935483871
1.0	1.0	0.0	0.01755185948803152	6.967741935483871
1.0	3.0	0.0	0.04233992116122331	4.451612903225806
1.0	2.0	0.0	0.027853660331669326	6.096774193548387
1.0	2.0	0.0	0.02784232582830169	5.838709677419355
1.0	3.0	0.0	0.04169752498372342	4.903225806451613
1.0	2.0	0.0	0.028467886581982408	6.935483870967742
1.0	2.0	0.0	0.02846517553149366	6.67741935483871
1.0	2.0	0.0	0.028742995998915437	5.548387096774194
1.0	2.0	0.0	0.028742995998915437	5.548387096774194
1.0	2.0	0.0	0.029133515948079423	6.193548387096774
1.0	2.0	0.0	0.029133515948079423	6.193548387096774
1.0	3.0	0.0	0.04357574705934978	6.838709677419355
