Constant_feature	Degree	Clustering_coefficient	Pagerank	Aver_path_len
1.0	1.0	0.0	0.022874720936652295	7.545454545454546
1.0	2.0	0.0	0.03845893328862983	4.0
1.0	2.0	0.0	0.0385097821881832	4.136363636363637
1.0	2.0	0.0	0.042144191588252125	5.545454545454546
1.0	1.0	0.0	0.021773575000821953	4.909090909090909
1.0	1.0	0.0	0.024655642600366505	7.2727272727272725
1.0	3.0	0.0	0.05542957774753712	3.909090909090909
1.0	3.0	0.0	0.05561923602299632	4.045454545454546
1.0	2.0	0.0	0.03781290536741218	3.8636363636363638
1.0	2.0	0.0	0.03862534464770269	4.318181818181818
1.0	3.0	0.0	0.056118000318195735	3.8181818181818183
1.0	2.0	0.0	0.03852173336265001	4.454545454545454
1.0	3.0	0.0	0.058296575541756164	4.863636363636363
1.0	2.0	0.0	0.039217364078973735	4.7272727272727275
1.0	3.0	0.0	0.058087166900418236	3.9545454545454546
1.0	3.0	0.0	0.05775264417644374	4.545454545454546
1.0	2.0	0.0	0.04008502432800283	5.2272727272727275
1.0	2.0	0.0	0.04008502432800283	5.2272727272727275
1.0	2.0	0.0	0.04091261950702958	5.909090909090909
1.0	2.0	0.0	0.04091261950702958	5.909090909090909
1.0	3.0	0.0	0.06175750480677031	6.590909090909091
1.0	3.0	0.0	0.0676941711558064	6.318181818181818
1.0	1.0	0.0	0.024655642600366505	7.2727272727272725
