Constant_feature	Degree	Clustering_coefficient	Pagerank	Aver_path_len
1.0	1.0	0.0	0.020001667806708895	5.458333333333333
1.0	1.0	0.0	0.020043479785415718	5.416666666666667
1.0	1.0	0.0	0.0203922064161396	5.208333333333333
1.0	1.0	0.0	0.022116682167680143	7.458333333333333
1.0	1.0	0.0	0.022116682167680143	7.458333333333333
1.0	3.0	0.0	0.05145988773964916	3.75
1.0	2.0	0.0	0.03583054791449253	3.9583333333333335
1.0	3.0	0.0	0.06038768019774063	6.5
1.0	1.0	0.0	0.021132203479143238	7.791666666666667
1.0	3.0	0.0	0.05097804080886472	3.7916666666666665
1.0	3.0	0.0	0.05333764248166431	4.5
1.0	3.0	0.0	0.05347951597033507	4.458333333333333
1.0	3.0	0.0	0.05179218361360953	4.083333333333333
1.0	2.0	0.0	0.03611100072978371	4.625
1.0	2.0	0.0	0.03611100072978371	4.625
1.0	3.0	0.0	0.05463943643883796	4.25
1.0	2.0	0.0	0.036827982039521076	5.166666666666667
1.0	2.0	0.0	0.036827982039521076	5.166666666666667
1.0	3.0	0.0	0.055262620619641774	5.708333333333333
1.0	3.0	0.0	0.05387943558162588	4.708333333333333
1.0	2.0	0.0	0.037207196980874394	5.416666666666667
1.0	2.0	0.0	0.037207196980874394	5.416666666666667
1.0	2.0	0.0	0.03787581806188638	6.125
1.0	2.0	0.0	0.03787581806188638	6.125
1.0	3.0	0.0	0.05710609118663927	6.833333333333333
