Constant_feature	Degree	Clustering_coefficient	Pagerank	Aver_path_len
1.0	4.0	0.0	0.073330953416019	6.407407407407407
1.0	2.0	0.0	0.035670530464415054	5.0
1.0	1.0	0.0	0.02007156783019668	7.37037037037037
1.0	1.0	0.0	0.02007156783019668	7.37037037037037
1.0	2.0	0.0	0.030592695480673806	3.740740740740741
1.0	2.0	0.0	0.030360359926862257	5.296296296296297
1.0	2.0	0.0	0.03459768326030366	5.666666666666667
1.0	3.0	0.0	0.04386369557446648	3.740740740740741
1.0	3.0	0.0	0.04420794498611544	4.2592592592592595
1.0	3.0	0.0	0.04420794498611544	4.2592592592592595
1.0	3.0	0.0	0.0446488583955892	4.777777777777778
1.0	3.0	0.0	0.0446488583955892	4.777777777777778
1.0	3.0	0.0	0.04620961055635472	3.814814814814815
1.0	2.0	0.0	0.03129644349452758	5.074074074074074
1.0	2.0	0.0	0.03129644349452758	5.074074074074074
1.0	3.0	0.0	0.04812559416930395	4.111111111111111
1.0	3.0	0.0	0.04841844304945883	5.0
1.0	2.0	0.0	0.03207200540137016	4.2592592592592595
1.0	2.0	0.0	0.03144956323990585	5.592592592592593
1.0	2.0	0.0	0.03144956323990585	5.592592592592593
1.0	2.0	0.0	0.03253573897244084	4.555555555555555
1.0	2.0	0.0	0.032530455788467125	4.703703703703703
1.0	2.0	0.0	0.03213830086603664	5.888888888888889
1.0	2.0	0.0	0.03213830086603664	5.888888888888889
1.0	2.0	0.0	0.03218633243814776	6.407407407407407
1.0	2.0	0.0	0.03218633243814776	6.407407407407407
1.0	1.0	0.0	0.02007156783019668	7.37037037037037
1.0	1.0	0.0	0.019622643608628886	5.962962962962963
