Constant_feature	Degree	Clustering_coefficient	Pagerank	Aver_path_len
1.0	2.0	0.0	0.026757056427615965	6.055555555555555
1.0	2.0	0.0	0.027153106489338476	6.694444444444445
1.0	2.0	0.0	0.02716773182556069	6.972222222222222
1.0	2.0	0.0	0.027452708478238226	6.888888888888889
1.0	1.0	0.0	0.013689005168607993	6.055555555555555
1.0	1.0	0.0	0.013865770555914387	6.555555555555555
1.0	2.0	0.0	0.02399038498047893	4.666666666666667
1.0	2.0	0.0	0.02701431988864396	8.555555555555555
1.0	2.0	0.0	0.029058991006413886	9.472222222222221
1.0	1.0	0.0	0.015780623388125265	10.444444444444445
1.0	3.0	0.0	0.03433677561527866	4.305555555555555
1.0	2.0	0.0	0.023645345286891422	4.75
1.0	2.0	0.0	0.023646914922592042	4.972222222222222
1.0	3.0	0.0	0.03399676892383238	4.25
1.0	3.0	0.0	0.034347032280449656	4.888888888888889
1.0	3.0	0.0	0.03395557132909887	4.611111111111111
1.0	3.0	0.0	0.03387801184297556	4.333333333333333
1.0	3.0	0.0	0.035950967701705534	5.138888888888889
1.0	2.0	0.0	0.024036425488023233	5.527777777777778
1.0	2.0	0.0	0.024064614976707366	4.916666666666667
1.0	2.0	0.0	0.02397754745235173	5.027777777777778
1.0	3.0	0.0	0.03673658966587057	5.777777777777778
1.0	3.0	0.0	0.03676556975244122	6.055555555555555
1.0	3.0	0.0	0.036618201185334064	5.083333333333333
1.0	3.0	0.0	0.037210352442353475	5.583333333333333
1.0	2.0	0.0	0.02469175721703567	5.694444444444445
1.0	3.0	0.0	0.03733087120521552	5.972222222222222
1.0	3.0	0.0	0.036007408913346334	5.611111111111111
1.0	1.0	0.0	0.01474335385709079	7.027777777777778
1.0	2.0	0.0	0.02479567222901527	6.305555555555555
1.0	2.0	0.0	0.02479567222901527	6.305555555555555
1.0	1.0	0.0	0.014921614328052746	7.666666666666667
1.0	1.0	0.0	0.01492818463671211	7.944444444444445
1.0	2.0	0.0	0.025095601075590564	7.0
1.0	2.0	0.0	0.025095601075590564	7.0
1.0	1.0	0.0	0.015056459006427377	7.861111111111111
1.0	3.0	0.0	0.03744141715206428	7.694444444444445
