Constant_feature	Degree	Clustering_coefficient	Pagerank	Aver_path_len
1.0	2.0	0.0	0.029002980924191055	6.735294117647059
1.0	1.0	0.0	0.015114506532899984	9.5
1.0	2.0	0.0	0.02823837032701179	5.911764705882353
1.0	2.0	0.0	0.02866340987968475	6.529411764705882
1.0	2.0	0.0	0.028664306256612253	6.5
1.0	2.0	0.0	0.02625293767116324	5.529411764705882
1.0	1.0	0.0	0.014654931767617245	5.9411764705882355
1.0	1.0	0.0	0.014644471722874156	6.4411764705882355
1.0	3.0	0.0	0.03607812976363358	4.147058823529412
1.0	2.0	0.0	0.024468876405909182	4.411764705882353
1.0	3.0	0.0	0.03581882738926648	4.176470588235294
1.0	3.0	0.0	0.03595810066722412	4.470588235294118
1.0	3.0	0.0	0.03573062105800546	4.5
1.0	3.0	0.0	0.03570660288977269	4.235294117647059
1.0	2.0	0.0	0.02547873487456642	4.529411764705882
1.0	3.0	0.0	0.03790874365751223	5.0
1.0	2.0	0.0	0.02527169398604223	5.088235294117647
1.0	2.0	0.0	0.025389837456235742	4.823529411764706
1.0	2.0	0.0	0.02530163673099449	4.911764705882353
1.0	3.0	0.0	0.03875612158325309	5.617647058823529
1.0	3.0	0.0	0.038753384487511144	5.588235294117647
1.0	3.0	0.0	0.039324750082392924	4.970588235294118
1.0	3.0	0.0	0.03929085407075556	5.470588235294118
1.0	2.0	0.0	0.026070783179504876	5.5588235294117645
1.0	3.0	0.0	0.039428205584592285	5.823529411764706
1.0	1.0	0.0	0.015563818141837125	6.882352941176471
1.0	3.0	0.0	0.038658876091206155	6.147058823529412
1.0	1.0	0.0	0.015756308271572993	7.5
1.0	1.0	0.0	0.015755454182318565	7.470588235294118
1.0	1.0	0.0	0.015908737979456928	7.705882352941177
1.0	2.0	0.0	0.026654369575984525	6.9411764705882355
1.0	2.0	0.0	0.026654369575984525	6.9411764705882355
1.0	2.0	0.0	0.027108638427927392	7.735294117647059
1.0	2.0	0.0	0.027108638427927392	7.735294117647059
1.0	3.0	0.0	0.04085897037655724	8.529411764705882
