Constant_feature	Degree	Clustering_coefficient	Pagerank	Aver_path_len
1.0	1.0	0.0	0.019027166894836193	5.038461538461538
1.0	1.0	0.0	0.018213304120756967	4.846153846153846
1.0	3.0	0.0	0.04705816787772073	3.4615384615384617
1.0	2.0	0.0	0.03172475617604576	4.153846153846154
1.0	2.0	0.0	0.03314493819083271	3.730769230769231
1.0	2.0	0.0	0.03407704143638736	4.576923076923077
1.0	3.0	0.0	0.046434396920399086	3.6538461538461537
1.0	3.0	0.0	0.047174335562310196	4.384615384615385
1.0	3.0	0.0	0.04697090273842257	4.576923076923077
1.0	3.0	0.0	0.0483662997209127	3.8846153846153846
1.0	3.0	0.0	0.047787534088025316	4.230769230769231
1.0	2.0	0.0	0.03304504625396234	5.1923076923076925
1.0	2.0	0.0	0.032973292467263625	5.384615384615385
1.0	2.0	0.0	0.03350476184870788	5.038461538461538
1.0	2.0	0.0	0.03350476184870788	5.038461538461538
1.0	2.0	0.0	0.03375229734816932	6.0
1.0	2.0	0.0	0.03373071117957441	6.1923076923076925
1.0	3.0	0.0	0.05107663130151886	4.076923076923077
1.0	2.0	0.0	0.03436511417223256	5.846153846153846
1.0	2.0	0.0	0.03436511417223256	5.846153846153846
1.0	2.0	0.0	0.03463278833780209	6.653846153846154
1.0	3.0	0.0	0.0501642330110094	5.153846153846154
1.0	2.0	0.0	0.034586284552276095	5.961538461538462
1.0	2.0	0.0	0.034586284552276095	5.961538461538462
1.0	2.0	0.0	0.03518235945493549	6.769230769230769
1.0	2.0	0.0	0.03518235945493549	6.769230769230769
1.0	2.0	0.0	0.035369116317746155	7.576923076923077
