Constant_feature	Degree	Clustering_coefficient	Pagerank	Aver_path_len
1.0	1.0	0.0	0.03097953714839872	5.0
1.0	1.0	0.0	0.03379879084903554	5.6875
1.0	2.0	0.0	0.05375906637595819	3.0
1.0	2.0	0.0	0.05479694414149204	3.625
1.0	2.0	0.0	0.056076721355620966	4.625
1.0	1.0	0.0	0.03097953714839872	5.0
1.0	4.0	0.0	0.1039605010647287	3.25
1.0	2.0	0.0	0.05364737063788533	4.0625
1.0	2.0	0.0	0.05364737063788533	4.0625
1.0	2.0	0.0	0.05416558870515215	4.875
1.0	2.0	0.0	0.057189590683854534	3.9375
1.0	2.0	0.0	0.05346429560213874	3.0625
1.0	2.0	0.0	0.06203714155986732	4.75
1.0	3.0	0.0	0.07938969110061297	3.0625
1.0	2.0	0.0	0.05479694414149204	3.625
1.0	3.0	0.0	0.08365545442373933	4.0625
1.0	3.0	0.0	0.08365545442373934	4.0625
