Constant_feature	Degree	Clustering_coefficient	Pagerank	Aver_path_len
1.0	2.0	0.0	0.030320859984427635	6.34375
1.0	2.0	0.0	0.030320859984427635	6.34375
1.0	2.0	0.0	0.030320859984427635	6.34375
1.0	1.0	0.0	0.016945198009758577	6.84375
1.0	1.0	0.0	0.016945198009758577	6.84375
1.0	1.0	0.0	0.016945198009758577	6.84375
1.0	3.0	0.0	0.042136369743284004	4.96875
1.0	3.0	0.0	0.042136369743284004	4.96875
1.0	3.0	0.0	0.042136369743284004	4.96875
1.0	2.0	0.0	0.02702851803967633	4.78125
1.0	2.0	0.0	0.02702851803967633	4.78125
1.0	2.0	0.0	0.02702851803967633	4.78125
1.0	1.0	0.0	0.018468608244085923	9.84375
1.0	1.0	0.0	0.018468608244085923	9.84375
1.0	1.0	0.0	0.018468608244085923	9.84375
1.0	3.0	0.0	0.03999556647899646	4.5
1.0	3.0	0.0	0.03999556647899646	4.5
1.0	3.0	0.0	0.03999556647899646	4.5
1.0	2.0	0.0	0.029314723725656917	5.625
1.0	2.0	0.0	0.029314723725656917	5.625
1.0	2.0	0.0	0.029314723725656917	5.625
1.0	2.0	0.0	0.030921016122273427	5.875
1.0	2.0	0.0	0.030921016122273427	5.875
1.0	2.0	0.0	0.030921016122273427	5.875
1.0	2.0	0.0	0.03132900638497181	7.125
1.0	2.0	0.0	0.03132900638497181	7.125
1.0	2.0	0.0	0.03132900638497181	7.125
1.0	2.0	0.0	0.03256710096937175	7.96875
1.0	2.0	0.0	0.03256710096937175	7.96875
1.0	2.0	0.0	0.03256710096937175	7.96875
1.0	2.0	0.0	0.03430636563083046	8.875
1.0	2.0	0.0	0.03430636563083046	8.875
1.0	2.0	0.0	0.03430636563083046	8.875
