Constant_feature	Degree	Clustering_coefficient	Pagerank	Aver_path_len
1.0	2.0	0.0	0.0336390086976425	5.172413793103448
1.0	1.0	0.0	0.01740044987230341	5.310344827586207
1.0	2.0	0.0	0.028627079661015624	4.275862068965517
1.0	2.0	0.0	0.030483903476088706	4.620689655172414
1.0	2.0	0.0	0.030574709566332472	5.172413793103448
1.0	3.0	0.0	0.0413960293013661	3.793103448275862
1.0	3.0	0.0	0.04153998235425295	4.344827586206897
1.0	3.0	0.0	0.042529859611706834	3.6551724137931036
1.0	3.0	0.0	0.04194380064301608	4.413793103448276
1.0	3.0	0.0	0.04280967631645046	4.413793103448276
1.0	3.0	0.0	0.04236605019053043	3.7241379310344827
1.0	2.0	0.0	0.029341188228984877	5.172413793103448
1.0	2.0	0.0	0.029483247692351736	5.241379310344827
1.0	2.0	0.0	0.030062681690791494	5.241379310344827
1.0	2.0	0.0	0.030062681690791494	5.241379310344827
1.0	3.0	0.0	0.046889033344439585	4.344827586206897
1.0	2.0	0.0	0.030103639159970184	6.0
1.0	2.0	0.0	0.030146653223191495	6.068965517241379
1.0	2.0	0.0	0.029761716106647837	4.137931034482759
1.0	2.0	0.0	0.030860406942054476	6.068965517241379
1.0	2.0	0.0	0.030860406942054476	6.068965517241379
1.0	2.0	0.0	0.031106970700803555	6.896551724137931
1.0	2.0	0.0	0.03608476124991167	6.068965517241379
1.0	3.0	0.0	0.045075959964586736	5.793103448275862
1.0	1.0	0.0	0.019571892158672426	7.0344827586206895
1.0	2.0	0.0	0.031094740056306077	6.620689655172414
1.0	2.0	0.0	0.031094740056306077	6.620689655172414
1.0	2.0	0.0	0.03163950056791599	7.448275862068965
1.0	2.0	0.0	0.03163950056791599	7.448275862068965
1.0	2.0	0.0	0.03180972996559832	8.275862068965518
