Constant_feature	Degree	Clustering_coefficient	Pagerank	Aver_path_len
1.0	2.0	0.0	0.04722251468274611	4.833333333333333
1.0	3.0	0.0	0.07742485194157274	3.7222222222222223
1.0	2.0	0.0	0.04647785828283024	3.0555555555555554
1.0	2.0	0.0	0.046289598478619236	3.388888888888889
1.0	2.0	0.0	0.04560521569268938	3.1666666666666665
1.0	2.0	0.0	0.04666122371566632	4.555555555555555
1.0	2.0	0.0	0.04658177840213227	4.333333333333333
1.0	3.0	0.0	0.0695938445749068	3.0
1.0	3.0	0.0	0.06757982228917517	2.7777777777777777
1.0	3.0	0.0	0.0698056971381604	3.4444444444444446
1.0	1.0	0.0	0.028490235267153566	4.666666666666667
1.0	1.0	0.0	0.028490235267153566	4.666666666666667
1.0	3.0	0.0	0.06715914765275502	3.7777777777777777
1.0	3.0	0.0	0.06689563940310321	3.5555555555555554
1.0	2.0	0.0	0.04847310973185118	4.166666666666667
1.0	2.0	0.0	0.04847310973185118	4.166666666666667
1.0	2.0	0.0	0.049487662824531736	4.888888888888889
1.0	2.0	0.0	0.049487662824531736	4.888888888888889
1.0	2.0	0.0	0.04980079209856988	5.611111111111111
