Constant_feature	Degree	Clustering_coefficient	Pagerank	Aver_path_len
1.0	2.0	0.0	0.03633515980110406	3.272727272727273
1.0	1.0	0.0	0.02020741422308782	3.727272727272727
1.0	1.0	0.0	0.02048781995156162	3.9545454545454546
1.0	1.0	0.0	0.021083860846856647	4.409090909090909
1.0	4.0	0.0	0.07048630039940984	2.772727272727273
1.0	4.0	0.0	0.07173301372214866	3.0
1.0	3.0	0.0	0.0523960647230602	2.8636363636363638
1.0	3.0	0.0	0.05364572665949152	3.1818181818181817
1.0	3.0	0.0	0.05578721746537122	3.4545454545454546
1.0	3.0	0.0	0.05441201863125128	3.6363636363636362
1.0	3.0	0.0	0.05282320434850531	3.1818181818181817
1.0	2.0	0.0	0.03631289519249625	3.272727272727273
1.0	2.0	0.0	0.03803179860046996	3.9545454545454546
1.0	2.0	0.0	0.036459656201733665	3.590909090909091
1.0	3.0	0.0	0.05415747114478326	3.6818181818181817
1.0	2.0	0.0	0.038299644472258365	4.409090909090909
1.0	3.0	0.0	0.054212859487184475	4.0
1.0	2.0	0.0	0.03909038072571975	4.7272727272727275
1.0	2.0	0.0	0.03917290764975176	5.181818181818182
1.0	2.0	0.0	0.03822920724225063	4.454545454545454
1.0	2.0	0.0	0.03825066634387221	4.7727272727272725
1.0	2.0	0.0	0.03919002022079959	5.2272727272727275
1.0	2.0	0.0	0.03919469194683185	5.545454545454546
