Constant_feature	Degree	Clustering_coefficient	Pagerank	Aver_path_len
1.0	2.0	0.0	0.013684913984706663	9.46376811594203
1.0	1.0	0.0	0.0074947374242428	9.057971014492754
1.0	1.0	0.0	0.00743615697986243	9.08695652173913
1.0	1.0	0.0	0.00764888034754558	9.46376811594203
1.0	1.0	0.0	0.007638251382388168	9.318840579710145
1.0	1.0	0.0	0.007683651969143318	9.782608695652174
1.0	1.0	0.0	0.007622302003296838	10.391304347826088
1.0	1.0	0.0	0.0075857013147292126	9.579710144927537
1.0	1.0	0.0	0.007681349765550519	10.014492753623188
1.0	1.0	0.0	0.007593013903618436	10.36231884057971
1.0	1.0	0.0	0.007635039317143462	9.985507246376812
1.0	2.0	0.0	0.01469370139926381	13.08695652173913
1.0	3.0	0.0	0.019934276002104387	8.014492753623188
1.0	3.0	0.0	0.020533221797088063	8.246376811594203
1.0	2.0	0.0	0.01362864536351761	8.217391304347826
1.0	2.0	0.0	0.013857552705577068	9.144927536231885
1.0	3.0	0.0	0.020506031141626746	8.855072463768115
1.0	2.0	0.0	0.013947953434493869	8.884057971014492
1.0	2.0	0.0	0.01382217959195936	8.53623188405797
1.0	2.0	0.0	0.013828984176780874	9.26086956521739
1.0	3.0	0.0	0.020220546984202493	8.130434782608695
1.0	3.0	0.0	0.021880726693508393	9.057971014492754
1.0	3.0	0.0	0.01923754601227505	7.9855072463768115
1.0	3.0	0.0	0.02021832415645444	8.072463768115941
1.0	3.0	0.0	0.020587257399813985	9.231884057971014
1.0	4.0	0.0	0.027689407917757133	8.623188405797102
1.0	3.0	0.0	0.020663291944793594	9.347826086956522
1.0	2.0	0.0	0.012937527816486261	8.73913043478261
1.0	3.0	0.0	0.020160565201390687	8.681159420289855
1.0	3.0	0.0	0.020639899552773566	8.333333333333334
1.0	2.0	0.0	0.01427569935006681	9.579710144927537
1.0	3.0	0.0	0.021525386245030417	10.391304347826088
1.0	3.0	0.0	0.020025192557101678	8.101449275362318
1.0	1.0	0.0	0.00799371666413658	10.043478260869565
1.0	1.0	0.0	0.00799371666413658	10.043478260869565
1.0	3.0	0.0	0.020736633570014047	8.478260869565217
1.0	3.0	0.0	0.02020925536305645	9.492753623188406
1.0	2.0	0.0	0.014941985783529002	10.18840579710145
1.0	3.0	0.0	0.022659232758672425	10.507246376811594
1.0	3.0	0.0	0.020700681966992606	8.333333333333334
1.0	3.0	0.0	0.020882627219917925	8.942028985507246
1.0	3.0	0.0	0.020852674841654067	8.797101449275363
1.0	1.0	0.0	0.007408371941638604	9.0
1.0	3.0	0.0	0.020646239730317054	9.405797101449275
1.0	1.0	0.0	0.007589235752965969	9.231884057971014
1.0	1.0	0.0	0.007659450995493516	9.608695652173912
1.0	1.0	0.0	0.007659450995493516	9.608695652173912
1.0	1.0	0.0	0.007627638047241765	10.333333333333334
1.0	2.0	0.0	0.013858191761529373	8.44927536231884
1.0	2.0	0.0	0.015415452942280115	11.347826086956522
1.0	3.0	0.0	0.020524454009190878	8.594202898550725
1.0	3.0	0.0	0.019123694842243924	9.521739130434783
1.0	3.0	0.0	0.020841477920715584	9.028985507246377
1.0	1.0	0.0	0.007621059812226608	9.318840579710145
1.0	3.0	0.0	0.02054794983885554	9.376811594202898
1.0	1.0	0.0	0.007886436858724071	11.376811594202898
1.0	1.0	0.0	0.008152466899776676	11.173913043478262
1.0	1.0	0.0	0.008227105918473018	11.492753623188406
1.0	1.0	0.0	0.008227105918473018	11.492753623188406
1.0	3.0	0.0	0.020687162348446985	9.0
1.0	2.0	0.0	0.013858154428032513	9.144927536231885
1.0	1.0	0.0	0.007692872893921979	9.927536231884059
1.0	1.0	0.0	0.007579984269663005	9.840579710144928
1.0	1.0	0.0	0.00836524032607406	12.333333333333334
1.0	2.0	0.0	0.01319361217031947	10.391304347826088
1.0	2.0	0.0	0.01319361217031947	10.391304347826088
1.0	2.0	0.0	0.013393853777505106	11.26086956521739
1.0	2.0	0.0	0.013393853777505106	11.26086956521739
1.0	3.0	0.0	0.02009631244420882	12.130434782608695
1.0	1.0	0.0	0.00804111653996067	14.072463768115941
