Constant_feature	Degree	Clustering_coefficient	Pagerank	Aver_path_len
1.0	1.0	0.0	0.027525738847942793	4.611111111111111
1.0	3.0	0.0	0.07222173786992442	3.9444444444444446
1.0	2.0	0.0	0.05001255776887266	3.611111111111111
1.0	2.0	0.0	0.04996961930872487	3.6666666666666665
1.0	2.0	0.0	0.04942788238081253	4.722222222222222
1.0	2.0	0.0	0.05090110465244398	5.944444444444445
1.0	2.0	0.0	0.05090110465244398	5.944444444444445
1.0	2.0	0.0	0.05051668376109338	5.277777777777778
1.0	2.0	0.0	0.05051668376109338	5.277777777777778
1.0	2.0	0.0	0.04966190089336173	4.611111111111111
1.0	2.0	0.0	0.04966190089336173	4.611111111111111
1.0	3.0	0.0	0.07420759050499026	3.6666666666666665
1.0	2.0	0.0	0.049337297221632104	3.8333333333333335
1.0	3.0	0.0	0.07195557406076315	4.111111111111111
1.0	3.0	0.0	0.07525567223514913	5.333333333333333
1.0	2.0	0.0	0.049444479618133585	4.833333333333333
1.0	2.0	0.0	0.05043456329227849	6.055555555555555
1.0	2.0	0.0	0.05020734630213048	5.444444444444445
1.0	1.0	0.0	0.027840561974847137	6.277777777777778
