Constant_feature	Degree	Clustering_coefficient	Pagerank	Aver_path_len
1.0	0.0	0.0	0.0	0.0
1.0	1.0	0.0	0.0273696090034783	1.6666666666666667
1.0	1.0	0.0	0.0273696090034783	1.6666666666666667
1.0	2.0	0.0	0.0364795216178168	4.2
1.0	2.0	0.0	0.03570787569556206	3.25
1.0	2.0	0.0	0.03713685048884841	4.8
1.0	2.0	0.0	0.03617994971373226	3.6
1.0	3.0	0.0	0.05225832570153194	3.45
1.0	3.0	0.0	0.051423978462893025	3.0
1.0	3.0	0.0	0.05225832570153194	3.45
1.0	2.0	0.0	0.0364795216178168	4.2
1.0	2.0	0.0	0.03733718438205679	4.95
1.0	2.0	0.0	0.03733718438205679	4.95
1.0	2.0	0.0	0.03760375646871923	5.7
1.0	2.0	0.0	0.0364795216178168	4.2
1.0	2.0	0.0	0.0364795216178168	4.2
1.0	3.0	0.0	0.053703692875151116	4.05
1.0	2.0	0.0	0.03733718438205679	4.95
1.0	2.0	0.0	0.03733718438205679	4.95
1.0	2.0	0.0	0.03760375646871923	5.7
1.0	2.0	0.0	0.037834314496389174	5.55
1.0	2.0	0.0	0.03713685048884841	4.8
1.0	2.0	0.0	0.038051184942189634	6.3
1.0	3.0	0.0	0.0778911729895651	1.0
1.0	2.0	0.0	0.03783431449638917	5.55
1.0	1.0	0.0	0.0273696090034783	1.6666666666666667
