Constant_feature	Degree	Clustering_coefficient	Pagerank	Aver_path_len
1.0	1.0	0.0	0.023143394199083057	8.28
1.0	0.0	0.0	0.0	0.0
1.0	2.0	0.0	0.03855299750088301	6.12
1.0	3.0	0.0	0.05772156126920358	5.64
1.0	2.0	0.0	0.03458436177318996	3.88
1.0	2.0	0.0	0.03287310185729772	4.92
1.0	2.0	0.0	0.0378806013038436	5.08
1.0	2.0	0.0	0.03714852314589959	4.6
1.0	2.0	0.0	0.03612638614929006	4.2
1.0	3.0	0.0	0.04827127702260263	3.64
1.0	2.0	0.0	0.0404605976649276	6.44
1.0	2.0	0.0	0.04138657437204224	6.52
1.0	3.0	0.0	0.04809795015428992	3.96
1.0	3.0	0.0	0.048110928193597954	4.12
1.0	3.0	0.0	0.04837212812553783	4.44
1.0	3.0	0.0	0.048382400997659405	4.6
1.0	2.0	0.0	0.04288085913118066	7.32
1.0	1.0	0.0	0.022469363513624722	7.48
1.0	2.0	0.0	0.03390666175456129	4.6
1.0	2.0	0.0	0.03392876848913977	4.92
1.0	2.0	0.0	0.034010259961178846	5.08
1.0	2.0	0.0	0.03402433531102944	5.4
1.0	3.0	0.0	0.05210584004608382	5.24
1.0	2.0	0.0	0.03478182685471515	5.72
1.0	2.0	0.0	0.03477754828043915	5.72
1.0	2.0	0.0	0.03480638556571438	6.2
1.0	1.0	0.0	0.021195367362984722	7.08
