Constant_feature	Degree	Clustering_coefficient	Pagerank	Aver_path_len
1.0	2.0	0.0	0.033726476183574224	5.793103448275862
1.0	2.0	0.0	0.03369076222832108	5.9655172413793105
1.0	1.0	0.0	0.01715969542813341	5.931034482758621
1.0	2.0	0.0	0.03391469553845905	6.413793103448276
1.0	2.0	0.0	0.03385622297470289	6.655172413793103
1.0	3.0	0.0	0.04148957097382169	4.862068965517241
1.0	3.0	0.0	0.04149228251095476	4.827586206896552
1.0	2.0	0.0	0.029043242265930205	5.689655172413793
1.0	2.0	0.0	0.029472063571948023	6.137931034482759
1.0	2.0	0.0	0.029042779470040532	5.724137931034483
1.0	2.0	0.0	0.02809348301200027	4.206896551724138
1.0	2.0	0.0	0.02808843523685131	4.241379310344827
1.0	3.0	0.0	0.04104349550550683	3.586206896551724
1.0	3.0	0.0	0.041025950413794754	3.6206896551724137
1.0	3.0	0.0	0.04253046594414216	3.8620689655172415
1.0	3.0	0.0	0.04246875146598439	3.9655172413793105
1.0	2.0	0.0	0.029826895808340016	4.413793103448276
1.0	2.0	0.0	0.02991942963673053	4.482758620689655
1.0	2.0	0.0	0.029786409382836006	4.517241379310345
1.0	2.0	0.0	0.029829001860483626	4.655172413793103
1.0	3.0	0.0	0.04577686911565934	4.896551724137931
1.0	3.0	0.0	0.046085361053625026	4.9655172413793105
1.0	3.0	0.0	0.04570954188777378	5.068965517241379
1.0	2.0	0.0	0.03056769783300676	5.206896551724138
1.0	3.0	0.0	0.04615595663091276	5.517241379310345
1.0	3.0	0.0	0.04603642631578045	5.758620689655173
1.0	1.0	0.0	0.018509453784085125	6.758620689655173
1.0	1.0	0.0	0.018494348515828627	6.931034482758621
1.0	1.0	0.0	0.01859576626970312	7.379310344827586
1.0	1.0	0.0	0.018568469181069323	7.620689655172414
