Constant_feature	Degree	Clustering_coefficient	Pagerank	Aver_path_len
1.0	1.0	0.0	0.024802104803593697	5.7
1.0	1.0	0.0	0.02471677091520834	5.1
1.0	1.0	0.0	0.02511334141336135	6.35
1.0	2.0	0.0	0.05094222101041676	6.0
1.0	1.0	0.0	0.0260248451031014	6.1
1.0	2.0	0.0	0.04358904060220735	3.7
1.0	2.0	0.0	0.04372127730568928	3.85
1.0	3.0	0.0	0.0644834669234721	4.1
1.0	3.0	0.0	0.06383905105212143	3.65
1.0	3.0	0.0	0.0667997056510886	4.75
1.0	2.0	0.0	0.043868965714920494	3.9
1.0	2.0	0.0	0.04445806851641608	4.75
1.0	2.0	0.0	0.04382772760126591	4.0
1.0	3.0	0.0	0.06589333929605395	4.5
1.0	3.0	0.0	0.06651445217429812	4.15
1.0	2.0	0.0	0.04425133528218221	4.25
1.0	3.0	0.0	0.06783903895187338	5.4
1.0	2.0	0.0	0.04527053990621918	5.4
1.0	2.0	0.0	0.045484806769735577	6.05
1.0	3.0	0.0	0.0708745744418033	5.15
1.0	1.0	0.0	0.02768532656497119	6.95
