Constant_feature	Degree	Clustering_coefficient	Pagerank	Aver_path_len
1.0	1.0	0.0	0.012354478336696147	5.756756756756757
1.0	2.0	0.0	0.022381063937095838	5.324324324324325
1.0	2.0	0.0	0.02228454308869409	5.8108108108108105
1.0	1.0	0.0	0.013687265997685074	6.1891891891891895
1.0	2.0	0.0	0.023494161741697765	7.108108108108108
1.0	2.0	0.0	0.02413380843764222	8.162162162162161
1.0	1.0	0.0	0.012713234458986812	6.783783783783784
1.0	1.0	0.0	0.013298398850152994	7.54054054054054
1.0	1.0	0.0	0.013517176121006976	9.108108108108109
1.0	4.0	0.0	0.043389890870109034	5.1891891891891895
1.0	4.0	0.0	0.04321364920987661	4.783783783783784
1.0	3.0	0.0	0.0318473101733486	4.351351351351352
1.0	4.0	0.0	0.0427474478568378	4.297297297297297
1.0	3.0	0.0	0.031912196065972426	4.513513513513513
1.0	3.0	0.0	0.032147201356010915	4.783783783783784
1.0	3.0	0.0	0.032642875550116746	5.756756756756757
1.0	2.0	0.0	0.02241763648725438	5.027027027027027
1.0	2.0	0.0	0.022273185120690316	4.756756756756757
1.0	2.0	0.0	0.022502161608561184	5.513513513513513
1.0	2.0	0.0	0.021918011354320952	4.5675675675675675
1.0	2.0	0.0	0.022550467231926764	6.0
1.0	2.0	0.0	0.02227913949408405	4.945945945945946
1.0	2.0	0.0	0.021934442316325135	5.054054054054054
1.0	3.0	0.0	0.0322241646278497	4.837837837837838
1.0	2.0	0.0	0.022231517077074825	5.0
1.0	3.0	0.0	0.03219911015686038	5.324324324324325
1.0	1.0	0.0	0.012394442583650545	6.162162162162162
1.0	2.0	0.0	0.024569152379986588	5.216216216216216
1.0	3.0	0.0	0.03366908093335438	6.45945945945946
1.0	4.0	0.0	0.04480425921158228	5.8108108108108105
1.0	3.0	0.0	0.03331501794703143	6.297297297297297
1.0	2.0	0.0	0.02359254852234967	7.324324324324325
1.0	2.0	0.0	0.02361792581560814	7.297297297297297
1.0	3.0	0.0	0.0355585010553659	6.5675675675675675
1.0	2.0	0.0	0.024167167880634947	7.378378378378378
1.0	3.0	0.0	0.03623171178852484	7.864864864864865
1.0	3.0	0.0	0.03628530637718281	8.135135135135135
1.0	1.0	0.0	0.013500347977850375	8.837837837837839
