Constant_feature	Degree	Clustering_coefficient	Pagerank	Aver_path_len
1.0	2.0	0.0	0.03627869846500646	4.913043478260869
1.0	2.0	0.0	0.04141681345777456	5.6521739130434785
1.0	1.0	0.0	0.021616947259198216	4.869565217391305
1.0	1.0	0.0	0.021719841257601645	4.869565217391305
1.0	2.0	0.0	0.03627869846500646	4.913043478260869
1.0	2.0	0.0	0.038547371327451986	4.086956521739131
1.0	2.0	0.0	0.03775977687108577	4.086956521739131
1.0	3.0	0.0	0.05380895343518258	4.3478260869565215
1.0	3.0	0.0	0.0532305988649721	5.391304347826087
1.0	3.0	0.0	0.0532305988649721	5.391304347826087
1.0	3.0	0.0	0.05609394162652606	4.3478260869565215
1.0	3.0	0.0	0.05722089221745791	4.869565217391305
1.0	3.0	0.0	0.0581663516352153	3.9130434782608696
1.0	2.0	0.0	0.037265385101178786	6.173913043478261
1.0	2.0	0.0	0.037265385101178786	6.173913043478261
1.0	3.0	0.0	0.05851217663524749	3.9130434782608696
1.0	2.0	0.0	0.03869495524989795	5.130434782608695
1.0	2.0	0.0	0.039090123572974915	5.6521739130434785
1.0	2.0	0.0	0.038065587536150525	6.956521739130435
1.0	2.0	0.0	0.038065587536150525	6.956521739130435
1.0	2.0	0.0	0.03933656679239249	5.913043478260869
1.0	2.0	0.0	0.03945727491915116	6.434782608695652
1.0	2.0	0.0	0.04462763151087751	6.521739130434782
1.0	1.0	0.0	0.024249842297348494	7.478260869565218
