Constant_feature	Degree	Clustering_coefficient	Pagerank	Aver_path_len
1.0	0.0	0.0	0.0	0.0
1.0	2.0	0.0	0.02578594982927096	5.303030303030303
1.0	1.0	0.0	0.014434363620534522	5.484848484848484
1.0	2.0	0.0	0.032544203714805896	7.303030303030303
1.0	1.0	0.0	0.016716659414426613	7.363636363636363
1.0	3.0	0.0	0.039059056378225855	4.9393939393939394
1.0	2.0	0.0	0.028465742186366216	4.878787878787879
1.0	2.0	0.0	0.029526571070741272	5.606060606060606
1.0	3.0	0.0	0.037937570527925964	3.6666666666666665
1.0	2.0	0.0	0.026040830924316957	4.2727272727272725
1.0	3.0	0.0	0.0368011732912264	3.606060606060606
1.0	2.0	0.0	0.027112123698259202	5.787878787878788
1.0	2.0	0.0	0.027112123698259202	5.787878787878788
1.0	2.0	0.0	0.027671526077692743	6.636363636363637
1.0	2.0	0.0	0.027671526077692743	6.636363636363637
1.0	2.0	0.0	0.027846681972131727	7.484848484848484
1.0	3.0	0.0	0.0370173276879999	3.9696969696969697
1.0	3.0	0.0	0.04079404108069886	4.212121212121212
1.0	3.0	0.0	0.03791227210018007	4.2727272727272725
1.0	2.0	0.0	0.025649205677968932	4.696969696969697
1.0	3.0	0.0	0.03830909725987053	4.515151515151516
1.0	1.0	0.0	0.015179134771828594	5.181818181818182
1.0	2.0	0.0	0.026589663907065297	5.121212121212121
1.0	2.0	0.0	0.026589663907065297	5.121212121212121
1.0	3.0	0.0	0.03757724687065357	5.121212121212121
1.0	3.0	0.0	0.0376720977421708	5.848484848484849
1.0	2.0	0.0	0.02727738273404341	5.96969696969697
1.0	2.0	0.0	0.02727738273404341	5.96969696969697
1.0	2.0	0.0	0.026311231701178422	5.96969696969697
1.0	2.0	0.0	0.02749082704977914	6.818181818181818
1.0	2.0	0.0	0.026346250696910312	6.696969696969697
1.0	2.0	0.0	0.026884715217703106	6.818181818181818
1.0	2.0	0.0	0.026893803890035373	7.545454545454546
1.0	3.0	0.0	0.04591688250844275	6.393939393939394
1.0	1.0	0.0	0.01758566998048578	8.272727272727273
