Constant_feature	Degree	Clustering_coefficient	Pagerank	Aver_path_len
1.0	1.0	0.0	0.023985569576908165	4.25
1.0	2.0	0.0	0.04815565885609151	4.95
1.0	1.0	0.0	0.02364370812955812	3.9
1.0	3.0	0.0	0.06293799080997403	2.95
1.0	3.0	0.0	0.06408023211722608	3.3
1.0	1.0	0.0	0.02397136874462736	4.2
1.0	3.0	0.0	0.061422541395636035	3.0
1.0	3.0	0.0	0.06173680907071058	3.35
1.0	3.0	0.0	0.06157068253727534	2.9
1.0	3.0	0.0	0.06403019052860542	3.25
1.0	3.0	0.0	0.062390323618155066	3.35
1.0	2.0	0.0	0.042793301098731654	3.55
1.0	2.0	0.0	0.04294507188787461	3.9
1.0	3.0	0.0	0.06535145910636952	4.1
1.0	2.0	0.0	0.04369182278280152	4.45
1.0	2.0	0.0	0.04350939295560073	4.1
1.0	2.0	0.0	0.04350939295560073	4.1
1.0	2.0	0.0	0.04451013641484454	4.85
1.0	2.0	0.0	0.04451013641484454	4.85
1.0	2.0	0.0	0.04482186029930747	5.6
1.0	1.0	0.0	0.02643235069925652	5.9
