Constant_feature	Degree	Clustering_coefficient	Pagerank	Aver_path_len
1.0	2.0	1.0	0.020888553682564877	4.324324324324325
1.0	1.0	0.0	0.012509160986285342	4.945945945945946
1.0	2.0	0.0	0.025875830005140613	5.486486486486487
1.0	2.0	0.0	0.025875830005140613	5.486486486486487
1.0	1.0	0.0	0.012768098558210596	5.4324324324324325
1.0	1.0	0.0	0.01269113766290977	5.54054054054054
1.0	1.0	0.0	0.012786000165432947	6.081081081081081
1.0	2.0	0.0	0.02152123583533471	4.162162162162162
1.0	4.0	0.16666666666666666	0.04076427133891037	4.108108108108108
1.0	4.0	0.16666666666666666	0.04037794440369579	3.5945945945945947
1.0	3.0	0.0	0.033671902494499056	4.702702702702703
1.0	4.0	0.0	0.043899231296290406	3.972972972972973
1.0	3.0	0.0	0.031822902423017815	4.108108108108108
1.0	4.0	0.0	0.0462063329870596	4.5675675675675675
1.0	2.0	0.0	0.02312908928449212	5.135135135135135
1.0	3.0	0.0	0.030988301238174476	3.6486486486486487
1.0	3.0	0.0	0.03114464966136692	3.7027027027027026
1.0	1.0	0.0	0.012732938947470834	5.675675675675675
1.0	2.0	0.0	0.023397648336194662	4.72972972972973
1.0	2.0	0.0	0.02206489653123405	4.1891891891891895
1.0	2.0	0.0	0.022964575007628708	4.864864864864865
1.0	3.0	0.0	0.03176989069070254	3.972972972972973
1.0	3.0	0.0	0.03378698562864488	4.45945945945946
1.0	3.0	0.0	0.03245392862702286	4.513513513513513
1.0	1.0	0.0	0.014275995341598673	6.45945945945946
1.0	1.0	0.0	0.014275995341598673	6.45945945945946
1.0	2.0	0.0	0.024195977045056327	5.486486486486487
1.0	3.0	0.0	0.03353351853395148	4.5675675675675675
1.0	2.0	0.0	0.023970381165301397	5.621621621621622
1.0	3.0	0.0	0.03384638196660083	5.108108108108108
1.0	2.0	0.0	0.024524532242128312	6.1891891891891895
1.0	3.0	0.0	0.03315825817655351	5.162162162162162
1.0	2.0	0.0	0.024453691387178792	6.054054054054054
1.0	3.0	0.0	0.03324245883174867	5.702702702702703
1.0	2.0	0.0	0.023323268219050786	6.027027027027027
1.0	2.0	0.0	0.023350888377475017	6.5675675675675675
1.0	2.0	0.0	0.023873606201739228	6.891891891891892
1.0	2.0	0.0	0.02388371137259342	7.4324324324324325
