Constant_feature	Degree	Clustering_coefficient	Pagerank	Aver_path_len
1.0	1.0	0.0	0.02815821041430803	4.117647058823529
1.0	2.0	0.0	0.048113601103806754	2.9411764705882355
1.0	1.0	0.0	0.028621871104757623	4.588235294117647
1.0	2.0	0.0	0.04814468044624726	2.9411764705882355
1.0	3.0	0.0	0.07112708627888453	2.823529411764706
1.0	3.0	0.0	0.07101002655591228	2.823529411764706
1.0	3.0	0.0	0.0708475856892912	3.0588235294117645
1.0	3.0	0.0	0.07083920288861624	3.0588235294117645
1.0	3.0	0.0	0.07701995068913237	3.6470588235294117
1.0	3.0	0.0	0.0753409142199388	3.176470588235294
1.0	2.0	0.0	0.04975620462317146	3.6470588235294117
1.0	2.0	0.0	0.04992525983771493	3.2941176470588234
1.0	3.0	0.0	0.07648536974398026	4.235294117647059
1.0	3.0	0.0	0.07688645010168679	3.6470588235294117
1.0	2.0	0.0	0.04969582702866845	3.6470588235294117
1.0	2.0	0.0	0.050865051194025145	4.235294117647059
1.0	1.0	0.0	0.028661160271980065	4.588235294117647
1.0	1.0	0.0	0.028501547807877562	5.176470588235294
