Constant_feature	Degree	Clustering_coefficient	Pagerank	Aver_path_len
1.0	2.0	0.0	0.017511120086462682	5.851063829787234
1.0	2.0	0.0	0.017511120086462682	5.851063829787234
1.0	2.0	0.0	0.01765145568690806	6.872340425531915
1.0	2.0	0.0	0.01765145568690806	6.872340425531915
1.0	2.0	0.0	0.018602913533286	8.914893617021276
1.0	2.0	0.0	0.018602913533286	8.914893617021276
1.0	1.0	0.0	0.011836734267963814	8.872340425531915
1.0	1.0	0.0	0.011836734267963814	8.872340425531915
1.0	1.0	0.0	0.01186670840208324	10.23404255319149
1.0	1.0	0.0	0.01186670840208324	10.23404255319149
1.0	1.0	0.0	0.0119868048422676	11.595744680851064
1.0	1.0	0.0	0.0119868048422676	11.595744680851064
1.0	3.0	0.0	0.025699106473209454	5.617021276595745
1.0	3.0	0.0	0.025699106473209454	5.617021276595745
1.0	3.0	0.0	0.026754575577898617	6.0638297872340425
1.0	3.0	0.0	0.026754575577898617	6.0638297872340425
1.0	3.0	0.0	0.02572674897211928	6.0212765957446805
1.0	3.0	0.0	0.02572674897211928	6.0212765957446805
1.0	2.0	0.0	0.017827274219725568	6.297872340425532
1.0	2.0	0.0	0.017827274219725568	6.297872340425532
1.0	3.0	0.0	0.02580338128152975	6.361702127659575
1.0	3.0	0.0	0.02580338128152975	6.361702127659575
1.0	2.0	0.0	0.019862715971800067	6.957446808510638
1.0	2.0	0.0	0.019862715971800067	6.957446808510638
1.0	3.0	0.0	0.02694803366573116	7.425531914893617
1.0	3.0	0.0	0.02694803366573116	7.425531914893617
1.0	3.0	0.0	0.026090136987542735	7.319148936170213
1.0	3.0	0.0	0.026090136987542735	7.319148936170213
1.0	2.0	0.0	0.01790829779717517	6.9787234042553195
1.0	2.0	0.0	0.01790829779717517	6.9787234042553195
1.0	2.0	0.0	0.019950718452335054	8.319148936170214
1.0	2.0	0.0	0.019950718452335054	8.319148936170214
1.0	3.0	0.0	0.026598597840179754	8.0
1.0	3.0	0.0	0.026598597840179754	8.0
1.0	3.0	0.0	0.02772381565385016	8.787234042553191
1.0	3.0	0.0	0.02772381565385016	8.787234042553191
1.0	2.0	0.0	0.021676303374674605	7.8936170212765955
1.0	2.0	0.0	0.021676303374674605	7.8936170212765955
1.0	2.0	0.0	0.020303483587640114	9.680851063829786
1.0	2.0	0.0	0.020303483587640114	9.680851063829786
1.0	2.0	0.0	0.02174296554320224	9.25531914893617
1.0	2.0	0.0	0.02174296554320224	9.25531914893617
1.0	2.0	0.0	0.018939912264754204	9.702127659574469
1.0	2.0	0.0	0.018939912264754204	9.702127659574469
1.0	2.0	0.0	0.018978128460861127	9.76595744680851
1.0	2.0	0.0	0.018978128460861127	9.76595744680851
1.0	2.0	0.0	0.022010067056799438	10.617021276595745
1.0	2.0	0.0	0.022010067056799438	10.617021276595745
