Constant_feature	Degree	Clustering_coefficient	Pagerank	Aver_path_len
1.0	0.0	0.0	0.0	0.0
1.0	1.0	0.0	0.009805996318334235	4.583333333333333
1.0	1.0	0.0	0.009805996318334235	4.583333333333333
1.0	1.0	0.0	0.009805996318334235	4.583333333333333
1.0	1.0	0.0	0.009805996318334235	4.583333333333333
1.0	2.0	0.0	0.017459750784135107	3.4583333333333335
1.0	2.0	0.0	0.017459750784135107	3.4583333333333335
1.0	3.0	0.0	0.025158388948388018	3.0
1.0	3.0	0.0	0.025158388948388018	3.0
1.0	3.0	0.0	0.025159928159042694	3.125
1.0	3.0	0.0	0.025159928159042694	3.125
1.0	3.0	0.0	0.026019519622072936	3.625
1.0	3.0	0.0	0.026019519622072936	3.625
1.0	3.0	0.0	0.026370402326249386	4.0
1.0	3.0	0.0	0.026370402326249386	4.0
1.0	3.0	0.0	0.025849222532890175	3.5416666666666665
1.0	3.0	0.0	0.025849222532890175	3.5416666666666665
1.0	3.0	0.0	0.025488560110656186	4.083333333333333
1.0	3.0	0.0	0.025488560110656186	4.083333333333333
1.0	3.0	0.0	0.026019519622072933	3.625
1.0	3.0	0.0	0.026019519622072933	3.625
1.0	3.0	0.0	0.025488560110656193	4.083333333333333
1.0	3.0	0.0	0.025488560110656193	4.083333333333333
1.0	2.0	0.0	0.01835062575491349	4.791666666666667
1.0	2.0	0.0	0.01835062575491349	4.791666666666667
1.0	2.0	0.0	0.01835062575491349	4.791666666666667
1.0	2.0	0.0	0.01835062575491349	4.791666666666667
1.0	2.0	0.0	0.018111525970841647	4.333333333333333
1.0	2.0	0.0	0.018111525970841647	4.333333333333333
1.0	2.0	0.0	0.018111525970841647	4.333333333333333
1.0	2.0	0.0	0.018111525970841647	4.333333333333333
1.0	2.0	0.0	0.01785781109311392	4.875
1.0	2.0	0.0	0.01785781109311392	4.875
1.0	2.0	0.0	0.017857811093113914	4.875
1.0	2.0	0.0	0.017857811093113914	4.875
1.0	2.0	0.0	0.018247325396252265	5.666666666666667
1.0	2.0	0.0	0.018247325396252265	5.666666666666667
1.0	2.0	0.0	0.01824732539625227	5.666666666666667
1.0	2.0	0.0	0.01824732539625227	5.666666666666667
1.0	2.0	0.0	0.018751181203080655	5.583333333333333
1.0	2.0	0.0	0.018751181203080655	5.583333333333333
1.0	2.0	0.0	0.018751181203080655	5.583333333333333
1.0	2.0	0.0	0.018751181203080655	5.583333333333333
1.0	2.0	0.0	0.018572592425475813	5.125
1.0	2.0	0.0	0.018572592425475813	5.125
1.0	2.0	0.0	0.018572592425475813	5.125
1.0	2.0	0.0	0.018572592425475813	5.125
1.0	2.0	0.0	0.018877620986305223	6.375
1.0	2.0	0.0	0.018877620986305223	6.375
1.0	2.0	0.0	0.018714410473507068	5.916666666666667
1.0	2.0	0.0	0.018714410473507068	5.916666666666667
