Constant_feature	Degree	Clustering_coefficient	Pagerank	Aver_path_len
1.0	1.0	0.0	0.02010525759797415	7.24
1.0	1.0	0.0	0.018759456403581988	4.36
1.0	3.0	0.0	0.04775126042465958	3.24
1.0	3.0	0.0	0.04885364850507861	3.64
1.0	2.0	0.0	0.03346754441672793	3.96
1.0	2.0	0.0	0.033563319061646744	4.12
1.0	1.0	0.0	0.020840242261396812	5.92
1.0	3.0	0.0	0.04824613867322145	3.44
1.0	3.0	0.0	0.05060755944501911	3.96
1.0	3.0	0.0	0.04839474421613375	3.72
1.0	3.0	0.0	0.050540886742377805	4.08
1.0	3.0	0.0	0.049638437184786006	4.0
1.0	3.0	0.0	0.04971217510151641	3.4
1.0	1.0	0.0	0.019028560354385306	4.92
1.0	3.0	0.0	0.049971888242096134	4.12
1.0	2.0	0.0	0.03479956458870274	4.8
1.0	2.0	0.0	0.03479956458870274	4.8
1.0	2.0	0.0	0.037764651121304574	4.96
1.0	2.0	0.0	0.03569113141036498	5.6
1.0	2.0	0.0	0.03569113141036498	5.6
1.0	2.0	0.0	0.03496452713666881	4.84
1.0	2.0	0.0	0.03496452713666881	4.84
1.0	2.0	0.0	0.03596912102895744	6.4
1.0	2.0	0.0	0.035839872013376545	5.56
1.0	2.0	0.0	0.035839872013376545	5.56
1.0	3.0	0.0	0.054194918920910086	6.28
