Constant_feature	Degree	Clustering_coefficient	Pagerank	Aver_path_len
1.0	1.0	0.0	0.020098898775935382	7.92
1.0	2.0	0.0	0.03299489908101566	4.04
1.0	1.0	0.0	0.018969809665406512	4.88
1.0	3.0	0.0	0.05137818980556322	4.36
1.0	3.0	0.0	0.049459621374418485	4.16
1.0	2.0	0.0	0.033455490412708976	4.32
1.0	2.0	0.0	0.03352852706234403	4.6
1.0	3.0	0.0	0.051200598022354216	4.12
1.0	3.0	0.0	0.048851293064227926	3.68
1.0	3.0	0.0	0.05041274716102398	3.92
1.0	3.0	0.0	0.0502564204896777	4.72
1.0	1.0	0.0	0.019259451502294044	5.32
1.0	1.0	0.0	0.019206381747223777	5.08
1.0	3.0	0.0	0.048404432870852776	3.76
1.0	2.0	0.0	0.035079082924993586	5.52
1.0	2.0	0.0	0.035079082924993586	5.52
1.0	3.0	0.0	0.048759600854440845	4.32
1.0	2.0	0.0	0.0359042902510077	6.32
1.0	2.0	0.0	0.0359042902510077	6.32
1.0	3.0	0.0	0.049922535500897605	4.8
1.0	2.0	0.0	0.036158983898089775	7.12
1.0	2.0	0.0	0.03494493948615824	5.52
1.0	2.0	0.0	0.03494493948615824	5.52
1.0	2.0	0.0	0.0358233447347521	6.24
1.0	2.0	0.0	0.0358233447347521	6.24
1.0	3.0	0.0	0.05417880391770187	6.96
