Constant_feature	Degree	Clustering_coefficient	Pagerank	Aver_path_len
1.0	1.0	0.0	0.026158493034021922	4.578947368421052
1.0	3.0	0.0	0.06862565187291528	3.9473684210526314
1.0	2.0	0.0	0.04755081925477045	3.526315789473684
1.0	2.0	0.0	0.047537445180514795	3.526315789473684
1.0	2.0	0.0	0.047047032215360364	4.684210526315789
1.0	2.0	0.0	0.04778611738370782	5.315789473684211
1.0	2.0	0.0	0.04835990864210839	6.0
1.0	2.0	0.0	0.04835990864210839	6.0
1.0	2.0	0.0	0.047995565902890606	5.315789473684211
1.0	2.0	0.0	0.047995565902890606	5.315789473684211
1.0	2.0	0.0	0.047185428679899236	4.631578947368421
1.0	2.0	0.0	0.047185428679899236	4.631578947368421
1.0	3.0	0.0	0.07052734049468731	3.6315789473684212
1.0	3.0	0.0	0.07046840695317419	3.6315789473684212
1.0	3.0	0.0	0.0684964084481399	3.9473684210526314
1.0	1.0	0.0	0.026139962324460732	4.578947368421052
1.0	3.0	0.0	0.07062198173142142	4.578947368421052
1.0	1.0	0.0	0.026185934948725655	5.526315789473684
1.0	2.0	0.0	0.047770693609935674	5.421052631578948
1.0	2.0	0.0	0.04800190609836786	6.052631578947368
