Constant_feature	Degree	Clustering_coefficient	Pagerank	Aver_path_len
1.0	1.0	0.0	0.016027036545080326	5.033333333333333
1.0	1.0	0.0	0.016090344302745797	5.233333333333333
1.0	1.0	0.0	0.016334192568418282	5.1
1.0	1.0	0.0	0.01859911666446297	7.3
1.0	3.0	0.0	0.04155996577074338	4.166666666666667
1.0	2.0	0.0	0.029367587991600986	4.566666666666666
1.0	2.0	0.0	0.03047349118782938	4.733333333333333
1.0	2.0	0.0	0.03231190260925956	5.5
1.0	1.0	0.0	0.01859911666446297	7.3
1.0	3.0	0.0	0.04184234460483557	3.8333333333333335
1.0	3.0	0.0	0.04267136581857049	4.066666666666666
1.0	3.0	0.0	0.04235591798029212	4.033333333333333
1.0	3.0	0.0	0.04288251966564827	4.266666666666667
1.0	3.0	0.0	0.0422292769031537	4.666666666666667
1.0	3.0	0.0	0.043695359560248476	4.133333333333334
1.0	2.0	0.0	0.029491773467900714	5.366666666666666
1.0	3.0	0.0	0.04532687734237081	6.066666666666666
1.0	2.0	0.0	0.029473401083578495	5.433333333333334
1.0	3.0	0.0	0.045624317227838176	6.833333333333333
1.0	3.0	0.0	0.04344624904376971	5.066666666666666
1.0	2.0	0.0	0.0301770675313045	6.133333333333334
1.0	2.0	0.0	0.03000440073299006	5.766666666666667
1.0	3.0	0.0	0.04581925552963383	6.466666666666667
1.0	1.0	0.0	0.016823382093370552	7.033333333333333
1.0	3.0	0.0	0.046052849788394384	7.233333333333333
1.0	2.0	0.0	0.030003618425721267	5.833333333333333
1.0	1.0	0.0	0.01691359732349755	7.8
1.0	2.0	0.0	0.030544407681496154	6.533333333333333
1.0	1.0	0.0	0.016971005309807358	7.433333333333334
1.0	1.0	0.0	0.01704224958945624	8.2
1.0	3.0	0.0	0.0512460089915175	6.333333333333333
