Constant_feature	Degree	Clustering_coefficient	Pagerank	Aver_path_len
1.0	1.0	0.0	0.01532331880377096	5.354838709677419
1.0	1.0	0.0	0.015323318803770962	5.354838709677419
1.0	1.0	0.0	0.015818106912285905	6.516129032258065
1.0	1.0	0.0	0.015818106912285905	6.516129032258065
1.0	1.0	0.0	0.019031654090871868	9.806451612903226
1.0	1.0	0.0	0.01903165409087187	9.806451612903226
1.0	2.0	0.0	0.028726260153782907	4.967741935483871
1.0	2.0	0.0	0.028726260153782913	4.967741935483871
1.0	2.0	0.0	0.032244417185795064	7.096774193548387
1.0	2.0	0.0	0.032244417185795064	7.096774193548387
1.0	3.0	0.0	0.039126882025449186	4.0
1.0	3.0	0.0	0.039126882025449186	4.0
1.0	3.0	0.0	0.04021787455779353	4.387096774193548
1.0	3.0	0.0	0.04021787455779353	4.387096774193548
1.0	3.0	0.0	0.04002343870931181	4.774193548387097
1.0	3.0	0.0	0.04002343870931181	4.774193548387097
1.0	3.0	0.0	0.04066095650897535	4.387096774193548
1.0	3.0	0.0	0.04066095650897535	4.387096774193548
1.0	2.0	0.0	0.027619079435828628	4.774193548387097
1.0	2.0	0.0	0.02761907943582863	4.774193548387097
1.0	2.0	0.0	0.03007775175380744	5.612903225806452
1.0	2.0	0.0	0.03007775175380744	5.612903225806452
1.0	3.0	0.0	0.04231036041915068	5.548387096774194
1.0	3.0	0.0	0.04231036041915068	5.548387096774194
1.0	2.0	0.0	0.031171788639762072	6.32258064516129
1.0	2.0	0.0	0.03117178863976208	6.32258064516129
1.0	2.0	0.0	0.028760174028558433	6.32258064516129
1.0	2.0	0.0	0.028760174028558433	6.32258064516129
1.0	2.0	0.0	0.033542745133174665	7.935483870967742
1.0	2.0	0.0	0.03354274513317468	7.935483870967742
1.0	2.0	0.0	0.03534519164168144	8.838709677419354
1.0	2.0	0.0	0.03534519164168144	8.838709677419354
