Constant_feature	Degree	Clustering_coefficient	Pagerank	Aver_path_len
1.0	2.0	0.0	0.033257889734126196	7.037037037037037
1.0	2.0	0.0	0.03383287640021433	4.333333333333333
1.0	2.0	0.0	0.03652544468256113	6.333333333333333
1.0	2.0	0.0	0.036598977391163384	6.777777777777778
1.0	1.0	0.0	0.019881346532725056	6.703703703703703
1.0	1.0	0.0	0.019881346532725056	6.703703703703703
1.0	1.0	0.0	0.018884648442246254	5.37037037037037
1.0	1.0	0.0	0.019701095402383777	6.62962962962963
1.0	1.0	0.0	0.019701095402383777	6.62962962962963
1.0	2.0	0.0	0.03389286400091364	4.62962962962963
1.0	3.0	0.0	0.053763590926989846	5.666666666666667
1.0	3.0	0.0	0.05002819405245942	4.925925925925926
1.0	2.0	0.0	0.033099066359052444	5.518518518518518
1.0	3.0	0.0	0.0483983907466854	6.185185185185185
1.0	3.0	0.0	0.048073914380862184	4.407407407407407
1.0	2.0	0.0	0.03321938638096031	4.333333333333333
1.0	3.0	0.0	0.04910650428751006	4.851851851851852
1.0	3.0	0.0	0.05436557433337098	5.7407407407407405
1.0	2.0	0.0	0.03294101726598149	4.925925925925926
1.0	2.0	0.0	0.0332578897341262	7.037037037037037
1.0	3.0	0.0	0.05104532081899735	4.407407407407407
1.0	3.0	0.0	0.049820906010933405	5.444444444444445
1.0	3.0	0.0	0.049971117636023764	5.888888888888889
1.0	2.0	0.0	0.03329354045602985	5.37037037037037
1.0	2.0	0.0	0.03370457434350873	7.888888888888889
1.0	2.0	0.0	0.03370457434350873	7.888888888888889
1.0	1.0	0.0	0.020007281920054812	7.296296296296297
1.0	1.0	0.0	0.02004157148150211	7.7407407407407405
