Constant_feature	Degree	Clustering_coefficient	Pagerank	Aver_path_len
1.0	1.0	0.0	0.0380300462201333	3.230769230769231
1.0	1.0	0.0	0.037879392966887054	3.1538461538461537
1.0	1.0	0.0	0.042048348554424304	4.384615384615385
1.0	3.0	0.0	0.10295936248454066	2.3076923076923075
1.0	3.0	0.0	0.10245607531498378	2.230769230769231
1.0	2.0	0.0	0.07756812424531959	3.4615384615384617
1.0	4.0	0.0	0.1365409365193821	2.1538461538461537
1.0	4.0	0.0	0.13718236621251237	2.3076923076923075
1.0	3.0	0.0	0.10118314583501614	2.076923076923077
1.0	1.0	0.0	0.037865032126104446	3.076923076923077
1.0	1.0	0.0	0.037865032126104446	3.076923076923077
1.0	1.0	0.0	0.038009478939065026	3.230769230769231
1.0	1.0	0.0	0.038009478939065026	3.230769230769231
1.0	2.0	0.0	0.07240317951646151	2.6923076923076925
