Constant_feature	Degree	Clustering_coefficient	Pagerank	Aver_path_len
1.0	2.0	0.0	0.045922547015586936	3.6666666666666665
1.0	2.0	0.0	0.04576419775146789	3.3333333333333335
1.0	3.0	0.0	0.06339124479617894	2.7777777777777777
1.0	1.0	0.0	0.027944518397477282	4.555555555555555
1.0	3.0	0.0	0.06494932491601374	3.111111111111111
1.0	3.0	0.0	0.06442089354793534	2.7777777777777777
1.0	2.0	0.0	0.04376486573511631	3.0555555555555554
1.0	3.0	0.0	0.06359665839737419	2.5555555555555554
1.0	4.0	0.0	0.09411197026634495	3.8333333333333335
1.0	3.0	0.0	0.06451388818704115	3.0
1.0	3.0	0.0	0.06663295675333683	2.7777777777777777
1.0	3.0	0.0	0.0653663089133216	3.0555555555555554
1.0	1.0	0.0	0.02643795028930928	4.777777777777778
1.0	1.0	0.0	0.02643795028930928	4.777777777777778
1.0	2.0	0.0	0.04583288648733756	3.7222222222222223
1.0	2.0	0.0	0.04612839206799438	3.7777777777777777
1.0	2.0	0.0	0.050403662914581024	3.611111111111111
1.0	2.0	0.0	0.04714315821454257	4.444444444444445
1.0	2.0	0.0	0.04723662505973041	4.5
