Constant_feature	Degree	Clustering_coefficient	Pagerank	Aver_path_len
1.0	1.0	0.0	0.012179708727543832	6.275
1.0	1.0	0.0	0.012251920292915972	6.8
1.0	2.0	0.0	0.024565019543335342	6.9
1.0	1.0	0.0	0.012218188945929909	6.15
1.0	1.0	0.0	0.012246390640619626	6.125
1.0	2.0	0.0	0.02459380682477499	6.775
1.0	1.0	0.0	0.013455052419559271	7.225
1.0	1.0	0.0	0.01407657182204573	8.1
1.0	3.0	0.0	0.029727390627880948	4.0
1.0	3.0	0.0	0.03103790911940709	4.875
1.0	2.0	0.0	0.02340631003476966	5.475
1.0	1.0	0.0	0.012982240860878572	6.325
1.0	3.0	0.0	0.02947094792327396	3.975
1.0	3.0	0.0	0.0296774520682334	4.2
1.0	3.0	0.0	0.03039981796012138	4.65
1.0	3.0	0.0	0.0310209305552034	4.425
1.0	3.0	0.0	0.030472957676248157	4.075
1.0	2.0	0.0	0.020465606120644256	4.4
1.0	2.0	0.0	0.020763676890958316	5.075
1.0	3.0	0.0	0.03028765611819781	4.625
1.0	3.0	0.0	0.030681734355938465	5.15
1.0	3.0	0.0	0.0305451823776303	4.5
1.0	3.0	0.0	0.030620426513114706	4.475
1.0	1.0	0.0	0.011750234540875776	5.85
1.0	2.0	0.0	0.02211254321161139	4.75
1.0	3.0	0.0	0.03246907764523511	5.3
1.0	2.0	0.0	0.023428807137023246	5.35
1.0	3.0	0.0	0.03270949549508883	5.825
1.0	3.0	0.0	0.0325991870897299	5.175
1.0	3.0	0.0	0.03268932145666163	5.15
1.0	3.0	0.0	0.03327310663492988	5.975
1.0	3.0	0.0	0.033464491254130826	6.5
1.0	3.0	0.0	0.03348037995709827	5.825
1.0	3.0	0.0	0.03332827061304934	5.85
1.0	1.0	0.0	0.012478283522553393	7.475
1.0	1.0	0.0	0.012482531755143036	6.8
1.0	3.0	0.0	0.03671747290794098	6.25
1.0	3.0	0.0	0.03879456467987231	7.125
1.0	1.0	0.0	0.013493163165320461	7.875
1.0	1.0	0.0	0.013505598692464194	7.75
1.0	1.0	0.0	0.01407657182204573	8.1
