Constant_feature	Degree	Clustering_coefficient	Pagerank	Aver_path_len
1.0	2.0	0.0	0.03745207030783109	3.9130434782608696
1.0	1.0	0.0	0.021141455622402813	4.826086956521739
1.0	1.0	0.0	0.021460954205325934	5.391304347826087
1.0	1.0	0.0	0.023155844407262653	6.260869565217392
1.0	1.0	0.0	0.02278692077027949	5.739130434782608
1.0	1.0	0.0	0.023763973226226535	5.913043478260869
1.0	3.0	0.0	0.052178184010752304	3.0434782608695654
1.0	2.0	0.0	0.03684670995879498	3.9565217391304346
1.0	2.0	0.0	0.03787534146253138	4.695652173913044
1.0	2.0	0.0	0.04137663924821999	4.782608695652174
1.0	1.0	0.0	0.02216274673993221	5.043478260869565
1.0	2.0	0.0	0.043551009988354074	4.956521739130435
1.0	3.0	0.0	0.053648609740469214	3.3043478260869565
1.0	3.0	0.0	0.056582863548268546	3.869565217391304
1.0	3.0	0.0	0.05764700477587269	4.434782608695652
1.0	3.0	0.0	0.05730372783781261	4.434782608695652
1.0	2.0	0.0	0.04219748620307785	5.304347826086956
1.0	3.0	0.0	0.052247790470946756	3.1739130434782608
1.0	2.0	0.0	0.03609532443797556	3.347826086956522
1.0	3.0	0.0	0.052818247286711334	3.3043478260869565
1.0	3.0	0.0	0.05425182935473054	3.391304347826087
1.0	3.0	0.0	0.05567751477913421	3.9130434782608696
1.0	3.0	0.0	0.05998493943960659	4.086956521739131
1.0	2.0	0.0	0.03779281217748036	4.565217391304348
