Constant_feature	Degree	Clustering_coefficient	Pagerank	Aver_path_len
1.0	1.0	0.0	0.01556562810371073	4.9
1.0	1.0	0.0	0.016269759013896132	5.7
1.0	2.0	0.0	0.033724216263460075	5.633333333333334
1.0	1.0	0.0	0.01716258904134643	5.7
1.0	3.0	0.0	0.03920440613469645	3.466666666666667
1.0	3.0	0.0	0.03910924095500015	3.433333333333333
1.0	3.0	0.0	0.039059943511311354	3.433333333333333
1.0	3.0	0.0	0.039395016974223124	3.466666666666667
1.0	3.0	0.0	0.039433015649931596	3.566666666666667
1.0	3.0	0.0	0.04115520181291516	3.933333333333333
1.0	2.0	0.0	0.02762611953819083	4.033333333333333
1.0	3.0	0.0	0.04113262763221621	3.933333333333333
1.0	3.0	0.0	0.04060567568025145	4.433333333333334
1.0	3.0	0.0	0.042025420535750015	3.966666666666667
1.0	3.0	0.0	0.040599601299550155	4.433333333333334
1.0	2.0	0.0	0.02805814214463248	4.333333333333333
1.0	3.0	0.0	0.042126425651383095	4.666666666666667
1.0	3.0	0.0	0.04347793124797275	4.733333333333333
1.0	2.0	0.0	0.028896413326938288	4.833333333333333
1.0	2.0	0.0	0.028562797435999827	5.266666666666667
1.0	2.0	0.0	0.02856081151425153	5.266666666666667
1.0	1.0	0.0	0.015572466477906803	4.9
1.0	3.0	0.0	0.04645373231291981	4.733333333333333
1.0	2.0	0.0	0.0292342262402219	6.1
1.0	2.0	0.0	0.029233488986354476	6.1
1.0	2.0	0.0	0.029412172105986553	5.5
1.0	2.0	0.0	0.029412172105986553	5.5
1.0	2.0	0.0	0.03010424955903776	6.333333333333333
1.0	2.0	0.0	0.03010424955903776	6.333333333333333
1.0	2.0	0.0	0.03032126349351673	7.166666666666667
1.0	1.0	0.0	0.018400995691403483	6.6
