Constant_feature	Degree	Clustering_coefficient	Pagerank	Aver_path_len
1.0	2.0	0.0	0.044906085486174925	3.0
1.0	2.0	0.0	0.044906085486174925	3.0
1.0	2.0	0.0	0.05297077700701985	4.421052631578948
1.0	2.0	0.0	0.05297077700701985	4.421052631578948
1.0	1.0	0.0	0.027017615834552297	4.526315789473684
1.0	1.0	0.0	0.027017615834552297	4.526315789473684
1.0	4.0	0.0	0.08740517229121877	2.8421052631578947
1.0	3.0	0.0	0.0674645433579688	2.9473684210526314
1.0	3.0	0.0	0.06746454335796878	2.9473684210526314
1.0	3.0	0.0	0.06597168519264476	3.263157894736842
1.0	1.0	0.0	0.024666612757052633	3.789473684210526
1.0	3.0	0.0	0.07339246313525738	3.5789473684210527
1.0	3.0	0.0	0.07339246313525738	3.5789473684210527
1.0	2.0	0.0	0.04589269101904039	4.0
1.0	2.0	0.0	0.04589269101904039	4.0
1.0	2.0	0.0	0.046895175672659495	4.7368421052631575
1.0	2.0	0.0	0.046895175672659495	4.7368421052631575
1.0	2.0	0.0	0.04720383289825158	5.473684210526316
1.0	1.0	0.0	0.028836996917742913	5.368421052631579
1.0	1.0	0.0	0.028836996917742913	5.368421052631579
