Constant_feature	Degree	Clustering_coefficient	Pagerank	Aver_path_len
1.0	2.0	0.0	0.034970862705266025	4.96
1.0	1.0	0.0	0.01890431088425904	6.04
1.0	1.0	0.0	0.01890431088425904	6.04
1.0	3.0	0.0	0.05218425170626184	6.4
1.0	3.0	0.0	0.048666902365141436	4.56
1.0	2.0	0.0	0.03595493455996911	7.2
1.0	2.0	0.0	0.03595493455996911	7.2
1.0	2.0	0.0	0.03656762512410336	8.0
1.0	2.0	0.0	0.03656762512410336	8.0
1.0	2.0	0.0	0.036755022613325486	8.8
1.0	2.0	0.0	0.035501940891178044	5.84
1.0	2.0	0.0	0.03556032578935161	5.36
1.0	3.0	0.0	0.05041240238639845	4.64
1.0	3.0	0.0	0.04901391426232716	4.4
1.0	3.0	0.0	0.04911246124728068	5.56
1.0	3.0	0.0	0.04911246124728068	5.56
1.0	3.0	0.0	0.050193595156236344	5.08
1.0	3.0	0.0	0.050193595156236344	5.08
1.0	2.0	0.0	0.03425333744373193	4.56
1.0	2.0	0.0	0.03425333744373193	4.56
1.0	2.0	0.0	0.03396497717040702	4.48
1.0	2.0	0.0	0.03396497717040702	4.48
1.0	2.0	0.0	0.03438761156129337	6.36
1.0	2.0	0.0	0.03438761156129337	6.36
1.0	2.0	0.0	0.03512833549309413	7.16
1.0	2.0	0.0	0.03512833549309413	7.16
