Constant_feature	Degree	Clustering_coefficient	Pagerank	Aver_path_len
1.0	2.0	0.0	0.06719295371314651	6.625
1.0	2.0	0.0	0.06719295371314651	6.625
1.0	1.0	0.0	0.032421028230047284	4.75
1.0	1.0	0.0	0.032421028230047284	4.75
1.0	2.0	0.0	0.05970877131588434	4.125
1.0	2.0	0.0	0.05970877131588434	4.125
1.0	2.0	0.0	0.06197338580201724	5.125
1.0	2.0	0.0	0.06197338580201724	5.125
1.0	2.0	0.0	0.06063837484612799	4.5625
1.0	2.0	0.0	0.06063837484612799	4.5625
1.0	2.0	0.0	0.058959703518918105	3.75
1.0	2.0	0.0	0.06400626009227284	5.8125
1.0	2.0	0.0	0.06400626009227284	5.8125
1.0	3.0	0.0	0.0884606642783095	3.8125
1.0	3.0	0.0	0.0884606642783095	3.8125
1.0	1.0	0.0	0.036118709962735196	7.5625
1.0	1.0	0.0	0.036118709962735196	7.5625
