Constant_feature	Degree	Clustering_coefficient	Pagerank	Aver_path_len
1.0	2.0	0.0	0.02089005948552204	9.119047619047619
1.0	1.0	0.0	0.012061233742189134	9.738095238095237
1.0	1.0	0.0	0.012512880378493307	9.80952380952381
1.0	1.0	0.0	0.012573616657356849	9.976190476190476
1.0	2.0	0.0	0.022078576810891103	15.238095238095237
1.0	1.0	0.0	0.012147632892156451	15.357142857142858
1.0	3.0	0.0	0.030961054102630777	8.880952380952381
1.0	3.0	0.0	0.03092099454699836	9.357142857142858
1.0	2.0	0.0	0.021109193891420793	9.452380952380953
1.0	2.0	0.0	0.021101121351424564	9.69047619047619
1.0	3.0	0.0	0.032451385825198686	8.761904761904763
1.0	2.0	0.0	0.021554289345477498	9.714285714285714
1.0	2.0	0.0	0.022184652899320048	8.738095238095237
1.0	2.0	0.0	0.02211632408461319	10.119047619047619
1.0	2.0	0.0	0.02249565327643915	8.761904761904763
1.0	2.0	0.0	0.022425410413288077	10.571428571428571
1.0	3.0	0.0	0.0339590554674536	8.833333333333334
1.0	2.0	0.0	0.02254965938496932	11.071428571428571
1.0	3.0	0.0	0.034158770427583626	9.0
1.0	2.0	0.0	0.022517345782110273	11.619047619047619
1.0	2.0	0.0	0.022956433346604087	9.261904761904763
1.0	2.0	0.0	0.022320589659116926	12.214285714285714
1.0	2.0	0.0	0.02307237420057686	9.571428571428571
1.0	2.0	0.0	0.021916319324980095	12.857142857142858
1.0	2.0	0.0	0.023148597611487857	9.928571428571429
1.0	3.0	0.0	0.03182120958623133	13.547619047619047
1.0	2.0	0.0	0.023372174116297696	12.428571428571429
1.0	2.0	0.0	0.023450403485493286	13.071428571428571
1.0	2.0	0.0	0.023316473999442654	11.833333333333334
1.0	2.0	0.0	0.02327669124483106	11.285714285714286
1.0	2.0	0.0	0.023576043423311804	13.761904761904763
1.0	2.0	0.0	0.023200467240871055	10.333333333333334
1.0	2.0	0.0	0.023239938677908082	10.785714285714286
1.0	2.0	0.0	0.02376780278888367	14.5
1.0	2.0	0.0	0.02180292570015094	14.404761904761905
1.0	2.0	0.0	0.024079107929263988	15.285714285714286
1.0	3.0	0.0	0.033103093789480995	15.238095238095237
1.0	3.0	0.0	0.03274023748455958	14.380952380952381
1.0	2.0	0.0	0.024566859145609226	16.11904761904762
1.0	2.0	0.0	0.02535295994716058	17.0
1.0	1.0	0.0	0.01225652531408349	16.214285714285715
1.0	2.0	0.0	0.026597596113843124	17.928571428571427
1.0	1.0	0.0	0.014296265104274862	18.904761904761905
