Constant_feature	Degree	Clustering_coefficient	Pagerank	Aver_path_len
1.0	1.0	0.0	0.022955138515987555	4.095238095238095
1.0	1.0	0.0	0.024605450614787507	4.857142857142857
1.0	1.0	0.0	0.023633748321252805	5.428571428571429
1.0	2.0	0.0	0.04640786011969064	4.571428571428571
1.0	4.0	0.0	0.07996022119510734	3.7142857142857144
1.0	3.0	0.0	0.060833735368323615	3.142857142857143
1.0	3.0	0.0	0.061364227746833575	3.142857142857143
1.0	2.0	0.0	0.041122222739155376	3.7142857142857144
1.0	2.0	0.0	0.04129974519000952	3.619047619047619
1.0	3.0	0.0	0.05970091816010568	3.238095238095238
1.0	3.0	0.0	0.06430962588074914	3.4285714285714284
1.0	1.0	0.0	0.022536922447457555	4.666666666666667
1.0	2.0	0.0	0.04159541068619717	4.380952380952381
1.0	3.0	0.0	0.06251297491732452	3.8095238095238093
1.0	1.0	0.0	0.023838751106092782	4.380952380952381
1.0	2.0	0.0	0.042351263352003836	4.9523809523809526
1.0	3.0	0.0	0.06686800060709125	3.9047619047619047
1.0	3.0	0.0	0.06362904816258394	4.476190476190476
1.0	1.0	0.0	0.02329976628756965	4.761904761904762
1.0	2.0	0.0	0.048450684715919234	5.333333333333333
1.0	2.0	0.0	0.051157538371507424	6.190476190476191
1.0	1.0	0.0	0.027566745494249617	7.142857142857143
