Constant_feature	Degree	Clustering_coefficient	Pagerank	Aver_path_len
1.0	1.0	0.0	0.010923372076141516	16.425531914893618
1.0	1.0	0.0	0.01103878645764575	17.27659574468085
1.0	2.0	0.0	0.02064439952289313	10.0
1.0	2.0	0.0	0.020640636952156087	9.872340425531915
1.0	2.0	0.0	0.020663138659633935	10.170212765957446
1.0	2.0	0.0	0.02065204934298346	10.97872340425532
1.0	2.0	0.0	0.020659942537220893	9.829787234042554
1.0	3.0	0.0	0.030871955541228457	9.872340425531915
1.0	2.0	0.0	0.02067541573470441	11.361702127659575
1.0	3.0	0.0	0.030878738895482746	10.638297872340425
1.0	2.0	0.0	0.020618468623431033	10.595744680851064
1.0	3.0	0.0	0.030864579874003158	9.957446808510639
1.0	2.0	0.0	0.02064629709824923	10.340425531914894
1.0	2.0	0.0	0.020709306642290537	12.808510638297872
1.0	2.0	0.0	0.020642910154250536	9.829787234042554
1.0	2.0	0.0	0.020646479982479798	10.382978723404255
1.0	3.0	0.0	0.030926129297779166	12.25531914893617
1.0	3.0	0.0	0.030811704389819998	10.893617021276595
1.0	2.0	0.0	0.020634421704929268	10.127659574468085
1.0	2.0	0.0	0.02077085687693938	13.404255319148936
1.0	2.0	0.0	0.020666312048017194	11.787234042553191
1.0	2.0	0.0	0.020539694201773102	11.702127659574469
1.0	2.0	0.0	0.02044514239930542	12.170212765957446
1.0	2.0	0.0	0.02057039331259205	11.27659574468085
1.0	2.0	0.0	0.02082134856113887	14.042553191489361
1.0	1.0	0.0	0.011345441908882925	10.851063829787234
1.0	3.0	0.0	0.031299454423410096	14.72340425531915
1.0	1.0	0.0	0.011347522368469594	11.617021276595745
1.0	1.0	0.0	0.011343168706788472	10.936170212765957
1.0	2.0	0.0	0.021160088049548005	15.48936170212766
1.0	3.0	0.0	0.030394577721518608	12.680851063829786
1.0	1.0	0.0	0.011361785073503328	13.23404255319149
1.0	1.0	0.0	0.011327215625290236	11.872340425531915
1.0	2.0	0.0	0.021523528625730287	16.29787234042553
1.0	2.0	0.0	0.020066527951326883	13.27659574468085
1.0	1.0	0.0	0.011473826992351662	15.702127659574469
1.0	2.0	0.0	0.019698573855680072	13.914893617021276
1.0	1.0	0.0	0.011201964712003607	13.659574468085106
1.0	2.0	0.0	0.02204333257706441	17.148936170212767
1.0	3.0	0.0	0.028619050937552883	14.595744680851064
1.0	3.0	0.0	0.03424351571000023	18.04255319148936
1.0	3.0	0.0	0.029466227332148417	15.446808510638299
1.0	2.0	0.0	0.019624320426630103	15.446808510638299
1.0	1.0	0.0	0.012357071519868066	19.02127659574468
1.0	1.0	0.0	0.012357071519868066	19.02127659574468
1.0	3.0	0.0	0.029852059907745754	16.29787234042553
1.0	2.0	0.0	0.01992591214360235	16.29787234042553
1.0	2.0	0.0	0.020005281023926715	17.148936170212767
