Constant_feature	Degree	Clustering_coefficient	Pagerank	Aver_path_len
1.0	1.0	0.0	0.026331694046303186	6.421052631578948
1.0	1.0	0.0	0.024939310450927232	4.157894736842105
1.0	2.0	0.0	0.04553887933027555	4.0
1.0	2.0	0.0	0.04500907674348304	4.2105263157894735
1.0	2.0	0.0	0.04507691286204114	3.6315789473684212
1.0	3.0	0.0	0.06505512178149671	3.9473684210526314
1.0	3.0	0.0	0.06528277210101192	3.0526315789473686
1.0	3.0	0.0	0.06478018427394007	3.473684210526316
1.0	3.0	0.0	0.06646344944145882	3.210526315789474
1.0	2.0	0.0	0.04526087323501815	4.684210526315789
1.0	2.0	0.0	0.04457373103729996	3.263157894736842
1.0	2.0	0.0	0.04516440917158701	4.2105263157894735
1.0	2.0	0.0	0.04609779105454284	5.421052631578948
1.0	3.0	0.0	0.06663270442008701	3.5789473684210527
1.0	2.0	0.0	0.04606839733291923	4.947368421052632
1.0	2.0	0.0	0.04619196629276558	4.2105263157894735
1.0	2.0	0.0	0.04619196629276558	4.2105263157894735
1.0	2.0	0.0	0.04711872532182979	4.842105263157895
1.0	2.0	0.0	0.04711872532182979	4.842105263157895
1.0	3.0	0.0	0.07110330948841709	5.473684210526316
