Constant_feature	Degree	Clustering_coefficient	Pagerank	Aver_path_len
1.0	0.0	0.0	0.0	0.0
1.0	1.0	0.0	0.01666518605612636	4.6521739130434785
1.0	3.0	0.0	0.05364903785127505	1.5
1.0	2.0	0.0	0.029751348739629924	3.6956521739130435
1.0	2.0	0.0	0.03156474108344151	4.130434782608695
1.0	2.0	0.0	0.03141805636492972	3.782608695652174
1.0	2.0	0.0	0.03137931961916535	3.782608695652174
1.0	2.0	0.0	0.03265034725233008	4.6521739130434785
1.0	1.0	0.0	0.018379894506647104	5.869565217391305
1.0	1.0	0.0	0.01833700313915146	5.521739130434782
1.0	1.0	0.0	0.01832547380914569	5.521739130434782
1.0	1.0	0.0	0.018698482962582898	6.391304347826087
1.0	2.0	0.0	0.03735225433570907	2.0
1.0	2.0	0.0	0.03735225433570907	2.0
1.0	2.0	0.0	0.03735225433570907	2.0
1.0	3.0	0.0	0.04395074745983286	3.4347826086956523
1.0	3.0	0.0	0.043602254099916325	3.0869565217391304
1.0	3.0	0.0	0.0447966584592474	3.6956521739130435
1.0	3.0	0.0	0.04351410099489087	3.0869565217391304
1.0	3.0	0.0	0.04361923650361886	3.347826086956522
1.0	1.0	0.0	0.020033550251500283	2.8333333333333335
1.0	1.0	0.0	0.020033550251500283	2.8333333333333335
1.0	1.0	0.0	0.020033550251500283	2.8333333333333335
1.0	2.0	0.0	0.031005037969428197	3.9565217391304346
1.0	3.0	0.0	0.05051486890692424	4.913043478260869
1.0	3.0	0.0	0.05036944021772599	4.565217391304348
1.0	3.0	0.0	0.050333508265493175	4.565217391304348
1.0	1.0	0.0	0.018379894506647104	5.869565217391305
1.0	1.0	0.0	0.01833700313915146	5.521739130434782
1.0	1.0	0.0	0.01832547380914569	5.521739130434782
1.0	3.0	0.0	0.051576987559341314	5.434782608695652
1.0	1.0	0.0	0.018698482962582898	6.391304347826087
