Constant_feature	Degree	Clustering_coefficient	Pagerank	Aver_path_len
1.0	1.0	0.0	0.020775628495118558	7.461538461538462
1.0	1.0	0.0	0.020775628495118558	7.461538461538462
1.0	1.0	0.0	0.020775628495118558	7.461538461538462
1.0	1.0	0.0	0.01828851025758761	5.269230769230769
1.0	2.0	0.0	0.03572809724691729	5.769230769230769
1.0	3.0	0.0	0.047685371125284086	5.923076923076923
1.0	2.0	0.0	0.03158557609675702	4.1923076923076925
1.0	2.0	0.0	0.03330024974351024	6.769230769230769
1.0	2.0	0.0	0.03330024974351024	6.769230769230769
1.0	2.0	0.0	0.03397959092143675	7.615384615384615
1.0	2.0	0.0	0.03397959092143675	7.615384615384615
1.0	3.0	0.0	0.04670582223894996	5.269230769230769
1.0	2.0	0.0	0.03163544023525987	4.846153846153846
1.0	2.0	0.0	0.03213335323502859	5.076923076923077
1.0	3.0	0.0	0.04640152282103758	4.423076923076923
1.0	3.0	0.0	0.04625512142261586	4.230769230769231
1.0	2.0	0.0	0.032040763992162095	4.653846153846154
1.0	3.0	0.0	0.04861494697051585	4.3076923076923075
1.0	3.0	0.0	0.04668211332471808	4.076923076923077
1.0	2.0	0.0	0.03229355001090203	4.269230769230769
1.0	3.0	0.0	0.047446727179638826	4.269230769230769
1.0	2.0	0.0	0.03288969106912746	4.6923076923076925
1.0	2.0	0.0	0.03319229937842996	5.076923076923077
1.0	3.0	0.0	0.049843562336541476	5.115384615384615
1.0	2.0	0.0	0.033901420837552224	5.5
1.0	2.0	0.0	0.03391124951660368	5.923076923076923
1.0	4.0	0.0	0.07587829388912055	6.5
