Constant_feature	Degree	Clustering_coefficient	Pagerank	Aver_path_len
1.0	1.0	0.0	0.01203393663874678	21.574468085106382
1.0	1.0	0.0	0.011369819105522594	12.893617021276595
1.0	2.0	0.0	0.020861377740291058	15.106382978723405
1.0	2.0	0.0	0.020877658128061367	15.659574468085106
1.0	2.0	0.0	0.02085049403236391	14.595744680851064
1.0	2.0	0.0	0.020904993920866415	16.25531914893617
1.0	2.0	0.0	0.020843899250223633	14.127659574468085
1.0	2.0	0.0	0.020946699804441558	16.893617021276597
1.0	2.0	0.0	0.020839559956189146	13.702127659574469
1.0	2.0	0.0	0.02101549265607621	17.574468085106382
1.0	2.0	0.0	0.020836335714835157	13.319148936170214
1.0	2.0	0.0	0.021122547933266022	18.29787234042553
1.0	2.0	0.0	0.020834429454899765	12.97872340425532
1.0	2.0	0.0	0.0212963783254947	19.06382978723404
1.0	2.0	0.0	0.020831762551381895	12.680851063829786
1.0	2.0	0.0	0.021570327016290552	19.872340425531913
1.0	2.0	0.0	0.020830118041512444	12.425531914893616
1.0	2.0	0.0	0.022011043812602098	20.72340425531915
1.0	2.0	0.0	0.020909940766252577	16.127659574468087
1.0	2.0	0.0	0.020956174949962218	16.76595744680851
1.0	2.0	0.0	0.020826054940977636	12.212765957446809
1.0	2.0	0.0	0.02088008556394865	15.53191489361702
1.0	2.0	0.0	0.02082241231979802	12.042553191489361
1.0	2.0	0.0	0.02103078310791926	17.4468085106383
1.0	2.0	0.0	0.020860816575004056	14.97872340425532
1.0	2.0	0.0	0.020814013700000876	11.914893617021276
1.0	2.0	0.0	0.021147786568154477	18.170212765957448
1.0	2.0	0.0	0.02080392697396765	11.829787234042554
1.0	2.0	0.0	0.022710279744021535	21.617021276595743
1.0	2.0	0.0	0.020847924986192645	14.46808510638298
1.0	2.0	0.0	0.020829301561520012	13.574468085106384
1.0	2.0	0.0	0.020818554106483644	13.191489361702128
1.0	2.0	0.0	0.020837553407340142	14.0
1.0	2.0	0.0	0.020784477976427768	11.787234042553191
1.0	2.0	0.0	0.021336508137240973	18.93617021276596
1.0	2.0	0.0	0.020806529669534043	12.851063829787234
1.0	2.0	0.0	0.020786196657040942	12.553191489361701
1.0	2.0	0.0	0.02163487389032904	19.74468085106383
1.0	2.0	0.0	0.023829922222110334	22.5531914893617
1.0	2.0	0.0	0.020757190111631928	11.787234042553191
1.0	3.0	0.0	0.033170679596371905	20.595744680851062
1.0	2.0	0.0	0.020758057648293006	12.297872340425531
1.0	2.0	0.0	0.020709839541940063	11.829787234042554
1.0	3.0	0.0	0.030957400140042356	11.914893617021276
1.0	1.0	0.0	0.01280602952814053	23.53191489361702
1.0	2.0	0.0	0.02071028136293001	12.085106382978724
1.0	2.0	0.0	0.023376255338692347	21.53191489361702
1.0	1.0	0.0	0.012603274824666067	22.51063829787234
