Constant_feature	Degree	Clustering_coefficient	Pagerank	Aver_path_len
1.0	1.0	0.0	0.022776583873156536	7.7727272727272725
1.0	2.0	0.0	0.04360027039865792	5.0
1.0	1.0	0.0	0.024458805602391356	6.545454545454546
1.0	2.0	0.0	0.03833161988623894	4.181818181818182
1.0	1.0	0.0	0.023043795392224727	5.136363636363637
1.0	2.0	0.0	0.040204065162047845	4.045454545454546
1.0	3.0	0.0	0.07018490418908654	6.363636363636363
1.0	2.0	0.0	0.038915758238442705	4.5
1.0	2.0	0.0	0.03868348783043818	4.681818181818182
1.0	3.0	0.0	0.06380321890589627	4.5
1.0	3.0	0.0	0.062321252779011245	4.181818181818182
1.0	1.0	0.0	0.02348929088322309	5.454545454545454
1.0	3.0	0.0	0.05691297983944214	4.7727272727272725
1.0	3.0	0.0	0.05720153858795047	4.0
1.0	3.0	0.0	0.05607919537459412	4.363636363636363
1.0	3.0	0.0	0.06703451017851919	5.590909090909091
1.0	2.0	0.0	0.039713889431841246	5.454545454545454
1.0	2.0	0.0	0.039713889431841246	5.454545454545454
1.0	1.0	0.0	0.025402648093588786	7.318181818181818
1.0	1.0	0.0	0.025402648093588786	7.318181818181818
1.0	2.0	0.0	0.0406473987346697	6.136363636363637
1.0	2.0	0.0	0.0406473987346697	6.136363636363637
1.0	3.0	0.0	0.061430850358479186	6.818181818181818
