Constant_feature	Degree	Clustering_coefficient	Pagerank	Aver_path_len
1.0	2.0	0.0	0.0016264387846793025	7.75
1.0	1.0	0.0	0.0008821264800389253	8.166666666666666
1.0	1.0	0.0	0.0009223700577768764	10.041666666666666
1.0	1.0	0.0	0.0009663207036039752	10.916666666666666
1.0	2.0	0.0	0.0016018413257356389	6.208333333333333
1.0	2.0	0.0	0.001601522393425306	6.166666666666667
1.0	2.0	0.0	0.0016014507641277098	6.333333333333333
1.0	2.0	0.0	0.0016027100737713127	6.208333333333333
1.0	2.0	0.0	0.0016024771856078376	6.541666666666667
1.0	2.0	0.0	0.0016033037165771227	6.333333333333333
1.0	2.0	0.0	0.0016030028856050247	6.833333333333333
1.0	2.0	0.0	0.0016058872303300006	6.541666666666667
1.0	3.0	0.0	0.0024078261674429545	7.208333333333333
1.0	2.0	0.0	0.0016084810897442855	6.833333333333333
1.0	2.0	0.0	0.0016544806753310932	8.375
1.0	3.0	0.0	0.002540570267569893	9.083333333333334
1.0	2.0	0.0	0.001614327181666291	7.208333333333333
1.0	2.0	0.0	0.0017922535055529892	9.958333333333334
1.0	2.0	0.0	0.0016219293396765601	7.666666666666667
1.0	2.0	0.0	0.0016359051153878369	8.208333333333334
1.0	2.0	0.0	0.001656288316752322	8.833333333333334
1.0	2.0	0.0	0.001690812899317265	9.541666666666666
1.0	2.0	0.0	0.0017438197446350218	10.333333333333334
1.0	2.0	0.0	0.0018305187361160563	11.208333333333334
1.0	1.0	0.0	0.0009833353595284013	12.166666666666666
1.0	2.0	1.0	0.001502043679998434	2.25
1.0	1.0	0.0	0.0008897923019976581	3.125
1.0	1.0	0.0	0.0008897923019976581	3.125
1.0	1.0	0.0	0.0008897923019976581	3.125
1.0	1.0	0.0	0.0008897923019976581	3.125
1.0	3.0	0.3333333333333333	0.0022367308917195135	1.875
1.0	3.0	0.3333333333333333	0.0022367308917195135	1.875
1.0	3.0	0.0	0.0024326626642859526	2.25
1.0	3.0	0.0	0.0024326626642859526	2.25
1.0	4.0	0.0	0.0031335082799137035	6.172413793103448
1.0	3.0	0.0	0.00241375902429132	6.862068965517241
1.0	3.0	0.0	0.00241375902429132	6.862068965517241
1.0	2.0	0.0	0.0016943970635416325	7.068965517241379
1.0	3.0	0.0	0.0021739977085518418	5.482758620689655
1.0	1.0	0.0	0.000864243450803066	7.137931034482759
1.0	1.0	0.0	0.000864243450803066	7.137931034482759
1.0	2.0	0.0	0.0014570761760023883	5.0
1.0	2.0	0.0	0.0014570761760023883	5.0
1.0	1.0	0.0	0.0009232740503400431	8.03448275862069
1.0	3.0	0.0	0.002051366594988973	4.0344827586206895
1.0	2.0	0.0	0.0014294664623844815	4.517241379310345
1.0	2.0	0.0	0.0014294664623844815	4.517241379310345
1.0	3.0	0.0	0.00200794360837015	3.7586206896551726
1.0	3.0	0.0	0.0020584086020901966	4.172413793103448
1.0	3.0	0.0	0.0020584086020901966	4.172413793103448
1.0	2.0	0.0	0.001437212249138195	4.793103448275862
1.0	2.0	0.0	0.001437212249138195	4.793103448275862
1.0	2.0	0.0	0.001437212249138195	4.793103448275862
1.0	2.0	0.0	0.001437212249138195	4.793103448275862
1.0	3.0	0.0	0.0022043388456882054	6.0344827586206895
1.0	3.0	0.0	0.0022043388456882054	6.0344827586206895
1.0	2.0	0.0	0.0014697510215335185	5.413793103448276
1.0	2.0	0.0	0.0014697510215335185	5.413793103448276
1.0	2.0	0.0	0.0014697510215335185	5.413793103448276
1.0	2.0	0.0	0.0014697510215335185	5.413793103448276
1.0	1.0	0.0	0.0008832686222718716	7.827586206896552
1.0	1.0	0.0	0.0008832686222718716	7.827586206896552
1.0	1.0	0.0	0.0008832686222718716	7.827586206896552
1.0	1.0	0.0	0.0008832686222718716	7.827586206896552
1.0	2.0	0.0	0.0015907525870188376	2.75
1.0	1.0	0.0	0.0008967596241362076	3.9166666666666665
1.0	3.0	0.0	0.0025758294635866994	3.5833333333333335
1.0	3.0	0.0	0.002220849969397864	2.75
1.0	2.0	0.0	0.0015410709194274657	2.6666666666666665
1.0	2.0	0.0	0.001517653386757644	3.3333333333333335
1.0	2.0	0.0	0.001517653386757644	3.3333333333333335
1.0	3.0	0.0	0.002454040406909201	3.0
1.0	2.0	0.0	0.001538609254948271	3.9166666666666665
1.0	2.0	0.0	0.001538609254948271	3.9166666666666665
1.0	2.0	0.0	0.0015437844848597505	4.5
1.0	1.0	0.0	0.0009321936306260724	4.5
1.0	1.0	0.0	0.0009321936306260724	4.5
1.0	4.0	0.0	0.0032232359448300476	4.3125
1.0	1.0	0.0	0.0008833210263244096	5.25
1.0	1.0	0.0	0.0008833210263244096	5.25
1.0	1.0	0.0	0.0008833210263244096	5.25
1.0	2.0	0.0	0.0015298971280550988	3.375
1.0	2.0	0.0	0.0016474801842718885	4.25
1.0	1.0	0.0	0.0008722528431297679	4.625
1.0	1.0	0.0	0.0009352273411421206	5.875
1.0	1.0	0.0	0.0009352273411421206	5.875
1.0	3.0	0.0	0.002235466884789384	3.75
1.0	2.0	0.0	0.0015066735693275938	3.5625
1.0	2.0	0.0	0.0015066735693275938	3.5625
1.0	3.0	0.0	0.0021986666976620698	3.1875
1.0	2.0	0.0	0.001493717214157818	3.375
1.0	2.0	0.0	0.001493717214157818	3.375
1.0	3.0	0.0	0.0023808820983433334	3.6875
1.0	3.0	0.0	0.0025909188906901165	4.9375
1.0	1.0	0.0	0.0008313766557368165	4.0
1.0	1.0	0.0	0.000842028935847631	4.5
1.0	2.0	0.0	0.0014513488724300532	2.642857142857143
1.0	3.0	0.0	0.0021549651894977127	2.5714285714285716
1.0	3.0	0.0	0.0021523119691109647	2.857142857142857
1.0	3.0	0.0	0.0022365236344923357	3.0714285714285716
1.0	2.0	0.0	0.0014880999127446645	3.0714285714285716
1.0	2.0	0.0	0.0014866205848902705	3.5
1.0	2.0	0.0	0.0014866205848902705	3.5
1.0	3.0	0.0	0.002274828726975429	3.5714285714285716
1.0	2.0	0.0	0.0015178946699430421	3.5714285714285716
1.0	2.0	0.0	0.001524661941954122	4.071428571428571
1.0	2.0	0.0	0.0015150164713860928	4.142857142857143
1.0	2.0	0.0	0.0015150164713860928	4.142857142857143
1.0	2.0	0.0	0.0015226853787145011	4.785714285714286
1.0	1.0	0.0	0.0008978204496912874	5.7272727272727275
1.0	1.0	0.0	0.0009476243132897293	6.590909090909091
1.0	1.0	0.0	0.0007856150174562441	4.318181818181818
1.0	1.0	0.0	0.0007876095384842219	4.636363636363637
1.0	1.0	0.0	0.0008629398113371981	5.045454545454546
1.0	2.0	0.0	0.0014868957654334486	3.590909090909091
1.0	3.0	0.0	0.002019054328324561	3.0454545454545454
1.0	3.0	0.0	0.0020324494950674735	3.3636363636363638
1.0	3.0	0.0	0.0020423322073296196	3.6818181818181817
1.0	3.0	0.0	0.0020445952604363953	4.0
1.0	3.0	0.0	0.00208076997802574	3.1818181818181817
1.0	3.0	0.0	0.0020862007178732095	3.3636363636363638
1.0	3.0	0.0	0.0020912345339785827	3.6818181818181817
1.0	2.0	0.0	0.0014191380209592369	4.136363636363637
1.0	2.0	0.0	0.0014336106182834213	3.9545454545454546
1.0	2.0	0.0	0.001430677047925486	4.454545454545454
1.0	2.0	0.0	0.0014307241830004366	4.7727272727272725
1.0	2.0	0.0	0.0014442617158389	4.2727272727272725
1.0	2.0	0.0	0.0014611543139801241	5.2272727272727275
1.0	2.0	0.0	0.001461797070369722	5.545454545454546
1.0	3.0	0.0	0.0023441962937168007	4.090909090909091
1.0	3.0	0.0	0.0024582667325912457	4.7727272727272725
1.0	2.0	0.0	0.0017510325866069143	5.636363636363637
1.0	1.0	0.0	0.000839992933221432	3.857142857142857
1.0	1.0	0.0	0.0008429745867822576	4.357142857142857
1.0	1.0	0.0	0.0008266865604530777	3.5
1.0	3.0	0.0	0.0021294722336479104	2.357142857142857
1.0	2.0	0.0	0.001478159673096991	2.857142857142857
1.0	3.0	0.0	0.002128159884299673	2.5714285714285716
1.0	3.0	0.0	0.0022236930417769227	2.5714285714285716
1.0	2.0	0.0	0.001475642129533571	3.2142857142857144
1.0	2.0	0.0	0.001475642129533571	3.2142857142857144
1.0	3.0	0.0	0.0022652312472789503	2.9285714285714284
1.0	2.0	0.0	0.0015067053976561043	3.857142857142857
1.0	2.0	0.0	0.0015067053976561043	3.857142857142857
1.0	3.0	0.0	0.002277993826328924	3.4285714285714284
1.0	2.0	0.0	0.0015152152188606621	4.5
1.0	2.0	0.0	0.0015077257398738502	3.2142857142857144
1.0	2.0	0.0	0.0013468073217746711	3.090909090909091
1.0	2.0	0.0	0.0013464582750923918	3.6818181818181817
1.0	1.0	0.0	0.0007804338410376196	4.5
1.0	4.0	0.0	0.0025176038515032323	2.4545454545454546
1.0	3.0	0.0	0.0019515567631447918	2.8636363636363638
1.0	3.0	0.0	0.001942881992039057	2.8636363636363638
1.0	3.0	0.0	0.001942881992039057	2.8636363636363638
1.0	3.0	0.0	0.001998904170380629	3.409090909090909
1.0	3.0	0.0	0.001977886906030597	3.272727272727273
1.0	3.0	0.0	0.001977886906030597	3.272727272727273
1.0	3.0	0.0	0.002068204294930113	3.5454545454545454
1.0	2.0	0.0	0.0013901187004796715	3.6363636363636362
1.0	2.0	0.0	0.0013853625229931603	3.6363636363636362
1.0	2.0	0.0	0.0013853625229931603	3.6363636363636362
1.0	2.0	0.0	0.0014065519704437545	4.181818181818182
1.0	2.0	0.0	0.001397138674561571	4.045454545454546
1.0	2.0	0.0	0.001397138674561571	4.045454545454546
1.0	2.0	0.0	0.001432409251207184	4.409090909090909
1.0	2.0	0.0	0.0014271889107711844	4.409090909090909
1.0	2.0	0.0	0.0014271889107711844	4.409090909090909
1.0	2.0	0.0	0.0014375689192854231	4.954545454545454
1.0	2.0	0.0	0.00143123231396469	4.818181818181818
1.0	2.0	0.0	0.00143123231396469	4.818181818181818
1.0	2.0	0.0	0.0016706653537838997	2.909090909090909
1.0	2.0	0.0	0.0016706653537838997	2.909090909090909
1.0	1.0	0.0	0.0008520925030600941	3.090909090909091
1.0	1.0	0.0	0.0008572008351334732	3.4545454545454546
1.0	3.0	0.0	0.0023001529342316397	2.1818181818181817
1.0	3.0	0.0	0.0023001529342316397	2.1818181818181817
1.0	3.0	0.0	0.002306975022376148	2.1818181818181817
1.0	2.0	0.0	0.0015472467174612891	2.5454545454545454
1.0	2.0	0.0	0.0015472467174612891	2.5454545454545454
1.0	3.0	0.0	0.002324002823878889	2.5454545454545454
1.0	1.0	0.0	0.0009117994022988689	3.8181818181818183
1.0	1.0	0.0	0.0009117994022988689	3.8181818181818183
1.0	1.0	0.0	0.0008194120046045284	6.545454545454546
1.0	1.0	0.0	0.0008194120046045284	6.545454545454546
1.0	1.0	0.0	0.000801553441515022	5.454545454545454
1.0	4.0	0.0	0.0032015228857690935	6.909090909090909
1.0	4.0	0.0	0.0032015228857690935	6.909090909090909
1.0	3.0	0.0	0.0022132070813581386	6.121212121212121
1.0	3.0	0.0	0.0022132070813581386	6.121212121212121
1.0	3.0	0.0	0.0021225009319359362	5.03030303030303
1.0	3.0	0.0	0.0021225009319359362	5.03030303030303
1.0	3.0	0.0	0.002199429477008891	5.575757575757576
1.0	3.0	0.0	0.002199429477008891	5.575757575757576
1.0	2.0	0.0	0.001425910881276592	4.7272727272727275
1.0	2.0	0.0	0.001425910881276592	4.7272727272727275
1.0	1.0	0.0	0.0008798402423937419	7.878787878787879
1.0	1.0	0.0	0.0008798402423937419	7.878787878787879
1.0	1.0	0.0	0.0008798402423937419	7.878787878787879
1.0	1.0	0.0	0.0008798402423937419	7.878787878787879
1.0	1.0	0.0	0.0008798402423937419	7.878787878787879
1.0	1.0	0.0	0.0008798402423937419	7.878787878787879
1.0	3.0	0.0	0.002095271967533295	4.484848484848484
1.0	3.0	0.0	0.002095271967533295	4.484848484848484
1.0	2.0	0.0	0.001498668203389601	6.909090909090909
1.0	2.0	0.0	0.001498668203389601	6.909090909090909
1.0	3.0	0.0	0.0022460633584967626	6.363636363636363
1.0	3.0	0.0	0.0022460633584967626	6.363636363636363
1.0	3.0	0.0	0.0021391746027301355	4.484848484848484
1.0	2.0	0.0	0.0014713628706038494	5.818181818181818
1.0	2.0	0.0	0.0014713628706038494	5.818181818181818
1.0	2.0	0.0	0.001450053042998669	5.2727272727272725
1.0	2.0	0.0	0.001450053042998669	5.2727272727272725
1.0	3.0	0.0	0.002203674108192902	5.2727272727272725
1.0	1.0	0.0	0.0008342459509228463	7.333333333333333
1.0	1.0	0.0	0.0008342459509228463	7.333333333333333
1.0	1.0	0.0	0.0008212590814030802	6.242424242424242
1.0	1.0	0.0	0.0007891537331056334	3.9473684210526314
1.0	1.0	0.0	0.0007899724871070281	4.157894736842105
1.0	4.0	0.0	0.003164453363020176	4.052631578947368
1.0	3.0	0.0	0.0021636819507053597	3.4210526315789473
1.0	1.0	0.0	0.0008712622645027821	5.0
1.0	1.0	0.0	0.0008712622645027821	5.0
1.0	1.0	0.0	0.0008712622645027821	5.0
1.0	2.0	0.0	0.0014229554787602214	3.1052631578947367
1.0	3.0	0.0	0.0020418338002235236	2.789473684210526
1.0	3.0	0.0	0.0020453535023183143	3.0
1.0	2.0	0.0	0.0014520186239377591	3.6315789473684212
1.0	2.0	0.0	0.001425743650665328	3.3157894736842106
1.0	3.0	0.0	0.0020990797340122644	3.0
1.0	3.0	0.0	0.0020485894438764547	3.210526315789474
1.0	3.0	0.0	0.002098020884219706	3.210526315789474
1.0	3.0	0.0	0.002050489274519976	3.4210526315789473
1.0	2.0	0.0	0.0014341055350023575	3.9473684210526314
1.0	2.0	0.0	0.001433075244656747	4.157894736842105
1.0	2.0	0.0	0.0014632941909665988	4.684210526315789
1.0	2.0	0.0	0.001464392309394203	4.894736842105263
1.0	1.0	0.0	0.0008167023222955103	5.538461538461538
1.0	1.0	0.0	0.0007838271466456752	4.730769230769231
1.0	1.0	0.0	0.0008122495639545104	5.038461538461538
1.0	3.0	0.0	0.0020121765585178726	3.3461538461538463
1.0	2.0	0.0	0.001375333102897889	3.8076923076923075
1.0	2.0	0.0	0.0015229443962779885	7.076923076923077
1.0	3.0	0.0	0.002021563431671143	3.3076923076923075
1.0	2.0	0.0	0.0014184872895799676	3.6538461538461537
1.0	3.0	0.0	0.002034689465954471	4.269230769230769
1.0	3.0	0.0	0.002080180204869709	3.769230769230769
1.0	3.0	0.0	0.0020311540781189513	4.230769230769231
1.0	3.0	0.0	0.0020742298789955724	3.8461538461538463
1.0	3.0	0.0	0.002175024883701762	4.076923076923077
1.0	2.0	0.0	0.0014267175646672518	5.076923076923077
1.0	2.0	0.0	0.0014246748570778628	5.038461538461538
1.0	3.0	0.0	0.0021885581267737206	4.576923076923077
1.0	2.0	0.0	0.0014522903798276192	4.653846153846154
1.0	2.0	0.0	0.0014573464218417948	5.884615384615385
1.0	3.0	0.0	0.002149690377187985	4.653846153846154
1.0	2.0	0.0	0.0014574269177306531	5.846153846153846
1.0	2.0	0.0	0.0014926010749219188	5.384615384615385
1.0	2.0	0.0	0.0014895689533301133	5.461538461538462
1.0	2.0	0.0	0.0015017242897307902	6.1923076923076925
1.0	2.0	0.0	0.0014866482237277882	5.461538461538462
1.0	2.0	0.0	0.0014866482237277882	5.461538461538462
1.0	2.0	0.0	0.0015137711329868452	6.269230769230769
1.0	2.0	0.0	0.0015137711329868452	6.269230769230769
1.0	2.0	0.0	0.0015527016022758217	3.25
1.0	1.0	0.0	0.0008866173289870259	4.375
1.0	1.0	0.0	0.0008866173289870259	4.375
1.0	1.0	0.0	0.000891101457807686	5.0
1.0	1.0	0.0	0.000891101457807686	5.0
1.0	1.0	0.0	0.000930374049061689	5.4375
1.0	1.0	0.0	0.000930374049061689	5.4375
1.0	3.0	0.0	0.0024235982593763788	3.4375
1.0	3.0	0.0	0.002438756160130841	4.0625
1.0	3.0	0.0	0.002200255820441265	2.8125
1.0	3.0	0.0	0.0022210451280281623	2.75
1.0	3.0	0.0	0.002244067530137903	3.375
1.0	2.0	0.0	0.0015004671674644183	3.0625
1.0	2.0	0.0	0.0014979160609809496	3.125
1.0	2.0	0.0	0.0015082000131250235	3.4375
1.0	2.0	0.0	0.0016293846353748467	3.8125
1.0	3.0	0.0	0.0025674219509515886	4.5
1.0	1.0	0.0	0.0008982525560660466	7.419354838709677
1.0	1.0	0.0	0.0008982525560660466	7.419354838709677
1.0	1.0	0.0	0.0008982525560660466	7.419354838709677
1.0	1.0	0.0	0.0008982525560660466	7.419354838709677
1.0	1.0	0.0	0.0008982525560660466	7.419354838709677
1.0	1.0	0.0	0.0008982525560660466	7.419354838709677
1.0	1.0	0.0	0.0008982525560660466	7.419354838709677
1.0	1.0	0.0	0.0008982525560660466	7.419354838709677
1.0	1.0	0.0	0.0008982525560660466	7.419354838709677
1.0	1.0	0.0	0.0008982525560660466	7.419354838709677
1.0	1.0	0.0	0.0008982525560660466	7.419354838709677
1.0	1.0	0.0	0.0008982525560660466	7.419354838709677
1.0	1.0	0.0	0.0008575059464615046	6.645161290322581
1.0	1.0	0.0	0.0008575059464615046	6.645161290322581
1.0	1.0	0.0	0.0008332767719848495	5.935483870967742
1.0	1.0	0.0	0.0008332767719848495	5.935483870967742
1.0	4.0	0.0	0.003095184698202504	5.67741935483871
1.0	4.0	0.0	0.003095184698202504	5.67741935483871
1.0	2.0	0.0	0.0015307827184463541	5.290322580645161
1.0	2.0	0.0	0.0015307827184463541	5.290322580645161
1.0	3.0	0.0	0.0022424426470493684	4.967741935483871
1.0	3.0	0.0	0.0022424426470493684	4.967741935483871
1.0	3.0	0.0	0.0021508672205820733	4.774193548387097
1.0	3.0	0.0	0.0021508672205820733	4.774193548387097
1.0	4.0	0.0	0.0032863963067295094	6.451612903225806
1.0	4.0	0.0	0.0032863963067295094	6.451612903225806
1.0	4.0	0.0	0.0032863963067295094	6.451612903225806
1.0	4.0	0.0	0.0032863963067295094	6.451612903225806
1.0	2.0	0.0	0.0014638160237090234	4.774193548387097
1.0	2.0	0.0	0.0014638160237090234	4.774193548387097
1.0	2.0	0.0	0.0014638160237090234	4.774193548387097
1.0	2.0	0.0	0.0014638160237090234	4.774193548387097
1.0	2.0	0.0	0.0014664065333665503	3.9130434782608696
1.0	1.0	0.0	0.0007724158268295327	4.826086956521739
1.0	3.0	0.0	0.0025692206251314922	6.0
1.0	3.0	0.0	0.001924819782259753	3.4347826086956523
1.0	3.0	0.0	0.0019603775868869498	3.391304347826087
1.0	3.0	0.0	0.001960929160959905	3.347826086956522
1.0	3.0	0.0	0.0019632665420003977	3.869565217391304
1.0	3.0	0.0	0.0019865898015553113	3.4347826086956523
1.0	3.0	0.0	0.0019935804548527783	4.086956521739131
1.0	3.0	0.0	0.0020410880567716125	3.869565217391304
1.0	3.0	0.0	0.0020270396972948902	3.391304347826087
1.0	2.0	0.0	0.001355652088234435	3.4782608695652173
1.0	2.0	0.0	0.0013926934143225697	4.130434782608695
1.0	2.0	0.0	0.0013943918311130005	4.6521739130434785
1.0	2.0	0.0	0.0014026049315763488	4.217391304347826
1.0	2.0	0.0	0.0014051320422951027	4.869565217391305
1.0	2.0	0.0	0.0015540337306866076	4.521739130434782
1.0	2.0	0.0	0.0016286318015064417	5.217391304347826
1.0	2.0	0.0	0.0014332982911727018	4.913043478260869
1.0	2.0	0.0	0.001434602353943651	5.434782608695652
1.0	2.0	0.0	0.0014355325315082768	5.0
1.0	2.0	0.0	0.0014377836274452778	5.6521739130434785
1.0	1.0	0.0	0.0009299546441432036	6.956521739130435
1.0	1.0	0.0	0.0009299546441432036	6.956521739130435
1.0	1.0	0.0	0.0008331761643961953	4.117647058823529
1.0	1.0	0.0	0.0008826662753280086	5.352941176470588
1.0	1.0	0.0	0.0008826662753280086	5.352941176470588
1.0	3.0	0.0	0.002179396068696899	3.764705882352941
1.0	3.0	0.0	0.002152003015531169	3.2941176470588234
1.0	2.0	0.0	0.0014946384097699232	4.470588235294118
1.0	3.0	0.0	0.0024095469648422367	4.411764705882353
1.0	2.0	0.0	0.0014985615815096155	4.470588235294118
1.0	2.0	0.0	0.0014985615815096155	4.470588235294118
1.0	2.0	0.0	0.0015244807799607656	5.176470588235294
1.0	2.0	0.0	0.0015244807799607656	5.176470588235294
1.0	2.0	0.0	0.001530711274532493	5.882352941176471
1.0	2.0	0.0	0.0014863821086395644	3.411764705882353
1.0	3.0	0.0	0.0022454033511734397	3.176470588235294
1.0	2.0	0.0	0.001478569197598185	3.176470588235294
1.0	3.0	0.0	0.0022005712998088628	3.7058823529411766
1.0	2.0	0.0	0.0014796945069489415	4.0588235294117645
1.0	2.0	0.0	0.0014984903644653098	4.647058823529412
1.0	1.0	0.0	0.0008321870514172401	6.827586206896552
1.0	1.0	0.0	0.0007943309529582154	5.0344827586206895
1.0	1.0	0.0	0.0007943309529582154	5.0344827586206895
1.0	3.0	0.0	0.0019653364276531245	3.0344827586206895
1.0	3.0	0.0	0.001984672864704666	3.310344827586207
1.0	3.0	0.0	0.001984672864704666	3.310344827586207
1.0	3.0	0.0	0.002044414340456329	3.586206896551724
1.0	3.0	0.0	0.002005058549423856	3.8620689655172415
1.0	3.0	0.0	0.002005058549423856	3.8620689655172415
1.0	3.0	0.0	0.0021156970313815334	4.068965517241379
1.0	3.0	0.0	0.0021156970313815334	4.068965517241379
1.0	3.0	0.0	0.00204060439265408	4.551724137931035
1.0	3.0	0.0	0.00204060439265408	4.551724137931035
1.0	2.0	0.0	0.0014401379331365496	4.344827586206897
1.0	2.0	0.0	0.0014401379331365496	4.344827586206897
1.0	2.0	0.0	0.0014141191349885843	4.689655172413793
1.0	2.0	0.0	0.0014141191349885843	4.689655172413793
1.0	2.0	0.0	0.0014316937736839953	4.758620689655173
1.0	2.0	0.0	0.0014316937736839953	4.758620689655173
1.0	2.0	0.0	0.0014171857616211655	5.310344827586207
1.0	2.0	0.0	0.0014171857616211655	5.310344827586207
1.0	2.0	0.0	0.0014276974974150752	5.379310344827586
1.0	2.0	0.0	0.0014276974974150752	5.379310344827586
1.0	2.0	0.0	0.0014518693742671426	5.517241379310345
1.0	2.0	0.0	0.0014518693742671426	5.517241379310345
1.0	2.0	0.0	0.001479795246322693	5.103448275862069
1.0	2.0	0.0	0.001479795246322693	5.103448275862069
1.0	2.0	0.0	0.001455072784714829	6.206896551724138
1.0	2.0	0.0	0.001455072784714829	6.206896551724138
1.0	3.0	0.0	0.0022421915859285337	5.862068965517241
1.0	2.0	0.0	0.0014862619258483333	3.2666666666666666
1.0	3.0	0.0	0.0026024244020402083	5.133333333333334
1.0	2.0	0.0	0.0014039262149067567	3.466666666666667
1.0	2.0	0.0	0.0014039262149067567	3.466666666666667
1.0	2.0	0.0	0.0016074582419109292	3.933333333333333
1.0	2.0	0.0	0.0016627577278141696	4.466666666666667
1.0	2.0	0.0	0.0015512547737826623	3.533333333333333
1.0	3.0	0.0	0.0020538891449954975	3.6666666666666665
1.0	3.0	0.0	0.0020917794851851995	3.1333333333333333
1.0	3.0	0.0	0.0020538891449954975	3.6666666666666665
1.0	1.0	0.0	0.0009399836953316455	6.066666666666666
1.0	1.0	0.0	0.0009399836953316455	6.066666666666666
1.0	2.0	0.0	0.0014356962875407462	4.333333333333333
1.0	2.0	0.0	0.0014356962875407462	4.333333333333333
1.0	2.0	0.0	0.0014655363789346037	5.0
1.0	2.0	0.0	0.0014655363789346037	5.0
1.0	2.0	0.0	0.0016034479640080024	4.0
1.0	2.0	0.0	0.001365112055503302	2.7857142857142856
1.0	3.0	0.0	0.0020083166909326705	2.5
1.0	3.0	0.0	0.0019945369367008296	2.5
1.0	3.0	0.0	0.002008759042562987	2.7857142857142856
1.0	3.0	0.0	0.00199479501454422	2.642857142857143
1.0	2.0	0.0	0.00141254309635345	2.857142857142857
1.0	2.0	0.0	0.0014080099260984488	2.857142857142857
1.0	2.0	0.0	0.0014133364972082037	3.4285714285714284
1.0	3.0	0.0	0.0021668559033126587	3.2142857142857144
1.0	2.0	0.0	0.0014084897830230118	3.2857142857142856
1.0	2.0	0.0	0.0014436541678317383	3.2142857142857144
1.0	2.0	0.0	0.001446056266223451	4.071428571428571
1.0	2.0	0.0	0.001444528532955547	3.9285714285714284
1.0	1.0	0.0	0.0008815581227414768	4.928571428571429
1.0	1.0	0.0	0.000825941212485117	3.875
1.0	2.0	0.0	0.001477890553755072	3.0
1.0	1.0	0.0	0.0008347747403527869	4.6875
1.0	1.0	0.0	0.000847033332709813	5.75
1.0	3.0	0.0	0.002174048408394409	3.1875
1.0	3.0	0.0	0.002171810869367822	3.125
1.0	3.0	0.0	0.002248470978962362	3.75
1.0	3.0	0.0	0.0022211445401169	2.9375
1.0	2.0	0.0	0.0014970013379425468	3.875
1.0	2.0	0.0	0.001496512498599884	3.6875
1.0	2.0	0.0	0.001496512498599884	3.6875
1.0	3.0	0.0	0.0022918640814218135	4.8125
1.0	2.0	0.0	0.0015237187841915915	4.4375
1.0	2.0	0.0	0.0015199681611511653	4.25
1.0	2.0	0.0	0.0015199681611511653	4.25
1.0	2.0	0.0	0.001522834602358883	4.5625
1.0	2.0	0.0	0.0015305052384387845	5.125
1.0	1.0	0.0	0.0008273680131386041	3.5714285714285716
1.0	1.0	0.0	0.0008398613843388387	3.9285714285714284
1.0	1.0	0.0	0.0011034482758620686	2.0
1.0	3.0	0.0	0.0022230995313522748	2.642857142857143
1.0	1.0	0.0	0.0011034482758620686	2.0
1.0	3.0	0.0	0.0021272681861626594	2.5
1.0	2.0	0.0	0.0014766585671740452	3.142857142857143
1.0	2.0	0.0	0.0014766585671740452	3.142857142857143
1.0	2.0	0.0	0.0015060091178252903	3.7857142857142856
1.0	2.0	0.0	0.0015060091178252903	3.7857142857142856
1.0	2.0	0.0	0.001516162793318107	4.428571428571429
1.0	3.0	0.0	0.00213156731895248	2.2857142857142856
1.0	2.0	0.0	0.0014781911771319849	2.7857142857142856
1.0	3.0	0.0	0.002265301498210453	3.142857142857143
1.0	3.0	0.0	0.002267693396068417	3.0
1.0	2.0	0.0	0.0015190063578331752	3.5
1.0	1.0	0.0	0.0008391449734943366	4.071428571428571
1.0	2.0	0.0	0.0020965517241379305	1.3333333333333333
1.0	2.0	0.0	0.0020965517241379305	1.3333333333333333
1.0	2.0	0.0	0.001385886441196488	5.583333333333333
1.0	2.0	0.0	0.0013870056652124155	6.083333333333333
1.0	2.0	0.0	0.0015809148879899174	5.166666666666667
1.0	2.0	0.0	0.0016042733929078241	5.791666666666667
1.0	3.0	0.0	0.0019514208123284525	3.5833333333333335
1.0	3.0	0.0	0.0019213663486118795	3.4583333333333335
1.0	2.0	0.0	0.0013347834976732628	3.5833333333333335
1.0	3.0	0.0	0.0019177097264427945	3.6666666666666665
1.0	2.0	0.0	0.0013544038302916212	4.083333333333333
1.0	2.0	0.0	0.00134556198397432	3.7083333333333335
1.0	2.0	0.0	0.0013533192765417357	4.291666666666667
1.0	3.0	0.0	0.001946085099613631	4.166666666666667
1.0	3.0	0.0	0.001994510344207831	3.7083333333333335
1.0	3.0	0.0	0.0020005193119686845	3.8333333333333335
1.0	2.0	0.0	0.0013276845941163637	4.208333333333333
1.0	2.0	0.0	0.0013373278486525182	4.708333333333333
1.0	3.0	0.0	0.002122085042018282	4.291666666666667
1.0	2.0	0.0	0.0014082990138552473	4.333333333333333
1.0	3.0	0.0	0.0019746080637846187	4.75
1.0	3.0	0.0	0.001978320764945263	5.25
1.0	3.0	0.0	0.0021685127839738854	4.916666666666667
1.0	2.0	0.0	0.0014442641635241085	4.791666666666667
1.0	2.0	0.0	0.0014077989136083257	6.25
1.0	1.0	0.0	0.0008713991268749161	6.125
1.0	1.0	0.0	0.0008819390656856069	6.75
1.0	1.0	0.0	0.0008296885838185298	3.5
1.0	2.0	0.0	0.0014520488820660895	2.4
1.0	1.0	0.0	0.0008219807230779128	3.5
1.0	2.0	0.0	0.0014519990379723779	2.5
1.0	3.0	0.0	0.0020998286480975576	2.1
1.0	3.0	0.0	0.0021004667401205513	2.0
1.0	2.0	0.0	0.001458863999710241	2.4
1.0	2.0	0.0	0.0014597567428067063	2.3
1.0	2.0	0.0	0.0014860844788883486	2.7
1.0	3.0	0.0	0.0022326706568222623	2.6
1.0	3.0	0.0	0.0022066115066194207	2.6
1.0	2.0	0.0	0.001462759678434906	3.2142857142857144
1.0	1.0	0.0	0.0008830988108562942	4.428571428571429
1.0	1.0	0.0	0.0008830988108562942	4.428571428571429
1.0	3.0	0.0	0.0021857579772682927	2.5714285714285716
1.0	2.0	0.0	0.001454627040667365	2.9285714285714284
1.0	3.0	0.0	0.002410704230912156	3.5
1.0	2.0	0.0	0.0014618960705530544	3.2857142857142856
1.0	2.0	0.0	0.001488584967602334	3.857142857142857
1.0	1.0	0.0	0.0008307257018493779	4.714285714285714
1.0	3.0	0.0	0.002102308186145871	2.4285714285714284
1.0	3.0	0.0	0.0022026903777706023	2.857142857142857
1.0	3.0	0.0	0.002106818809083053	2.642857142857143
1.0	1.0	0.0	0.0008156737932341848	3.5
1.0	2.0	0.0	0.0014754851270057947	3.142857142857143
1.0	3.0	0.0	0.002235770417760419	3.7857142857142856
1.0	4.0	0.0	0.002929271909543967	4.241379310344827
1.0	4.0	0.0	0.003150229252276841	5.068965517241379
1.0	4.0	0.0	0.003167997812038373	5.758620689655173
1.0	2.0	0.0	0.0014360117197323745	3.896551724137931
1.0	1.0	0.0	0.0008684704462250482	6.0344827586206895
1.0	1.0	0.0	0.000872349937249134	6.724137931034483
1.0	1.0	0.0	0.0008186912694913663	5.206896551724138
1.0	1.0	0.0	0.0008186912694913663	5.206896551724138
1.0	1.0	0.0	0.0008684704462250482	6.0344827586206895
1.0	1.0	0.0	0.0008684704462250482	6.0344827586206895
1.0	1.0	0.0	0.000872349937249134	6.724137931034483
1.0	1.0	0.0	0.000872349937249134	6.724137931034483
1.0	1.0	0.0	0.0008058520876742116	5.275862068965517
1.0	3.0	0.0	0.002039155722665352	3.8275862068965516
1.0	3.0	0.0	0.0020522754842297727	3.9655172413793105
1.0	3.0	0.0	0.002057428731766938	3.6206896551724137
1.0	3.0	0.0	0.0021518161086989908	4.310344827586207
1.0	3.0	0.0	0.00214688156264139	4.310344827586207
1.0	2.0	0.0	0.0014203249326616727	4.517241379310345
1.0	2.0	0.0	0.0014272617429956602	4.517241379310345
1.0	3.0	0.0	0.002169616943140565	5.0
1.0	2.0	0.0	0.0014216621981525488	4.172413793103448
1.0	2.0	0.0	0.0014571306459197396	4.862068965517241
1.0	3.0	0.0	0.0021595825351435676	4.793103448275862
1.0	2.0	0.0	0.0014913633681506709	5.551724137931035
1.0	2.0	0.0	0.0014913633681506709	5.551724137931035
1.0	3.0	0.0	0.0022875213732544888	7.068965517241379
1.0	2.0	0.0	0.001515951481527676	6.310344827586207
1.0	2.0	0.0	0.001515951481527676	6.310344827586207
1.0	1.0	0.0	0.0008455058487015752	8.03448275862069
1.0	1.0	0.0	0.0008363815620645815	3.823529411764706
1.0	1.0	0.0	0.0008363815620645815	3.823529411764706
1.0	1.0	0.0	0.0008363815620645815	3.823529411764706
1.0	3.0	0.0	0.0022364364077041552	2.764705882352941
1.0	3.0	0.0	0.0022364364077041552	2.764705882352941
1.0	3.0	0.0	0.0022364364077041552	2.764705882352941
1.0	3.0	0.0	0.00225460532631048	2.8823529411764706
1.0	3.0	0.0	0.00225460532631048	2.8823529411764706
1.0	3.0	0.0	0.00225460532631048	2.8823529411764706
1.0	2.0	0.0	0.0016081628072633556	3.4705882352941178
1.0	2.0	0.0	0.0016081628072633556	3.4705882352941178
1.0	2.0	0.0	0.0016081628072633556	3.4705882352941178
1.0	2.0	0.0	0.001727182030231263	4.294117647058823
1.0	2.0	0.0	0.001727182030231263	4.294117647058823
1.0	2.0	0.0	0.001727182030231263	4.294117647058823
1.0	1.0	0.0	0.0009372318664261643	5.235294117647059
1.0	1.0	0.0	0.0009372318664261643	5.235294117647059
1.0	1.0	0.0	0.0009372318664261643	5.235294117647059
1.0	1.0	0.0	0.0008618454698612701	3.5454545454545454
1.0	1.0	0.0	0.0008618454698612701	3.5454545454545454
1.0	3.0	0.0	0.002472989320659315	2.8181818181818183
1.0	3.0	0.0	0.002297829905395324	2.272727272727273
1.0	1.0	0.0	0.0009016852339845403	3.727272727272727
1.0	1.0	0.0	0.0009016852339845403	3.727272727272727
1.0	2.0	0.0	0.0015515588265701972	2.4545454545454546
1.0	2.0	0.0	0.0015515588265701972	2.4545454545454546
1.0	2.0	0.0	0.001559917805566662	2.5454545454545454
1.0	2.0	0.0	0.001559917805566662	2.5454545454545454
1.0	3.0	0.0	0.002339583050990012	2.6363636363636362
1.0	3.0	0.0	0.002339583050990012	2.6363636363636362
1.0	4.0	0.0	0.003225450906805028	3.7142857142857144
1.0	1.0	0.0	0.0008850797928782355	4.642857142857143
1.0	1.0	0.0	0.0008850797928782355	4.642857142857143
1.0	1.0	0.0	0.0008850797928782355	4.642857142857143
1.0	1.0	0.0	0.0009316612536330412	5.428571428571429
1.0	2.0	0.0	0.001559578406556028	3.357142857142857
1.0	1.0	0.0	0.0009316612536330412	5.428571428571429
1.0	3.0	0.0	0.0022439736244633957	3.2142857142857144
1.0	3.0	0.0	0.002216719521218389	3.0
1.0	2.0	0.0	0.001511065286760806	3.142857142857143
1.0	2.0	0.0	0.001511065286760806	3.142857142857143
1.0	2.0	0.0	0.001504039302632356	3.0714285714285716
1.0	2.0	0.0	0.001504039302632356	3.0714285714285716
1.0	2.0	0.0	0.0016337866452250374	3.857142857142857
1.0	3.0	0.0	0.0025717198310450076	4.5
1.0	1.0	0.0	0.0008472242874411263	3.4545454545454546
1.0	2.0	0.0	0.0017556269543320799	3.4545454545454546
1.0	3.0	0.0	0.002468711838368839	2.727272727272727
1.0	2.0	0.0	0.0015735529443561842	2.3636363636363638
1.0	3.0	0.0	0.0022431646310942703	2.1818181818181817
1.0	1.0	0.0	0.0009005999226819463	3.6363636363636362
1.0	3.0	0.0	0.0022907773230408327	2.5454545454545454
1.0	2.0	0.0	0.0015285411647380574	2.727272727272727
1.0	1.0	0.0	0.0009500512917654805	4.363636363636363
1.0	2.0	0.0	0.0015451182836827494	3.090909090909091
1.0	2.0	0.0	0.001545729667647535	3.272727272727273
1.0	2.0	0.0	0.0015509016908508999	3.6363636363636362
1.0	1.0	0.0	0.0008359215482866683	6.190476190476191
1.0	1.0	0.0	0.0008359215482866683	6.190476190476191
1.0	1.0	0.0	0.0008359215482866683	6.190476190476191
1.0	3.0	0.0	0.002030638396227113	2.857142857142857
1.0	3.0	0.0	0.002076631748590127	3.238095238095238
1.0	3.0	0.0	0.002076631748590127	3.238095238095238
1.0	3.0	0.0	0.002076631748590127	3.238095238095238
1.0	2.0	0.0	0.0014545667249864333	3.9047619047619047
1.0	2.0	0.0	0.0014545667249864333	3.9047619047619047
1.0	2.0	0.0	0.0014545667249864333	3.9047619047619047
1.0	2.0	0.0	0.0014545667249864333	3.9047619047619047
1.0	2.0	0.0	0.0014545667249864333	3.9047619047619047
1.0	2.0	0.0	0.0014545667249864333	3.9047619047619047
1.0	2.0	0.0	0.0014899199668828849	4.571428571428571
1.0	2.0	0.0	0.0014899199668828849	4.571428571428571
1.0	2.0	0.0	0.0014899199668828849	4.571428571428571
1.0	2.0	0.0	0.0014899199668828849	4.571428571428571
1.0	3.0	0.0	0.002254927187308863	5.238095238095238
1.0	3.0	0.0	0.002254927187308863	5.238095238095238
1.0	2.0	0.0	0.0014899199668828849	4.571428571428571
1.0	2.0	0.0	0.0014899199668828849	4.571428571428571
1.0	3.0	0.0	0.002254927187308863	5.238095238095238
1.0	2.0	0.0	0.0014544116275413798	2.6153846153846154
1.0	1.0	0.0	0.0008248576819587039	3.5384615384615383
1.0	1.0	0.0	0.0008821723758451778	4.0
1.0	1.0	0.0	0.0008821723758451778	4.0
1.0	3.0	0.0	0.0020963148350585338	2.4615384615384617
1.0	3.0	0.0	0.002101466710712245	2.6153846153846154
1.0	2.0	0.0	0.0014503110996458386	2.4615384615384617
1.0	3.0	0.0	0.0021987784381372983	2.4615384615384617
1.0	2.0	0.0	0.0014575465260098174	3.076923076923077
1.0	2.0	0.0	0.00145650689699083	3.230769230769231
1.0	3.0	0.0	0.00221917129103702	2.6153846153846154
1.0	2.0	0.0	0.0014819654605505953	3.6923076923076925
1.0	2.0	0.0	0.0014840763641121612	3.8461538461538463
1.0	3.0	0.0	0.0024102483165552207	3.076923076923077
