Constant_feature	Degree	Clustering_coefficient	Pagerank	Aver_path_len
1.0	2.0	0.0	0.04110500563601861	4.391304347826087
1.0	1.0	0.0	0.020534327004617058	4.434782608695652
1.0	1.0	0.0	0.021189571681780782	5.3478260869565215
1.0	1.0	0.0	0.024018850850116118	7.0
1.0	3.0	0.0	0.05279907570616174	3.347826086956522
1.0	2.0	0.0	0.036862134699219194	3.6956521739130435
1.0	1.0	0.0	0.024018850850116118	7.0
1.0	3.0	0.0	0.05294773851297173	3.391304347826087
1.0	3.0	0.0	0.05513674553869252	3.5217391304347827
1.0	2.0	0.0	0.03644589818060262	3.782608695652174
1.0	3.0	0.0	0.054647947746204364	3.9565217391304346
1.0	2.0	0.0	0.036401313753723755	3.739130434782609
1.0	3.0	0.0	0.05455955557420118	3.4782608695652173
1.0	3.0	0.0	0.05384970383144041	3.782608695652174
1.0	3.0	0.0	0.05357223792228988	3.608695652173913
1.0	2.0	0.0	0.039336069375632464	4.565217391304348
1.0	3.0	0.0	0.05674196945654245	4.391304347826087
1.0	2.0	0.0	0.03751906941882881	4.304347826086956
1.0	3.0	0.0	0.05783571651309023	5.086956521739131
1.0	2.0	0.0	0.03840032832962109	4.913043478260869
1.0	1.0	0.0	0.022664115714974155	5.3478260869565215
1.0	2.0	0.0	0.04171943157018284	5.260869565217392
1.0	1.0	0.0	0.02151704841944753	6.043478260869565
1.0	3.0	0.0	0.06617729371352402	6.043478260869565
