Constant_feature	Degree	Clustering_coefficient	Pagerank	Aver_path_len
1.0	2.0	0.0	0.04433694715984954	3.2222222222222223
1.0	1.0	0.0	0.025523797324227018	3.9444444444444446
1.0	1.0	0.0	0.02670952486776408	5.111111111111111
1.0	3.0	0.0	0.06408793076990917	2.7222222222222223
1.0	3.0	0.0	0.06470130197827054	2.8333333333333335
1.0	3.0	0.0	0.06493854916936258	2.9444444444444446
1.0	3.0	0.0	0.06601654369875866	3.1666666666666665
1.0	3.0	0.0	0.06630230729487807	3.2777777777777777
1.0	3.0	0.0	0.06554278838041686	3.2222222222222223
1.0	2.0	0.0	0.044293783918316385	3.0
1.0	3.0	0.0	0.0675369980780951	3.0
1.0	2.0	0.0	0.04619100784869903	3.5555555555555554
1.0	2.0	0.0	0.04632688200145316	3.8333333333333335
1.0	2.0	0.0	0.04650890750161725	3.888888888888889
1.0	2.0	0.0	0.04661034116092841	4.0
1.0	3.0	0.0	0.07148884266263841	4.166666666666667
1.0	2.0	0.0	0.047556338685525994	4.444444444444445
1.0	2.0	0.0	0.04764870014005934	4.611111111111111
1.0	2.0	0.0	0.04767850735922995	4.722222222222222
