Constant_feature	Degree	Clustering_coefficient	Pagerank	Aver_path_len
1.0	0.0	0.0	0.0	0.0
1.0	2.0	0.0	0.013848367319606772	8.661290322580646
1.0	1.0	0.0	0.007751107647552642	9.35483870967742
1.0	2.0	0.0	0.013675163136190254	9.951612903225806
1.0	2.0	0.0	0.013674184821805145	9.580645161290322
1.0	2.0	0.0	0.01603935690268047	11.0
1.0	2.0	0.0	0.01603935690268047	11.0
1.0	1.0	0.0	0.008190481165470352	11.85483870967742
1.0	2.0	0.0	0.014468819406569902	11.387096774193548
1.0	1.0	0.0	0.007978153142438701	11.370967741935484
1.0	1.0	0.0	0.007652556708202792	10.03225806451613
1.0	1.0	0.0	0.008128451189465077	12.258064516129032
1.0	2.0	0.0	0.0131984741315539	6.548387096774194
1.0	2.0	0.0	0.013636264406186802	6.596774193548387
1.0	3.0	0.0	0.019171651319323336	8.419354838709678
1.0	2.0	0.0	0.013070263098438653	8.580645161290322
1.0	3.0	0.0	0.01910133443002117	7.096774193548387
1.0	3.0	0.0	0.01917015304069204	7.467741935483871
1.0	3.0	0.0	0.01896451373357986	7.806451612903226
1.0	3.0	0.0	0.018884188692535955	6.661290322580645
1.0	3.0	0.0	0.018778807804444856	7.370967741935484
1.0	3.0	0.0	0.018759008040359765	7.0
1.0	2.0	0.0	0.013549351557771008	8.016129032258064
1.0	3.0	0.0	0.020546667276418955	8.370967741935484
1.0	3.0	0.0	0.019969874067545103	8.46774193548387
1.0	2.0	0.0	0.01305663109114164	8.193548387096774
1.0	2.0	0.0	0.013049125958877977	7.82258064516129
1.0	3.0	0.0	0.01945061539400991	9.016129032258064
1.0	3.0	0.0	0.019448382809825436	8.64516129032258
1.0	2.0	0.0	0.01410655852326864	9.290322580645162
1.0	2.0	0.0	0.01410655852326864	9.290322580645162
1.0	3.0	0.0	0.019819072879579142	6.467741935483871
1.0	3.0	0.0	0.021753790685466692	10.048387096774194
1.0	3.0	0.0	0.021753790685466692	10.048387096774194
1.0	2.0	0.0	0.013894471177397113	10.241935483870968
1.0	3.0	0.0	0.019991471352832912	6.483870967741935
1.0	3.0	0.0	0.022014782630156236	10.870967741935484
1.0	2.0	0.0	0.013989149472840873	7.387096774193548
1.0	2.0	0.0	0.014049267865963968	7.403225806451613
1.0	2.0	0.0	0.014346924761213284	8.306451612903226
1.0	2.0	0.0	0.014365550130012894	8.32258064516129
1.0	3.0	0.0	0.01878553187651443	7.32258064516129
1.0	2.0	0.0	0.012974818437542387	7.967741935483871
1.0	3.0	0.0	0.018936265284993176	8.306451612903226
1.0	3.0	0.0	0.019931797240848682	9.596774193548388
1.0	4.0	0.0	0.028400824830111995	10.387096774193548
1.0	3.0	0.0	0.019080583732784033	6.919354838709677
1.0	3.0	0.0	0.0187852367668906	7.790322580645161
1.0	2.0	0.0	0.013447685991442231	6.741935483870968
1.0	3.0	0.0	0.019971919982590104	9.709677419354838
1.0	2.0	0.0	0.013246909817293031	8.96774193548387
1.0	3.0	0.0	0.02021896442294185	9.048387096774194
1.0	1.0	0.0	0.008803738311059859	11.983870967741936
1.0	1.0	0.0	0.008803738311059859	11.983870967741936
1.0	3.0	0.0	0.019353300515380024	7.709677419354839
1.0	2.0	0.0	0.015809776418575533	11.338709677419354
1.0	2.0	0.0	0.01409105109027537	10.596774193548388
1.0	3.0	0.0	0.02180608909892015	11.274193548387096
1.0	3.0	0.0	0.0194912205088155	8.17741935483871
1.0	1.0	0.0	0.00870100967973792	12.32258064516129
1.0	2.0	0.0	0.013765899849623113	8.629032258064516
1.0	2.0	0.0	0.013813789608058027	9.096774193548388
1.0	2.0	0.0	0.014161041467982628	9.548387096774194
1.0	2.0	0.0	0.014176112873703276	10.016129032258064
