Constant_feature	Degree	Clustering_coefficient	Pagerank	Aver_path_len
1.0	1.0	0.0	0.033925653919253076	5.1875
1.0	1.0	0.0	0.033925653919253076	5.1875
1.0	2.0	0.0	0.05159825613453746	3.375
1.0	2.0	0.0	0.05159825613453746	3.375
1.0	4.0	0.0	0.11790424706381711	3.5625
1.0	2.0	0.0	0.05697340749508338	3.25
1.0	2.0	0.0	0.0545865521189719	3.0625
1.0	1.0	0.0	0.03240996286720052	4.5
1.0	1.0	0.0	0.03240996286720052	4.5
1.0	3.0	0.0	0.07688383522974118	3.0
1.0	3.0	0.0	0.09347426655943175	4.25
1.0	3.0	0.0	0.0755014964645092	3.625
1.0	3.0	0.0	0.07550149646450918	3.625
1.0	2.0	0.0	0.052777148864904144	4.3125
1.0	2.0	0.0	0.05277714886490414	4.3125
1.0	2.0	0.0	0.05387632751607292	5.0
1.0	2.0	0.0	0.05387632751607293	5.0
