Constant_feature	Degree	Clustering_coefficient	Pagerank	Aver_path_len
1.0	0.0	0.0	0.0	0.0
1.0	0.0	0.0	0.0	0.0
1.0	2.0	0.0	0.011028262825171366	4.36
1.0	2.0	0.0	0.011028262825171366	4.36
1.0	2.0	0.0	0.011028262825171366	4.36
1.0	2.0	0.0	0.011028262825171366	4.36
1.0	2.0	0.0	0.011028262825171367	4.36
1.0	2.0	0.0	0.011028262825171366	4.36
1.0	3.0	0.0	0.015616627149490825	3.56
1.0	3.0	0.0	0.015616627149490825	3.56
1.0	3.0	0.0	0.015616627149490825	3.56
1.0	3.0	0.0	0.015616627149490825	3.56
1.0	3.0	0.0	0.01562370282069728	3.72
1.0	3.0	0.0	0.01562370282069728	3.72
1.0	3.0	0.0	0.01562370282069728	3.72
1.0	3.0	0.0	0.01562370282069728	3.72
1.0	2.0	0.0	0.011246520703618645	4.68
1.0	2.0	0.0	0.011246520703618645	4.68
1.0	2.0	0.0	0.011246520703618645	4.68
1.0	2.0	0.0	0.011246520703618645	4.68
1.0	3.0	0.0	0.015616627149490823	3.56
1.0	3.0	0.0	0.015616627149490823	3.56
1.0	2.0	0.0	0.011246520703618645	4.68
1.0	3.0	0.0	0.015908176584108875	4.04
1.0	3.0	0.0	0.015908176584108875	4.04
1.0	3.0	0.0	0.015908176584108875	4.04
1.0	3.0	0.0	0.015908176584108875	4.04
1.0	2.0	0.0	0.011115973346286948	4.84
1.0	2.0	0.0	0.011115973346286948	4.84
1.0	2.0	0.0	0.011115973346286948	4.84
1.0	2.0	0.0	0.011115973346286948	4.84
1.0	2.0	0.0	0.010852822652448732	3.88
1.0	2.0	0.0	0.010852822652448732	3.88
1.0	2.0	0.0	0.010852822652448732	3.88
1.0	2.0	0.0	0.010852822652448732	3.88
1.0	2.0	0.0	0.011246520703618645	4.68
1.0	3.0	0.0	0.01562370282069728	3.72
1.0	3.0	0.0	0.01562370282069728	3.72
1.0	3.0	0.0	0.016459227975277466	4.6
1.0	3.0	0.0	0.016459227975277466	4.6
1.0	3.0	0.0	0.016459227975277466	4.6
1.0	3.0	0.0	0.016459227975277466	4.6
1.0	2.0	0.0	0.01111597334628695	4.84
1.0	2.0	0.0	0.011115973346286948	4.84
1.0	3.0	0.0	0.015908176584108872	4.04
1.0	3.0	0.0	0.015908176584108872	4.04
1.0	2.0	0.0	0.01085282265244873	3.88
1.0	2.0	0.0	0.01085282265244873	3.88
1.0	2.0	0.0	0.011559145341966804	5.4
1.0	2.0	0.0	0.011559145341966804	5.4
1.0	2.0	0.0	0.011559145341966804	5.4
1.0	2.0	0.0	0.011559145341966804	5.4
1.0	2.0	0.0	0.011559145341966804	5.4
1.0	2.0	0.0	0.011559145341966804	5.4
1.0	2.0	0.0	0.011559145341966804	5.4
1.0	2.0	0.0	0.011559145341966804	5.4
1.0	3.0	0.0	0.016459227975277466	4.6
1.0	3.0	0.0	0.016459227975277466	4.6
1.0	2.0	0.0	0.011867674918622631	6.2
1.0	2.0	0.0	0.011867674918622631	6.2
1.0	2.0	0.0	0.011867674918622631	6.2
1.0	2.0	0.0	0.011867674918622631	6.2
1.0	2.0	0.0	0.011867674918622631	6.2
1.0	2.0	0.0	0.011867674918622631	6.2
1.0	2.0	0.0	0.011867674918622631	6.2
1.0	2.0	0.0	0.011867674918622631	6.2
1.0	2.0	0.0	0.01196171208838761	7.0
1.0	2.0	0.0	0.01196171208838761	7.0
1.0	2.0	0.0	0.01196171208838761	7.0
1.0	2.0	0.0	0.01196171208838761	7.0
1.0	2.0	0.0	0.011559145341966802	5.4
1.0	2.0	0.0	0.011559145341966802	5.4
1.0	2.0	0.0	0.011559145341966802	5.4
1.0	2.0	0.0	0.011559145341966802	5.4
1.0	2.0	0.0	0.011867674918622631	6.2
1.0	2.0	0.0	0.011867674918622631	6.2
1.0	2.0	0.0	0.011867674918622631	6.2
1.0	2.0	0.0	0.011867674918622631	6.2
1.0	2.0	0.0	0.01196171208838761	7.0
1.0	2.0	0.0	0.01196171208838761	7.0
