Constant_feature	Degree	Clustering_coefficient	Pagerank	Aver_path_len
1.0	2.0	0.0	0.05864180174528329	5.470588235294118
1.0	1.0	0.0	0.030872494863192334	6.0588235294117645
1.0	1.0	0.0	0.032910812402687305	7.117647058823529
1.0	3.0	0.0	0.0757164562397607	3.7058823529411766
1.0	2.0	0.0	0.05208897569531799	4.647058823529412
1.0	1.0	0.0	0.02878881670980724	4.9411764705882355
1.0	1.0	0.0	0.030872494863192334	6.0588235294117645
1.0	2.0	0.0	0.054005573347485625	3.823529411764706
1.0	2.0	0.0	0.05509224965152795	4.0588235294117645
1.0	2.0	0.0	0.05257230655725284	3.7058823529411766
1.0	2.0	0.0	0.056078673997541184	4.411764705882353
1.0	2.0	0.0	0.05717814261295044	4.882352941176471
1.0	3.0	0.0	0.07744375362966677	4.0
1.0	2.0	0.0	0.05171029697723136	4.294117647058823
1.0	3.0	0.0	0.07754576515773405	4.411764705882353
1.0	3.0	0.0	0.08438957457867163	5.117647058823529
1.0	3.0	0.0	0.09118099856800939	6.176470588235294
1.0	1.0	0.0	0.032910812402687305	7.117647058823529
