Constant_feature	Degree	Clustering_coefficient	Pagerank	Aver_path_len
1.0	2.0	0.0	0.061879426642733645	4.9375
1.0	1.0	0.0	0.032698228343262276	5.625
1.0	1.0	0.0	0.034784560292108906	6.5625
1.0	3.0	0.0	0.0802976318038808	3.375
1.0	2.0	0.0	0.055193364316577835	4.25
1.0	1.0	0.0	0.030504054453433425	4.5625
1.0	1.0	0.0	0.032698228343262276	5.625
1.0	2.0	0.0	0.05584466769976357	3.4375
1.0	3.0	0.0	0.08207278988643146	3.625
1.0	3.0	0.0	0.08215699993450067	4.0
1.0	2.0	0.0	0.05480894199572763	3.9375
1.0	2.0	0.0	0.057493856769899765	3.625
1.0	2.0	0.0	0.05885001507481859	3.9375
1.0	3.0	0.0	0.08938635055780109	4.6875
1.0	2.0	0.0	0.06020897295892183	4.375
1.0	3.0	0.0	0.096337350634767	5.625
1.0	1.0	0.0	0.034784560292108906	6.5625
