Constant_feature	Degree	Clustering_coefficient	Pagerank	Aver_path_len
1.0	2.0	0.0	0.02318379678380464	3.411764705882353
1.0	1.0	0.0	0.01527513617461763	5.264705882352941
1.0	1.0	0.0	0.01527513617461763	5.264705882352941
1.0	1.0	0.0	0.01527513617461763	5.264705882352941
1.0	1.0	0.0	0.01527513617461763	5.264705882352941
1.0	4.0	0.0	0.04516887038850442	3.1470588235294117
1.0	4.0	0.0	0.04516887038850442	3.1470588235294117
1.0	4.0	0.0	0.048846988118250015	3.3823529411764706
1.0	4.0	0.0	0.048846988118250015	3.3823529411764706
1.0	3.0	0.0	0.033752774614460156	3.3823529411764706
1.0	3.0	0.0	0.033752774614460156	3.3823529411764706
1.0	3.0	0.0	0.03587934164402598	3.823529411764706
1.0	3.0	0.0	0.03587934164402598	3.823529411764706
1.0	2.0	0.0	0.023570159071925795	4.0
1.0	2.0	0.0	0.023570159071925795	4.0
1.0	2.0	0.0	0.027595309456830253	4.294117647058823
1.0	2.0	0.0	0.027595309456830253	4.294117647058823
1.0	2.0	0.0	0.027595309456830253	4.294117647058823
1.0	2.0	0.0	0.027595309456830253	4.294117647058823
1.0	3.0	0.0	0.03529127167085415	4.617647058823529
1.0	3.0	0.0	0.03529127167085415	4.617647058823529
1.0	2.0	0.0	0.025396693901029985	4.676470588235294
1.0	2.0	0.0	0.025396693901029985	4.676470588235294
1.0	2.0	0.0	0.025396693901029985	4.676470588235294
1.0	2.0	0.0	0.025396693901029985	4.676470588235294
1.0	2.0	0.0	0.024978494754338627	5.470588235294118
1.0	2.0	0.0	0.024978494754338627	5.470588235294118
1.0	2.0	0.0	0.026172191387789027	5.529411764705882
1.0	2.0	0.0	0.026172191387789027	5.529411764705882
1.0	2.0	0.0	0.026172191387789027	5.529411764705882
1.0	2.0	0.0	0.026172191387789027	5.529411764705882
1.0	2.0	0.0	0.026410091254748705	6.382352941176471
1.0	2.0	0.0	0.026410091254748705	6.382352941176471
1.0	2.0	0.0	0.025631448250456056	6.323529411764706
1.0	2.0	0.0	0.025631448250456056	6.323529411764706
