Constant_feature	Degree	Clustering_coefficient	Pagerank	Aver_path_len
1.0	2.0	0.0	0.02245353916431248	5.684210526315789
1.0	1.0	0.0	0.012553170802298112	6.184210526315789
1.0	2.0	0.0	0.022125511168942076	6.526315789473684
1.0	2.0	0.0	0.022128700313978962	6.552631578947368
1.0	1.0	0.0	0.01287248729144101	6.2368421052631575
1.0	2.0	0.0	0.025915842572035747	6.973684210526316
1.0	2.0	0.0	0.025915842572035747	6.973684210526316
1.0	1.0	0.0	0.013234932544269754	7.7368421052631575
1.0	2.0	0.0	0.022185705352147235	4.7631578947368425
1.0	1.0	0.0	0.014379745973075697	9.289473684210526
1.0	3.0	0.0	0.031108793801833255	4.394736842105263
1.0	3.0	0.0	0.031103059084170742	4.368421052631579
1.0	3.0	0.0	0.030725627465734148	4.2894736842105265
1.0	3.0	0.0	0.031043975136316217	4.315789473684211
1.0	3.0	0.0	0.030461963899032683	4.2105263157894735
1.0	3.0	0.0	0.030545870322973352	4.2368421052631575
1.0	2.0	0.0	0.022000813451991605	5.2631578947368425
1.0	3.0	0.0	0.033297340988755975	5.2105263157894735
1.0	3.0	0.0	0.03230322235212764	4.7368421052631575
1.0	2.0	0.0	0.021148996010643357	4.921052631578948
1.0	2.0	0.0	0.021177033712436635	4.947368421052632
1.0	3.0	0.0	0.031486695643906375	5.631578947368421
1.0	3.0	0.0	0.031497893581213576	5.657894736842105
1.0	2.0	0.0	0.022803738772505387	5.447368421052632
1.0	2.0	0.0	0.022803738772505387	5.447368421052632
1.0	3.0	0.0	0.03436203833873354	5.2631578947368425
1.0	3.0	0.0	0.035157017791774374	6.052631578947368
1.0	3.0	0.0	0.035157017791774374	6.052631578947368
1.0	2.0	0.0	0.022478461052306997	7.0
1.0	3.0	0.0	0.03557251543907542	6.7631578947368425
1.0	3.0	0.0	0.03409483889995496	5.868421052631579
1.0	2.0	0.0	0.023544530310044505	6.631578947368421
1.0	2.0	0.0	0.023617940703825627	6.7368421052631575
1.0	1.0	0.0	0.014225292494284263	7.947368421052632
1.0	1.0	0.0	0.014225292494284263	7.947368421052632
1.0	3.0	0.0	0.03583733073000797	7.394736842105263
1.0	2.0	0.0	0.02405473142433366	7.5
1.0	2.0	0.0	0.024140780481883048	8.263157894736842
1.0	2.0	0.0	0.0262579712970335	8.31578947368421
