Constant_feature	Degree	Clustering_coefficient	Pagerank	Aver_path_len
1.0	1.0	0.0	0.023838566169198733	6.904761904761905
1.0	1.0	0.0	0.023838566169198733	6.904761904761905
1.0	1.0	0.0	0.022890701981589396	4.523809523809524
1.0	1.0	0.0	0.022890701981589396	4.523809523809524
1.0	2.0	0.0	0.04162030122963972	4.619047619047619
1.0	2.0	0.0	0.04162030122963972	4.619047619047619
1.0	2.0	0.0	0.04061670718804937	3.5714285714285716
1.0	2.0	0.0	0.04061670718804937	3.5714285714285716
1.0	3.0	0.0	0.05972869787817499	3.9523809523809526
1.0	3.0	0.0	0.05972869787817499	3.9523809523809526
1.0	3.0	0.0	0.059087310791241035	3.5714285714285716
1.0	3.0	0.0	0.059087310791241035	3.5714285714285716
1.0	2.0	0.0	0.04162030122963972	4.619047619047619
1.0	2.0	0.0	0.04162030122963972	4.619047619047619
1.0	2.0	0.0	0.04256718523232897	5.285714285714286
1.0	2.0	0.0	0.04256718523232897	5.285714285714286
1.0	3.0	0.0	0.06115060350558603	3.5714285714285716
1.0	3.0	0.0	0.06115060350558602	3.5714285714285716
1.0	3.0	0.0	0.06431243956222289	5.9523809523809526
1.0	3.0	0.0	0.06431243956222289	5.9523809523809526
1.0	2.0	0.0	0.04256718523232897	5.285714285714286
1.0	2.0	0.0	0.04256718523232897	5.285714285714286
