Constant_feature	Degree	Clustering_coefficient	Pagerank	Aver_path_len
1.0	2.0	0.0	0.065595247561209	2.3076923076923075
1.0	2.0	0.0	0.06660767443911178	2.5384615384615383
1.0	1.0	0.0	0.036855240732292405	3.3076923076923075
1.0	1.0	0.0	0.03689529084967651	3.3076923076923075
1.0	4.0	0.0	0.13154946184050273	2.230769230769231
1.0	3.0	0.0	0.09585047471220316	2.230769230769231
1.0	4.0	0.0	0.12823470804034387	2.1538461538461537
1.0	2.0	0.0	0.06532358517385772	2.5384615384615383
1.0	2.0	0.0	0.0653921685530858	2.6153846153846154
1.0	1.0	0.0	0.03674201363687413	3.1538461538461537
1.0	1.0	0.0	0.03674201363687413	3.1538461538461537
1.0	3.0	0.0	0.09904049111860919	2.3846153846153846
1.0	3.0	0.0	0.09917553863816739	2.3846153846153846
1.0	1.0	0.0	0.035996091067192024	3.076923076923077
