Constant_feature	Degree	Clustering_coefficient	Pagerank	Aver_path_len
1.0	2.0	0.0	0.03111950915411244	2.0
1.0	2.0	0.0	0.03111950915411244	2.0
1.0	1.0	0.0	0.01489276208580394	4.0
1.0	1.0	0.0	0.01489276208580394	4.0
1.0	0.0	0.0	0.0	0.0
1.0	1.0	0.0	0.016005715162339045	3.9
1.0	1.0	0.0	0.016005715162339045	3.9
1.0	1.0	0.0	0.016005715162339045	3.9
1.0	1.0	0.0	0.016005715162339045	3.9
1.0	2.0	0.0	0.031489337937493284	2.1666666666666665
1.0	2.0	0.0	0.031489337937493284	2.1666666666666665
1.0	2.0	0.0	0.031489337937493284	2.1666666666666665
1.0	2.0	0.0	0.031489337937493284	2.1666666666666665
1.0	2.0	0.0	0.0326869072732347	2.6666666666666665
1.0	2.0	0.0	0.0326869072732347	2.6666666666666665
1.0	2.0	0.0	0.0326869072732347	2.6666666666666665
1.0	2.0	0.0	0.0326869072732347	2.6666666666666665
1.0	3.0	0.0	0.04409433367723352	3.0
1.0	3.0	0.0	0.04409433367723352	3.0
1.0	1.0	0.0	0.01748622243443804	3.5
1.0	1.0	0.0	0.01748622243443804	3.5
1.0	1.0	0.0	0.01748622243443804	3.5
1.0	1.0	0.0	0.01748622243443804	3.5
1.0	2.0	0.0	0.027789290231127736	2.5
1.0	2.0	0.0	0.027789290231127736	2.5
1.0	3.0	0.0	0.039279790039849605	2.2
1.0	3.0	0.0	0.039279790039849605	2.2
1.0	2.0	0.0	0.026661939802845983	2.5
1.0	2.0	0.0	0.026661939802845983	2.5
1.0	2.0	0.0	0.026661939802845983	2.5
1.0	2.0	0.0	0.026661939802845983	2.5
1.0	2.0	0.0	0.026890996726625153	2.8
1.0	2.0	0.0	0.026890996726625153	2.8
1.0	2.0	0.0	0.026890996726625153	2.8
1.0	2.0	0.0	0.026890996726625153	2.8
1.0	3.0	0.0	0.04038207613792041	3.1
1.0	3.0	0.0	0.04038207613792041	3.1
