Constant_feature	Degree	Clustering_coefficient	Pagerank	Aver_path_len
1.0	2.0	0.0	0.03459762816933501	2.5
1.0	1.0	0.0	0.01732559655306254	3.3
1.0	1.0	0.0	0.01732559655306254	3.3
1.0	1.0	0.0	0.01732559655306254	3.3
1.0	1.0	0.0	0.01732559655306254	3.3
1.0	1.0	0.0	0.018164100663086005	3.4
1.0	1.0	0.0	0.018164100663086005	3.4
1.0	1.0	0.0	0.018164100663086005	3.4
1.0	1.0	0.0	0.018164100663086005	3.4
1.0	2.0	0.0	0.034858864104994065	2.625
1.0	2.0	0.0	0.034858864104994065	2.625
1.0	2.0	0.0	0.03569548666757301	3.0
1.0	2.0	0.0	0.03569548666757301	3.0
1.0	2.0	0.0	0.037298549656634074	3.625
1.0	2.0	0.0	0.037298549656634074	3.625
1.0	3.0	0.0	0.04979291290376549	2.5
1.0	3.0	0.0	0.04979291290376549	2.5
1.0	1.0	0.0	0.020009575808711953	4.5
1.0	1.0	0.0	0.020009575808711953	4.5
1.0	3.0	0.0	0.04624328761587271	2.0
1.0	3.0	0.0	0.04624328761587271	2.0
1.0	2.0	0.0	0.031198162486815593	2.3
1.0	2.0	0.0	0.031198162486815593	2.3
1.0	2.0	0.0	0.031198162486815593	2.3
1.0	2.0	0.0	0.031198162486815593	2.3
1.0	3.0	0.0	0.04700070154867027	2.4
1.0	3.0	0.0	0.04700070154867027	2.4
1.0	3.0	0.0	0.04700070154867027	2.4
1.0	3.0	0.0	0.04700070154867027	2.4
1.0	2.0	0.0	0.03142538665451218	2.7
1.0	2.0	0.0	0.03142538665451218	2.7
