Constant_feature	Degree	Clustering_coefficient	Pagerank	Aver_path_len
1.0	1.0	0.0	0.013024784653688112	12.538461538461538
1.0	1.0	0.0	0.013024784653688112	12.538461538461538
1.0	2.0	0.0	0.021005778664930357	8.564102564102564
1.0	2.0	0.0	0.021005778664930357	8.564102564102564
1.0	2.0	0.0	0.021937544586166747	6.538461538461538
1.0	2.0	0.0	0.021937544586166747	6.538461538461538
1.0	3.0	0.0	0.03042744288306616	7.384615384615385
1.0	3.0	0.0	0.03042744288306616	7.384615384615385
1.0	2.0	0.0	0.02092923903562292	7.923076923076923
1.0	2.0	0.0	0.02092923903562292	7.923076923076923
1.0	2.0	0.0	0.021406619642999995	7.871794871794871
1.0	2.0	0.0	0.021406619642999995	7.871794871794871
1.0	2.0	0.0	0.021338017982039454	8.282051282051283
1.0	2.0	0.0	0.021338017982039454	8.282051282051283
1.0	3.0	0.0	0.03101602507797023	7.0
1.0	3.0	0.0	0.03101602507797023	7.0
1.0	2.0	0.0	0.021676166699379787	6.743589743589744
1.0	2.0	0.0	0.021676166699379787	6.743589743589744
1.0	3.0	0.0	0.03068274671484563	8.025641025641026
1.0	3.0	0.0	0.03068274671484563	8.025641025641026
1.0	3.0	0.0	0.031001875874436848	8.435897435897436
1.0	3.0	0.0	0.031001875874436848	8.435897435897436
1.0	3.0	0.0	0.03227528888888359	6.384615384615385
1.0	3.0	0.0	0.03227528888888359	6.384615384615385
1.0	3.0	0.0	0.032106916958647154	9.102564102564102
1.0	3.0	0.0	0.032106916958647154	9.102564102564102
1.0	2.0	0.0	0.02186599572185707	6.384615384615385
1.0	2.0	0.0	0.02236646863510148	7.256410256410256
1.0	2.0	0.0	0.02236646863510148	7.256410256410256
1.0	2.0	0.0	0.022628938644210818	7.256410256410256
1.0	2.0	0.0	0.022560880711753196	9.923076923076923
1.0	2.0	0.0	0.022560880711753196	9.923076923076923
1.0	2.0	0.0	0.022560880711753196	9.923076923076923
1.0	2.0	0.0	0.022560880711753196	9.923076923076923
1.0	2.0	0.0	0.023177798518106456	10.743589743589743
1.0	2.0	0.0	0.023177798518106456	10.743589743589743
1.0	2.0	0.0	0.023177798518106456	10.743589743589743
1.0	2.0	0.0	0.023177798518106456	10.743589743589743
1.0	3.0	0.0	0.035080258059468114	11.564102564102564
1.0	3.0	0.0	0.035080258059468114	11.564102564102564
