Constant_feature	Degree	Clustering_coefficient	Pagerank	Aver_path_len
1.0	0.0	0.0	0.0	0.0
1.0	1.0	0.0	0.025873729843825445	2.75
1.0	1.0	0.0	0.025873729843825445	2.75
1.0	1.0	0.0	0.032840722495895106	2.0
1.0	1.0	0.0	0.032840722495895106	2.0
1.0	1.0	0.0	0.032840722495895106	2.0
1.0	2.0	0.0	0.06239737274220012	1.3333333333333333
1.0	2.0	0.0	0.06239737274220012	1.3333333333333333
1.0	2.0	0.0	0.06239737274220012	1.3333333333333333
1.0	3.0	0.0	0.07037141774086339	1.875
1.0	3.0	0.0	0.07037141774086339	1.875
1.0	2.0	0.0	0.06239737274220013	1.3333333333333333
1.0	2.0	0.0	0.06239737274220013	1.3333333333333333
1.0	2.0	0.0	0.06239737274220013	1.3333333333333333
1.0	2.0	0.0	0.04713958874481643	2.125
1.0	2.0	0.0	0.04713958874481643	2.125
1.0	1.0	0.0	0.032840722495895106	2.0
1.0	1.0	0.0	0.032840722495895106	2.0
1.0	1.0	0.0	0.032840722495895106	2.0
1.0	2.0	0.0	0.04725416667426558	2.375
1.0	2.0	0.0	0.04725416667426558	2.375
1.0	2.0	0.0	0.04729362256388672	2.5
