Constant_feature	Degree	Clustering_coefficient	Pagerank	Aver_path_len
1.0	0.0	0.0	0.0	0.0
1.0	1.0	0.0	0.02182391856601919	4.7272727272727275
1.0	1.0	0.0	0.021982483736713864	4.954545454545454
1.0	1.0	0.0	0.023918451084582164	6.7727272727272725
1.0	1.0	0.0	0.023918451084582164	6.7727272727272725
1.0	3.0	0.0	0.06643486318127781	5.545454545454546
1.0	2.0	0.0	0.04061841742171418	4.045454545454546
1.0	3.0	0.0	0.05825215690200057	3.772727272727273
1.0	3.0	0.0	0.05878374402185881	4.0
1.0	2.0	0.0	0.039321353463571185	3.9545454545454546
1.0	3.0	0.0	0.06523722736507578	5.818181818181818
1.0	2.0	0.0	0.043209844341692887	4.954545454545454
1.0	2.0	0.0	0.04738010317451685	6.409090909090909
1.0	2.0	0.0	0.04738010317451685	6.409090909090909
1.0	2.0	0.0	0.042071101363471114	4.454545454545454
1.0	1.0	0.0	0.025669021238479698	7.363636363636363
1.0	1.0	0.0	0.025669021238479698	7.363636363636363
1.0	3.0	0.0	0.05641620503771537	3.8181818181818183
1.0	3.0	0.0	0.05651895030482801	4.045454545454546
1.0	3.0	0.0	0.05779759322001064	3.727272727272727
1.0	2.0	0.0	0.03919026137887632	4.318181818181818
1.0	2.0	0.0	0.039139096891811345	4.545454545454546
1.0	3.0	0.0	0.059448589275642255	5.045454545454546
1.0	2.0	0.0	0.03981904253256317	4.818181818181818
