Constant_feature	Degree	Clustering_coefficient	Pagerank	Aver_path_len
1.0	2.0	0.0	0.059279942053833884	3.466666666666667
1.0	2.0	0.0	0.059279942053833884	3.466666666666667
1.0	2.0	0.0	0.05993484169364244	5.866666666666666
1.0	2.0	0.0	0.05993484169364244	5.866666666666666
1.0	3.0	0.0	0.08546091279524712	3.8666666666666667
1.0	3.0	0.0	0.08546091279524712	3.8666666666666667
1.0	2.0	0.0	0.05856475796164273	3.6
1.0	2.0	0.0	0.05856475796164273	3.6
1.0	2.0	0.0	0.05873111618819972	4.533333333333333
1.0	2.0	0.0	0.05873111618819972	4.533333333333333
1.0	2.0	0.0	0.05873111618819972	4.533333333333333
1.0	2.0	0.0	0.05873111618819972	4.533333333333333
1.0	2.0	0.0	0.059648656559617166	5.2
1.0	2.0	0.0	0.059648656559617166	5.2
1.0	2.0	0.0	0.059648656559617166	5.2
1.0	2.0	0.0	0.059648656559617166	5.2
