Constant_feature	Degree	Clustering_coefficient	Pagerank	Aver_path_len
1.0	1.0	0.0	0.020553432133004063	4.739130434782608
1.0	2.0	0.0	0.04193598206217802	5.695652173913044
1.0	2.0	0.0	0.04194523389585842	5.6521739130434785
1.0	1.0	0.0	0.02193102708595196	6.695652173913044
1.0	2.0	0.0	0.03608605308057368	3.869565217391304
1.0	3.0	0.0	0.053070576882019924	3.9565217391304346
1.0	3.0	0.0	0.05332611963807812	3.5652173913043477
1.0	3.0	0.0	0.05320006386300186	3.9130434782608696
1.0	3.0	0.0	0.05462307986466501	3.782608695652174
1.0	2.0	0.0	0.03712315931794341	4.391304347826087
1.0	2.0	0.0	0.03674370799365731	3.739130434782609
1.0	2.0	0.0	0.03716745932888201	4.3478260869565215
1.0	3.0	0.0	0.05526063990289867	4.0
1.0	3.0	0.0	0.05678387787346012	4.826086956521739
1.0	3.0	0.0	0.05680268185006296	4.782608695652174
1.0	2.0	0.0	0.038401600946621255	4.608695652173913
1.0	2.0	0.0	0.038401600946621255	4.608695652173913
1.0	3.0	0.0	0.05885046195722986	5.130434782608695
1.0	3.0	0.0	0.05885046195722986	5.130434782608695
1.0	3.0	0.0	0.05921754863286596	5.739130434782608
1.0	1.0	0.0	0.021822686931839818	6.086956521739131
1.0	1.0	0.0	0.021822686931839818	6.086956521739131
1.0	1.0	0.0	0.023037781251332344	6.6521739130434785
1.0	1.0	0.0	0.02304207567218402	6.608695652173913
