Constant_feature	Degree	Clustering_coefficient	Pagerank	Aver_path_len
1.0	0.0	0.0	0.0	0.0
1.0	2.0	0.0	0.03220873159283692	7.333333333333333
1.0	2.0	0.0	0.027139754143860842	5.633333333333334
1.0	2.0	0.0	0.02937068285886294	4.766666666666667
1.0	3.0	0.0	0.0487457928690902	6.9
1.0	2.0	0.0	0.028595306277667005	5.233333333333333
1.0	1.0	0.0	0.01969418143014413	10.366666666666667
1.0	3.0	0.0	0.03933545696167169	4.566666666666666
1.0	3.0	0.0	0.03961720972746577	5.033333333333333
1.0	3.0	0.0	0.04101204874017976	4.4
1.0	3.0	0.0	0.04002973898171989	4.233333333333333
1.0	3.0	0.0	0.041258421327966116	4.866666666666666
1.0	3.0	0.0	0.03973746998939609	5.033333333333333
1.0	3.0	0.0	0.04034958586663453	4.7
1.0	3.0	0.0	0.04009662661330097	5.6
1.0	3.0	0.0	0.04131936508109556	4.4
1.0	2.0	0.0	0.03135718286863034	5.7
1.0	1.0	0.0	0.01552926197381436	5.366666666666666
1.0	2.0	0.0	0.030552353541006196	5.2
1.0	2.0	0.0	0.03195832829765989	6.266666666666667
1.0	2.0	0.0	0.028182175328177888	5.733333333333333
1.0	1.0	0.0	0.015603505190328569	5.833333333333333
1.0	2.0	0.0	0.028304186202571222	5.533333333333333
1.0	2.0	0.0	0.02830366158108622	6.3
1.0	2.0	0.0	0.03349205402187004	7.666666666666667
1.0	3.0	0.0	0.043450608257847356	6.433333333333334
1.0	2.0	0.0	0.028830825405671202	5.7
1.0	2.0	0.0	0.028997645804215093	7.0
1.0	2.0	0.0	0.03476705656987051	8.5
1.0	1.0	0.0	0.017848342644192362	7.866666666666666
1.0	2.0	0.0	0.03659272501315551	9.4
1.0	1.0	0.0	0.017719714838010586	8.3
