Constant_feature	Degree	Clustering_coefficient	Pagerank	Aver_path_len
1.0	4.0	0.0	0.10614178509090105	3.0
1.0	1.0	0.0	0.02943733062762067	3.9411764705882355
1.0	1.0	0.0	0.02943733062762067	3.9411764705882355
1.0	1.0	0.0	0.032332735195278746	5.470588235294118
1.0	1.0	0.0	0.032332735195278746	5.470588235294118
1.0	1.0	0.0	0.030993308977140383	5.705882352941177
1.0	1.0	0.0	0.030993308977140383	5.705882352941177
1.0	2.0	0.0	0.054939147622291525	3.3529411764705883
1.0	3.0	0.0	0.08479450318418548	4.764705882352941
1.0	3.0	0.0	0.0850079857243852	3.823529411764706
1.0	3.0	0.0	0.07625306431588189	3.0
1.0	1.0	0.0	0.03105737255022641	4.764705882352941
1.0	2.0	0.0	0.05201686961087652	3.3529411764705883
1.0	2.0	0.0	0.05201686961087652	3.3529411764705883
1.0	3.0	0.0	0.08925483081152645	4.529411764705882
1.0	2.0	0.0	0.05241321013032343	3.7058823529411766
1.0	2.0	0.0	0.05241321013032343	3.7058823529411766
1.0	3.0	0.0	0.0781644016181224	4.0588235294117645
