Constant_feature	Degree	Clustering_coefficient	Pagerank	Aver_path_len
1.0	1.0	0.0	0.02492516209498516	4.473684210526316
1.0	2.0	0.0	0.04503246401965964	3.3684210526315788
1.0	1.0	0.0	0.025406634653836746	4.2631578947368425
1.0	1.0	0.0	0.02577878625850001	4.7368421052631575
1.0	1.0	0.0	0.027806248942395626	5.578947368421052
1.0	3.0	0.0	0.0630686375757255	2.736842105263158
1.0	2.0	0.0	0.04565316847090979	4.315789473684211
1.0	2.0	0.0	0.045838588771353224	4.684210526315789
1.0	1.0	0.0	0.025293815610578224	4.894736842105263
1.0	3.0	0.0	0.06459159405972108	2.8421052631578947
1.0	3.0	0.0	0.06802249733489062	3.3157894736842106
1.0	3.0	0.0	0.06926231202290128	3.789473684210526
1.0	3.0	0.0	0.06884959952149675	3.789473684210526
1.0	2.0	0.0	0.050680437390109905	4.631578947368421
1.0	3.0	0.0	0.06320034626460248	2.9473684210526314
1.0	2.0	0.0	0.04384555718026838	3.263157894736842
1.0	3.0	0.0	0.06417962395372363	3.3157894736842106
1.0	3.0	0.0	0.06641584183739424	3.526315789473684
1.0	2.0	0.0	0.044505419408935244	3.6842105263157894
1.0	3.0	0.0	0.06764326462801216	3.9473684210526314
