Constant_feature	Degree	Clustering_coefficient	Pagerank	Aver_path_len
1.0	2.0	0.0	0.05644876174996766	2.5
1.0	1.0	0.0	0.029605613557999327	3.2222222222222223
1.0	1.0	0.0	0.03123650637497114	3.888888888888889
1.0	3.0	0.0	0.07361143599044921	2.111111111111111
1.0	3.0	0.0	0.08114172773231204	2.3333333333333335
1.0	2.0	0.0	0.05771839724596709	3.0
1.0	2.0	0.0	0.05687498880288505	2.625
1.0	2.0	0.0	0.05687498880288505	2.625
1.0	2.0	0.0	0.05168901560126692	2.111111111111111
1.0	2.0	0.0	0.058240004562882294	3.0
1.0	2.0	0.0	0.058240004562882294	3.0
1.0	2.0	0.0	0.050097930816521044	2.6666666666666665
1.0	2.0	0.0	0.050097930816521044	2.6666666666666665
1.0	2.0	0.0	0.050558615668838125	3.2222222222222223
1.0	2.0	0.0	0.05055861566883812	3.2222222222222223
1.0	2.0	0.0	0.060855528387139805	3.625
1.0	2.0	0.0	0.060855528387139805	3.625
1.0	1.0	0.0	0.03264720263526688	4.5
1.0	1.0	0.0	0.03264720263526688	4.5
