Constant_feature	Degree	Clustering_coefficient	Pagerank	Aver_path_len
1.0	1.0	0.0	0.03177495488742697	5.529411764705882
1.0	2.0	0.0	0.05497721379349854	3.5294117647058822
1.0	2.0	0.0	0.05651513141407311	4.0
1.0	2.0	0.0	0.06180672227565624	5.411764705882353
1.0	1.0	0.0	0.03336814451055717	6.352941176470588
1.0	3.0	0.0	0.08596902622949013	3.8823529411764706
1.0	3.0	0.0	0.07996902826291508	3.176470588235294
1.0	1.0	0.0	0.03134669102798705	4.823529411764706
1.0	1.0	0.0	0.03134669102798705	4.823529411764706
1.0	2.0	0.0	0.05307052966845055	3.2941176470588234
1.0	2.0	0.0	0.05227802334336831	3.5294117647058822
1.0	3.0	0.0	0.07613297801100453	3.8823529411764706
1.0	2.0	0.0	0.05228172835437457	4.588235294117647
1.0	2.0	0.0	0.05228172835437457	4.588235294117647
1.0	2.0	0.0	0.05307878843711855	5.294117647058823
1.0	2.0	0.0	0.05307878843711855	5.294117647058823
1.0	2.0	0.0	0.05332728699413181	6.0
1.0	3.0	0.0	0.08739654497046712	4.588235294117647
