Constant_feature	Degree	Clustering_coefficient	Pagerank	Aver_path_len
1.0	2.0	0.0	0.04942602099317062	3.1176470588235294
1.0	1.0	0.0	0.02744102012025252	3.6470588235294117
1.0	1.0	0.0	0.027424843115169913	3.7058823529411766
1.0	3.0	0.0	0.07460622635963192	3.0
1.0	2.0	0.0	0.05567247227829075	4.0588235294117645
1.0	3.0	0.0	0.07112358278290791	2.588235294117647
1.0	3.0	0.0	0.07100407232632909	2.6470588235294117
1.0	3.0	0.0	0.07120729746321688	2.823529411764706
1.0	3.0	0.0	0.07119440100913875	2.8823529411764706
1.0	3.0	0.0	0.07295309075999634	2.7058823529411766
1.0	3.0	0.0	0.07289618652241805	2.764705882352941
1.0	3.0	0.0	0.07523150809724158	3.235294117647059
1.0	1.0	0.0	0.027937193610143744	3.9411764705882355
1.0	2.0	0.0	0.04979795972478133	3.5294117647058822
1.0	2.0	0.0	0.04979165503341455	3.588235294117647
1.0	2.0	0.0	0.05084235502158669	4.235294117647059
1.0	2.0	0.0	0.05084205956300324	4.294117647058823
1.0	1.0	0.0	0.030608055219305704	5.0
