Constant_feature	Degree	Clustering_coefficient	Pagerank	Aver_path_len
1.0	1.0	0.0	0.021480118788793773	5.217391304347826
1.0	3.0	0.0	0.05416100894882607	5.043478260869565
1.0	3.0	0.0	0.055258179452437495	4.260869565217392
1.0	2.0	0.0	0.0381364697050109	6.3478260869565215
1.0	2.0	0.0	0.039189158710352286	4.434782608695652
1.0	2.0	0.0	0.039353552239283704	4.695652173913044
1.0	2.0	0.0	0.03913980468440759	6.3478260869565215
1.0	2.0	0.0	0.03913980468440759	6.3478260869565215
1.0	2.0	0.0	0.037304353304948565	4.782608695652174
1.0	2.0	0.0	0.037304353304948565	4.782608695652174
1.0	2.0	0.0	0.03753019998438146	4.521739130434782
1.0	2.0	0.0	0.03753019998438146	4.521739130434782
1.0	3.0	0.0	0.05473842817235042	5.565217391304348
1.0	3.0	0.0	0.057710386819168985	4.260869565217392
1.0	2.0	0.0	0.0381364697050109	6.3478260869565215
1.0	2.0	0.0	0.03899695647351739	7.130434782608695
1.0	2.0	0.0	0.03899695647351739	7.130434782608695
1.0	2.0	0.0	0.039263682564555244	7.913043478260869
1.0	3.0	0.0	0.05850533875819883	5.043478260869565
1.0	1.0	0.0	0.021718581550684214	6.0
1.0	3.0	0.0	0.05694568194078061	5.565217391304348
1.0	2.0	0.0	0.03975688327895818	7.130434782608695
1.0	2.0	0.0	0.03975688327895818	7.130434782608695
1.0	2.0	0.0	0.03994654719212004	7.913043478260869
