Constant_feature	Degree	Clustering_coefficient	Pagerank	Aver_path_len
1.0	1.0	0.0	0.016891891891891893	2.2
1.0	1.0	0.0	0.016891891891891893	2.2
1.0	1.0	0.0	0.016891891891891893	2.2
1.0	1.0	0.0	0.016891891891891893	2.2
1.0	1.0	0.0	0.016891891891891893	2.2
1.0	1.0	0.0	0.016891891891891893	2.2
1.0	1.0	0.0	0.016891891891891893	2.2
1.0	1.0	0.0	0.016891891891891893	2.2
1.0	3.0	0.0	0.040764607979071665	6.0
1.0	3.0	0.0	0.040764607979071665	6.0
1.0	3.0	0.0	0.03408832584759364	3.2916666666666665
1.0	3.0	0.0	0.03481916174633931	3.5833333333333335
1.0	3.0	0.0	0.03481916174633931	3.5833333333333335
1.0	3.0	0.0	0.03497455204644649	3.8333333333333335
1.0	3.0	0.0	0.03728290573461966	5.208333333333333
1.0	2.0	0.0	0.024324153136796846	4.125
1.0	2.0	0.0	0.024324153136796846	4.125
1.0	2.0	0.0	0.024324153136796846	4.125
1.0	2.0	0.0	0.024324153136796846	4.125
1.0	3.0	0.0	0.03728290573461966	5.208333333333333
1.0	2.0	0.0	0.024832249589871395	4.666666666666667
1.0	2.0	0.0	0.024832249589871395	4.666666666666667
1.0	2.0	0.0	0.024832249589871395	4.666666666666667
1.0	2.0	0.0	0.024832249589871395	4.666666666666667
1.0	2.0	0.0	0.024496757819505825	4.625
1.0	2.0	0.0	0.024496757819505825	4.625
1.0	2.0	0.0	0.025112322204258665	5.416666666666667
1.0	2.0	0.0	0.025112322204258665	5.416666666666667
1.0	1.0	0.0	0.014932686498951356	6.958333333333333
1.0	1.0	0.0	0.014932686498951356	6.958333333333333
1.0	1.0	0.0	0.014932686498951356	6.958333333333333
1.0	1.0	0.0	0.014932686498951356	6.958333333333333
1.0	2.0	0.0	0.02530492991156704	6.208333333333333
1.0	3.0	0.0	0.047297297297297286	1.4
1.0	3.0	0.0	0.04729729729729729	1.4
1.0	3.0	0.0	0.047297297297297286	1.4
1.0	3.0	0.0	0.04729729729729729	1.4
