Constant_feature	Degree	Clustering_coefficient	Pagerank	Aver_path_len
1.0	2.0	0.0	0.03105103156918057	5.346153846153846
1.0	3.0	0.0	0.05675809657258318	6.5
1.0	2.0	0.0	0.03370778709180334	4.346153846153846
1.0	2.0	0.0	0.032748447837611244	4.8076923076923075
1.0	2.0	0.0	0.03302035477820417	5.1923076923076925
1.0	3.0	0.0	0.044775376403384845	4.346153846153846
1.0	3.0	0.0	0.04526845392073866	4.730769230769231
1.0	3.0	0.0	0.047196112680377	4.461538461538462
1.0	3.0	0.0	0.04559150827775425	3.8846153846153846
1.0	3.0	0.0	0.04541713195562976	4.884615384615385
1.0	3.0	0.0	0.046119932185224616	4.269230769230769
1.0	2.0	0.0	0.03701255343978431	5.846153846153846
1.0	2.0	0.0	0.03617656973299294	5.269230769230769
1.0	2.0	0.0	0.030814153291213838	4.153846153846154
1.0	3.0	0.0	0.045889761100575924	5.384615384615385
1.0	2.0	0.0	0.03515307913499573	4.769230769230769
1.0	3.0	0.0	0.04728763874815077	4.0
1.0	2.0	0.0	0.04044659655334276	7.384615384615385
1.0	2.0	0.0	0.04044659655334276	7.384615384615385
1.0	1.0	0.0	0.017862708103027522	5.423076923076923
1.0	2.0	0.0	0.03225281643083011	5.6923076923076925
1.0	2.0	0.0	0.032417669253208145	6.1923076923076925
1.0	2.0	0.0	0.032398285977773306	5.076923076923077
1.0	2.0	0.0	0.033164543838161406	6.5
1.0	2.0	0.0	0.03321567511230214	7.0
1.0	1.0	0.0	0.02190355972890325	8.346153846153847
1.0	1.0	0.0	0.02190355972890325	8.346153846153847
