Constant_feature	Degree	Clustering_coefficient	Pagerank	Aver_path_len
1.0	2.0	0.0	0.03459797467811207	2.5
1.0	1.0	0.0	0.017259419420991406	3.0
1.0	1.0	0.0	0.017259419420991406	3.0
1.0	1.0	0.0	0.017259419420991406	3.0
1.0	1.0	0.0	0.017259419420991406	3.0
1.0	1.0	0.0	0.018160930910348094	3.2
1.0	1.0	0.0	0.018160930910348094	3.2
1.0	1.0	0.0	0.018160930910348094	3.2
1.0	1.0	0.0	0.018160930910348094	3.2
1.0	2.0	0.0	0.034858517596216984	2.625
1.0	2.0	0.0	0.034858517596216984	2.625
1.0	2.0	0.0	0.03569583317635008	3.0
1.0	2.0	0.0	0.03569583317635008	3.0
1.0	2.0	0.0	0.03729820314785699	3.625
1.0	2.0	0.0	0.03729820314785699	3.625
1.0	3.0	0.0	0.04978555768741379	2.3
1.0	3.0	0.0	0.04978555768741379	2.3
1.0	1.0	0.0	0.02000974906310049	4.5
1.0	1.0	0.0	0.02000974906310049	4.5
1.0	3.0	0.0	0.046228156849105105	1.8
1.0	3.0	0.0	0.046228156849105105	1.8
1.0	3.0	0.0	0.04678051938908233	2.1
1.0	3.0	0.0	0.04678051938908233	2.1
1.0	3.0	0.0	0.04678051938908233	2.1
1.0	3.0	0.0	0.04678051938908233	2.1
1.0	2.0	0.0	0.031447021915111714	2.6
1.0	2.0	0.0	0.031447021915111714	2.6
1.0	2.0	0.0	0.031447021915111714	2.6
1.0	2.0	0.0	0.031447021915111714	2.6
1.0	2.0	0.0	0.03152921186983325	2.9
1.0	2.0	0.0	0.03152921186983325	2.9
