Constant_feature	Degree	Clustering_coefficient	Pagerank	Aver_path_len
1.0	0.0	0.0	0.0	0.0
1.0	1.0	0.0	0.02944380638454274	4.0
1.0	1.0	0.0	0.02944380638454274	4.0
1.0	1.0	0.0	0.02944380638454274	4.0
1.0	1.0	0.0	0.02944380638454274	4.0
1.0	1.0	0.0	0.03020080182984166	4.363636363636363
1.0	3.0	0.0	0.07577888590155574	2.1818181818181817
1.0	1.0	0.0	0.034482758620689655	2.0
1.0	1.0	0.0	0.034482758620689655	2.0
1.0	2.0	0.0	0.05217829000827324	2.5454545454545454
1.0	2.0	0.0	0.05217829000827324	2.5454545454545454
1.0	2.0	0.0	0.05293528545357216	2.727272727272727
1.0	3.0	0.0	0.08147662842929024	3.090909090909091
1.0	3.0	0.0	0.08147662842929024	3.090909090909091
1.0	2.0	0.0	0.06551724137931034	1.3333333333333333
1.0	2.0	0.0	0.06551724137931034	1.3333333333333333
1.0	2.0	0.0	0.0559999644017324	3.4545454545454546
1.0	2.0	0.0	0.06551724137931034	1.3333333333333333
1.0	2.0	0.0	0.06551724137931034	1.3333333333333333
1.0	1.0	0.0	0.034482758620689655	2.0
1.0	1.0	0.0	0.034482758620689655	2.0
