Constant_feature	Degree	Clustering_coefficient	Pagerank	Aver_path_len
1.0	2.0	0.0	0.022383615408406003	4.648648648648648
1.0	2.0	0.0	0.022683477835053856	4.1891891891891895
1.0	1.0	0.0	0.012478056301858078	5.216216216216216
1.0	2.0	0.0	0.023925611971362414	4.297297297297297
1.0	1.0	0.0	0.012967658955978572	5.594594594594595
1.0	2.0	0.0	0.024992296821596222	5.216216216216216
1.0	1.0	0.0	0.013186780963738915	5.405405405405405
1.0	1.0	0.0	0.013081195512201327	5.54054054054054
1.0	1.0	0.0	0.013466144578144363	6.162162162162162
1.0	1.0	0.0	0.014064730452493993	5.972972972972973
1.0	1.0	0.0	0.014771886374120705	7.054054054054054
1.0	4.0	0.0	0.041369694380184674	3.4324324324324325
1.0	3.0	0.0	0.031637371964045854	3.6216216216216215
1.0	4.0	0.0	0.04377962889715182	3.675675675675676
1.0	3.0	0.0	0.032465755927244884	3.810810810810811
1.0	4.0	0.0	0.043761174551540646	4.243243243243243
1.0	3.0	0.0	0.03200892112280296	3.5945945945945947
1.0	3.0	0.0	0.03289552915302943	3.8378378378378377
1.0	2.0	0.0	0.022012644621855253	4.243243243243243
1.0	3.0	0.0	0.03434989100011451	4.486486486486487
1.0	3.0	0.0	0.032868088909443566	3.6486486486486487
1.0	3.0	0.0	0.034454509747616	4.621621621621622
1.0	3.0	0.0	0.034066644454788464	4.405405405405405
1.0	3.0	0.0	0.03518554844055703	4.4324324324324325
1.0	1.0	0.0	0.012482413373320877	4.648648648648648
1.0	3.0	0.0	0.035172504452078965	4.594594594594595
1.0	1.0	0.0	0.012936864243534045	5.45945945945946
1.0	3.0	0.0	0.03483347557319975	4.5675675675675675
1.0	3.0	0.0	0.03611359937497169	5.1891891891891895
1.0	2.0	0.0	0.024018378838984496	5.351351351351352
1.0	1.0	0.0	0.013183813208208555	5.5675675675675675
1.0	3.0	0.0	0.03810870491452197	5.0
1.0	3.0	0.0	0.040466045420765595	6.081081081081081
1.0	3.0	0.0	0.04017981216796212	5.8108108108108105
1.0	1.0	0.0	0.014771886374120705	7.054054054054054
1.0	1.0	0.0	0.014684962524732203	6.783783783783784
1.0	2.0	0.0	0.028661054070120647	6.72972972972973
1.0	1.0	0.0	0.015529627118148445	7.702702702702703
