Constant_feature	Degree	Clustering_coefficient	Pagerank	Aver_path_len
1.0	1.0	0.0	0.013794873491385841	7.675675675675675
1.0	1.0	0.0	0.013859148665089782	8.486486486486486
1.0	2.0	0.0	0.0229779911136309	5.378378378378378
1.0	1.0	0.0	0.013159495271105152	5.5675675675675675
1.0	1.0	0.0	0.013074818482809369	7.027027027027027
1.0	1.0	0.0	0.013511136620972383	5.45945945945946
1.0	1.0	0.0	0.01461798606505983	9.135135135135135
1.0	1.0	0.0	0.01461798606505983	9.135135135135135
1.0	2.0	0.0	0.026274378954790675	5.135135135135135
1.0	2.0	0.0	0.024091031089027194	4.864864864864865
1.0	1.0	0.0	0.014454642195637205	6.108108108108108
1.0	3.0	0.0	0.03995769757176826	8.162162162162161
1.0	1.0	0.0	0.014637903084549602	7.783783783783784
1.0	3.0	0.0	0.03301009621194825	4.594594594594595
1.0	3.0	0.0	0.03369588124992988	4.108108108108108
1.0	3.0	0.0	0.03310030715568938	5.243243243243243
1.0	3.0	0.0	0.0335726246676029	5.972972972972973
1.0	3.0	0.0	0.035442702944631616	4.216216216216216
1.0	3.0	0.0	0.03509227407744259	4.594594594594595
1.0	3.0	0.0	0.03481073198302591	6.054054054054054
1.0	2.0	0.0	0.02331922092343289	6.108108108108108
1.0	2.0	0.0	0.02348412671586635	6.837837837837838
1.0	3.0	0.0	0.03503029662785813	5.1891891891891895
1.0	2.0	0.0	0.0239060295155604	6.972972972972973
1.0	3.0	0.0	0.03626697426531338	4.486486486486487
1.0	2.0	0.0	0.023957022902891933	7.702702702702703
1.0	2.0	0.0	0.024303753794318195	5.945945945945946
1.0	2.0	0.0	0.024297147631696086	6.0
1.0	3.0	0.0	0.03526888578626419	5.297297297297297
1.0	3.0	0.0	0.037211608005167804	6.702702702702703
1.0	2.0	0.0	0.02479306355311033	6.756756756756757
1.0	3.0	0.0	0.037424611892110195	7.513513513513513
1.0	3.0	0.0	0.03625074073286126	5.891891891891892
1.0	2.0	0.0	0.02426403421377607	6.0
1.0	2.0	0.0	0.024519555783224768	6.594594594594595
1.0	2.0	0.0	0.024563135600051206	6.702702702702703
1.0	3.0	0.0	0.03670349004366952	7.297297297297297
1.0	2.0	0.0	0.026682595051670397	6.8108108108108105
