Constant_feature	Degree	Clustering_coefficient	Pagerank	Aver_path_len
1.0	2.0	0.0	0.03736548931945033	3.9130434782608696
1.0	4.0	0.0	0.08494831089597013	4.521739130434782
1.0	4.0	0.0	0.08494831089597013	4.521739130434782
1.0	1.0	0.0	0.02328095531807712	5.478260869565218
1.0	1.0	0.0	0.02328095531807712	5.478260869565218
1.0	1.0	0.0	0.023280955318077123	5.478260869565218
1.0	1.0	0.0	0.023280955318077123	5.478260869565218
1.0	1.0	0.0	0.02328095531807712	5.478260869565218
1.0	1.0	0.0	0.023280955318077123	5.478260869565218
1.0	3.0	0.0	0.05536095981696168	3.4347826086956523
1.0	2.0	0.0	0.038577241292382186	3.5652173913043477
1.0	3.0	0.0	0.059755590594283176	3.8260869565217392
1.0	3.0	0.0	0.05387116381650392	3.652173913043478
1.0	3.0	0.0	0.05495018147335953	3.391304347826087
1.0	2.0	0.0	0.041218758784940066	4.304347826086956
1.0	3.0	0.0	0.05460645242550972	4.086956521739131
1.0	2.0	0.0	0.0371426890333944	4.043478260869565
1.0	1.0	0.0	0.022714915108145047	5.260869565217392
1.0	2.0	0.0	0.03808710217975857	4.782608695652174
1.0	2.0	0.0	0.03808710217975857	4.782608695652174
1.0	3.0	0.0	0.05889546920650701	6.173913043478261
1.0	2.0	0.0	0.03897458666902041	5.478260869565218
1.0	2.0	0.0	0.03897458666902041	5.478260869565218
1.0	1.0	0.0	0.02183535773060187	7.130434782608695
