Constant_feature	Degree	Clustering_coefficient	Pagerank	Aver_path_len
1.0	0.0	0.0	0.0	0.0
1.0	1.0	0.0	0.0349109972195195	3.857142857142857
1.0	1.0	0.0	0.03914966379366236	5.357142857142857
1.0	0.0	0.0	0.0	0.0
1.0	2.0	0.0	0.0690031025194976	4.071428571428571
1.0	2.0	0.0	0.0667832319408829	3.2857142857142856
1.0	2.0	0.0	0.06920167739472881	3.7857142857142856
1.0	1.0	0.0	0.03914966379366236	5.357142857142857
1.0	3.0	0.0	0.09223487547050535	2.7142857142857144
1.0	3.0	0.0	0.09414643624210814	2.9285714285714284
1.0	2.0	0.0	0.06438873398708488	2.9285714285714284
1.0	3.0	0.0	0.0946353719803217	3.2857142857142856
1.0	3.0	0.0	0.10827820649654282	4.428571428571429
1.0	2.0	0.0	0.06299582231399793	3.357142857142857
1.0	2.0	0.0	0.06371598605670724	3.9285714285714284
1.0	2.0	0.0	0.06368777790427443	3.7142857142857144
1.0	1.0	0.0	0.037718452886504224	5.0
