Constant_feature	Degree	Clustering_coefficient	Pagerank	Aver_path_len
1.0	2.0	0.0	0.050433220899632564	4.842105263157895
1.0	1.0	0.0	0.02469109148774286	3.8947368421052633
1.0	1.0	0.0	0.024694627538694815	4.105263157894737
1.0	3.0	0.0	0.0656360576226779	2.9473684210526314
1.0	3.0	0.0	0.06565059684196217	3.1578947368421053
1.0	1.0	0.0	0.02769438546756932	5.7894736842105265
1.0	3.0	0.0	0.06402508831124173	2.9473684210526314
1.0	3.0	0.0	0.06404066810018265	3.1578947368421053
1.0	3.0	0.0	0.06402508831124173	2.9473684210526314
1.0	3.0	0.0	0.06404066810018265	3.1578947368421053
1.0	2.0	0.0	0.04471462557564289	3.473684210526316
1.0	2.0	0.0	0.044753124159365165	3.6842105263157894
1.0	2.0	0.0	0.04471462557564289	3.473684210526316
1.0	2.0	0.0	0.044753124159365165	3.6842105263157894
1.0	3.0	0.0	0.06835655789697118	4.0
1.0	2.0	0.0	0.045646142843855424	4.2105263157894735
1.0	3.0	0.0	0.06835655789697118	4.0
1.0	2.0	0.0	0.045646142843855424	4.2105263157894735
1.0	2.0	0.0	0.05043322089963257	4.842105263157895
1.0	1.0	0.0	0.02769438546756932	5.7894736842105265
