Constant_feature	Degree	Clustering_coefficient	Pagerank	Aver_path_len
1.0	1.0	0.0	0.018723782822442043	7.464285714285714
1.0	1.0	0.0	0.016826877392024302	5.285714285714286
1.0	2.0	0.0	0.032246291781933986	6.035714285714286
1.0	3.0	0.0	0.0434322885605937	4.5
1.0	2.0	0.0	0.02936537083217922	4.714285714285714
1.0	1.0	0.0	0.01764816207151325	7.392857142857143
1.0	3.0	0.0	0.05558683090549525	8.285714285714286
1.0	3.0	0.0	0.045486364735943516	5.607142857142857
1.0	2.0	0.0	0.030123890771530763	5.142857142857143
1.0	3.0	0.0	0.04402300810606219	5.5
1.0	3.0	0.0	0.04349873748740393	4.928571428571429
1.0	2.0	0.0	0.033945675479012324	6.5
1.0	3.0	0.0	0.044595301169318584	4.321428571428571
1.0	2.0	0.0	0.030842306926497032	6.25
1.0	2.0	0.0	0.030697834469241833	5.678571428571429
1.0	3.0	0.0	0.04324395525247841	4.285714285714286
1.0	3.0	0.0	0.04733267020350988	6.428571428571429
1.0	2.0	0.0	0.0315272735967444	7.0
1.0	2.0	0.0	0.029339263523233138	4.5
1.0	3.0	0.0	0.04305802084163577	4.642857142857143
1.0	3.0	0.0	0.04314764230681933	4.857142857142857
1.0	2.0	0.0	0.029919913868945547	5.035714285714286
1.0	2.0	0.0	0.030147603368794823	5.25
1.0	3.0	0.0	0.045176868627784236	5.428571428571429
1.0	2.0	0.0	0.03056906054553958	5.642857142857143
1.0	2.0	0.0	0.03387320016916981	6.714285714285714
1.0	2.0	0.0	0.035370056263577795	7.464285714285714
1.0	1.0	0.0	0.02012587396028763	9.25
1.0	1.0	0.0	0.02012587396028763	9.25
