Constant_feature	Degree	Clustering_coefficient	Pagerank	Aver_path_len
1.0	2.0	0.0	0.04733779469197487	4.95
1.0	2.0	0.0	0.04303403151084822	3.45
1.0	2.0	0.0	0.04431943802497088	4.0
1.0	1.0	0.0	0.024268661550212893	4.5
1.0	1.0	0.0	0.024812681236662748	5.4
1.0	1.0	0.0	0.026578500265219067	5.7
1.0	3.0	0.0	0.05982605643169897	2.95
1.0	2.0	0.0	0.04155772221499898	3.85
1.0	2.0	0.0	0.04217711910872661	3.9
1.0	2.0	0.0	0.043340430629974905	4.85
1.0	3.0	0.0	0.06158275803027144	3.0
1.0	3.0	0.0	0.06599523806917064	3.9
1.0	3.0	0.0	0.06502037434415675	3.55
1.0	3.0	0.0	0.06683345734252226	4.45
1.0	2.0	0.0	0.04847962300646405	4.75
1.0	3.0	0.0	0.059850976009663354	3.15
1.0	2.0	0.0	0.041411048739570716	3.55
1.0	3.0	0.0	0.060536377837291	3.55
1.0	3.0	0.0	0.06372845996257391	4.1
1.0	2.0	0.0	0.04324518331457469	4.45
1.0	1.0	0.0	0.026064067678452582	5.9
