Constant_feature	Degree	Clustering_coefficient	Pagerank	Aver_path_len
1.0	1.0	0.0	0.02613610410690055	3.6666666666666665
1.0	1.0	0.0	0.026474496674542335	3.9444444444444446
1.0	1.0	0.0	0.02680046786980825	4.222222222222222
1.0	1.0	0.0	0.026841230267818803	4.5
1.0	3.0	0.0	0.06847949776506677	3.2777777777777777
1.0	2.0	0.0	0.04766149755735716	4.055555555555555
1.0	2.0	0.0	0.04766149755735716	4.055555555555555
1.0	2.0	0.0	0.048564995719451706	4.833333333333333
1.0	2.0	0.0	0.0485649957194517	4.833333333333333
1.0	3.0	0.0	0.06773865560317546	2.7777777777777777
1.0	3.0	0.0	0.06957503804816895	2.7222222222222223
1.0	2.0	0.0	0.046795737548895815	3.0555555555555554
1.0	3.0	0.0	0.06823026807974521	2.6666666666666665
1.0	3.0	0.0	0.06852115372177778	2.9444444444444446
1.0	3.0	0.0	0.0707060366575023	3.0
1.0	3.0	0.0	0.0717892604946022	3.2777777777777777
1.0	3.0	0.0	0.07192869955500349	3.5555555555555554
1.0	2.0	0.0	0.0487515039276724	3.888888888888889
1.0	2.0	0.0	0.04877886312570163	4.166666666666667
