Constant_feature	Degree	Clustering_coefficient	Pagerank	Aver_path_len
1.0	1.0	0.0	0.029309608058079164	6.176470588235294
1.0	1.0	0.0	0.02746123181443887	4.529411764705882
1.0	2.0	0.0	0.050125632706883624	3.235294117647059
1.0	3.0	0.0	0.07079536586954896	3.588235294117647
1.0	3.0	0.0	0.07156816030384575	4.0588235294117645
1.0	2.0	0.0	0.04900679489613951	4.764705882352941
1.0	2.0	0.0	0.04900679489613951	4.764705882352941
1.0	2.0	0.0	0.04884798666469257	4.294117647058823
1.0	2.0	0.0	0.04884798666469257	4.294117647058823
1.0	3.0	0.0	0.07301776711005714	3.588235294117647
1.0	3.0	0.0	0.07092560003844631	3.1176470588235294
1.0	2.0	0.0	0.04938968645192198	3.1176470588235294
1.0	3.0	0.0	0.07448351638734153	3.4705882352941178
1.0	2.0	0.0	0.05152255910537087	4.0588235294117645
1.0	2.0	0.0	0.05152255910537087	4.0588235294117645
1.0	2.0	0.0	0.05249523316538602	4.647058823529412
1.0	2.0	0.0	0.05249523316538602	4.647058823529412
1.0	3.0	0.0	0.07917828359625839	5.235294117647059
