Constant_feature	Degree	Clustering_coefficient	Pagerank	Aver_path_len
1.0	1.0	0.0	0.018528694706088072	8.580645161290322
1.0	0.0	0.0	0.0	0.0
1.0	1.0	0.0	0.016801745405461165	6.516129032258065
1.0	1.0	0.0	0.015273370577988919	5.483870967741935
1.0	1.0	0.0	0.01528373510143419	5.612903225806452
1.0	1.0	0.0	0.017556087590985793	7.67741935483871
1.0	3.0	0.0	0.04782505051345505	6.903225806451613
1.0	2.0	0.0	0.028462930762448744	4.580645161290323
1.0	2.0	0.0	0.0289971021004226	5.225806451612903
1.0	3.0	0.0	0.04558706243436751	5.548387096774194
1.0	2.0	0.0	0.03115010585776926	6.193548387096774
1.0	2.0	0.0	0.029610337521585643	5.032258064516129
1.0	3.0	0.0	0.039013716041283286	4.0
1.0	3.0	0.0	0.040046004468077726	4.193548387096774
1.0	3.0	0.0	0.039088436466635734	4.129032258064516
1.0	3.0	0.0	0.040336448729251274	4.580645161290323
1.0	2.0	0.0	0.03409418201404997	7.806451612903226
1.0	2.0	0.0	0.03409418201404997	7.806451612903226
1.0	3.0	0.0	0.0404948181261053	4.516129032258065
1.0	3.0	0.0	0.04052930278749822	4.645161290322581
1.0	3.0	0.0	0.03973205783905487	5.032258064516129
1.0	3.0	0.0	0.03974127518457091	5.161290322580645
1.0	2.0	0.0	0.02757415950115777	4.645161290322581
1.0	2.0	0.0	0.027633903745396187	4.774193548387097
1.0	2.0	0.0	0.030605458652705083	5.935483870967742
1.0	1.0	0.0	0.01846659233771448	8.774193548387096
1.0	1.0	0.0	0.01846659233771448	8.774193548387096
1.0	2.0	0.0	0.02785889323551554	5.870967741935484
1.0	3.0	0.0	0.04809945413569293	6.709677419354839
1.0	2.0	0.0	0.027861888379496616	6.0
1.0	2.0	0.0	0.028475957661264737	6.709677419354839
1.0	2.0	0.0	0.028477129917144725	6.838709677419355
1.0	2.0	0.0	0.03423332385361311	7.612903225806452
