Constant_feature	Degree	Clustering_coefficient	Pagerank	Aver_path_len
1.0	1.0	0.0	0.016863391337577922	5.107142857142857
1.0	1.0	0.0	0.019111943246251456	8.571428571428571
1.0	1.0	0.0	0.019111943246251456	8.571428571428571
1.0	2.0	0.0	0.029351376927172115	4.642857142857143
1.0	3.0	0.0	0.05220919909788439	7.607142857142857
1.0	3.0	0.0	0.043342554523897556	5.142857142857143
1.0	3.0	0.0	0.04382550499013538	4.607142857142857
1.0	2.0	0.0	0.030506093139074666	5.964285714285714
1.0	3.0	0.0	0.0433948293220662	4.892857142857143
1.0	3.0	0.0	0.04292138077231319	4.357142857142857
1.0	2.0	0.0	0.031234027303890806	6.785714285714286
1.0	2.0	0.0	0.03052476267206585	5.714285714285714
1.0	2.0	0.0	0.031239479078768367	6.535714285714286
1.0	2.0	0.0	0.03221898313747483	5.357142857142857
1.0	2.0	0.0	0.029867787814650847	4.464285714285714
1.0	3.0	0.0	0.04294749368311166	4.107142857142857
1.0	2.0	0.0	0.030097074199163312	4.5
1.0	2.0	0.0	0.03471734951538977	6.178571428571429
1.0	3.0	0.0	0.04402528338933707	4.25
1.0	3.0	0.0	0.044718162626796135	4.142857142857143
1.0	2.0	0.0	0.03726827103672642	7.071428571428571
1.0	2.0	0.0	0.030264735288492686	4.571428571428571
1.0	1.0	0.0	0.020218926952378178	8.035714285714286
1.0	3.0	0.0	0.045359142846304615	4.964285714285714
1.0	2.0	0.0	0.031437615215771174	5.571428571428571
1.0	2.0	0.0	0.031437615215771174	5.571428571428571
1.0	2.0	0.0	0.03195568148122453	6.178571428571429
1.0	2.0	0.0	0.03195568148122453	6.178571428571429
1.0	3.0	0.0	0.04787371045883357	6.785714285714286
