Constant_feature	Degree	Clustering_coefficient	Pagerank	Aver_path_len
1.0	1.0	0.0	0.014329161860702294	11.694444444444445
1.0	1.0	0.0	0.014329161860702294	11.694444444444445
1.0	1.0	0.0	0.013853966134023225	7.055555555555555
1.0	1.0	0.0	0.013853966134023225	7.055555555555555
1.0	2.0	0.0	0.023675821422795996	5.5
1.0	2.0	0.0	0.02529430193743943	6.555555555555555
1.0	2.0	0.0	0.02529430193743943	6.555555555555555
1.0	2.0	0.0	0.025422236733540382	7.083333333333333
1.0	2.0	0.0	0.025422236733540382	7.083333333333333
1.0	3.0	0.0	0.03495300626511495	5.527777777777778
1.0	3.0	0.0	0.03495300626511495	5.527777777777778
1.0	3.0	0.0	0.035389956794994695	5.722222222222222
1.0	3.0	0.0	0.035389956794994695	5.722222222222222
1.0	2.0	0.0	0.02440257358380772	6.388888888888889
1.0	2.0	0.0	0.02440257358380772	6.388888888888889
1.0	2.0	0.0	0.02455284882080158	6.583333333333333
1.0	2.0	0.0	0.02455284882080158	6.583333333333333
1.0	2.0	0.0	0.02491696289049731	7.25
1.0	2.0	0.0	0.02491696289049731	7.25
1.0	2.0	0.0	0.0249654455246859	7.444444444444445
1.0	2.0	0.0	0.0249654455246859	7.444444444444445
1.0	3.0	0.0	0.03716910941815432	6.083333333333333
1.0	3.0	0.0	0.03716910941815432	6.083333333333333
1.0	3.0	0.0	0.036839476474905784	8.305555555555555
1.0	3.0	0.0	0.036839476474905784	8.305555555555555
1.0	2.0	0.0	0.025195017960391346	7.666666666666667
1.0	2.0	0.0	0.025195017960391346	7.666666666666667
1.0	2.0	0.0	0.025332705719173225	9.11111111111111
1.0	2.0	0.0	0.025332705719173225	9.11111111111111
1.0	2.0	0.0	0.025332705719173225	9.11111111111111
1.0	2.0	0.0	0.025332705719173225	9.11111111111111
1.0	2.0	0.0	0.025728783971294647	9.916666666666666
1.0	2.0	0.0	0.025728783971294647	9.916666666666666
1.0	2.0	0.0	0.025728783971294647	9.916666666666666
1.0	2.0	0.0	0.025728783971294647	9.916666666666666
1.0	3.0	0.0	0.03875504550860741	10.722222222222221
1.0	3.0	0.0	0.03875504550860741	10.722222222222221
