Constant_feature	Degree	Clustering_coefficient	Pagerank	Aver_path_len
1.0	2.0	0.0	0.01807153381859538	6.285714285714286
1.0	2.0	0.0	0.01796786282642987	6.163265306122449
1.0	1.0	0.0	0.010398217966124503	8.612244897959183
1.0	1.0	0.0	0.010362119863059205	8.571428571428571
1.0	1.0	0.0	0.00967191398289548	5.959183673469388
1.0	1.0	0.0	0.009616150358428088	6.081632653061225
1.0	1.0	0.0	0.009611289229562078	5.877551020408164
1.0	2.0	0.0	0.017468066440668166	6.408163265306122
1.0	1.0	0.0	0.010026313750319387	8.081632653061224
1.0	3.0	0.0	0.03017424883611721	7.714285714285714
1.0	3.0	0.0	0.03005844615497378	7.673469387755102
1.0	4.0	0.0	0.03680212241462168	6.816326530612245
1.0	2.0	0.0	0.01799692378484068	6.163265306122449
1.0	3.0	0.0	0.02799313808054754	7.63265306122449
1.0	3.0	0.0	0.025723380039121214	5.469387755102041
1.0	3.0	0.0	0.027850305564026893	6.938775510204081
1.0	1.0	0.0	0.010280202999103503	7.795918367346939
1.0	3.0	0.0	0.02497230264484016	4.938775510204081
1.0	3.0	0.0	0.025490080854783985	5.346938775510204
1.0	3.0	0.0	0.027422868133750458	6.775510204081633
1.0	2.0	0.0	0.017873762268451898	6.081632653061225
1.0	3.0	0.0	0.024536556061465657	4.775510204081633
1.0	3.0	0.0	0.027873741137799835	7.591836734693878
1.0	3.0	0.0	0.027736605382310833	6.857142857142857
1.0	2.0	0.0	0.01685322933935518	5.142857142857143
1.0	1.0	0.0	0.010354813032858203	7.918367346938775
1.0	3.0	0.0	0.025574248771719835	4.979591836734694
1.0	3.0	0.0	0.024354538780753127	4.816326530612245
1.0	1.0	0.0	0.011052546301659931	8.693877551020408
1.0	1.0	0.0	0.011052546301659931	8.693877551020408
1.0	3.0	0.0	0.024589190524158148	4.612244897959184
1.0	1.0	0.0	0.010320961952872305	7.836734693877551
1.0	3.0	0.0	0.02538565501080236	5.1020408163265305
1.0	3.0	0.0	0.02537256834864169	4.8979591836734695
1.0	3.0	0.0	0.024753729534368683	5.387755102040816
1.0	3.0	0.0	0.024480725875614746	5.183673469387755
1.0	1.0	0.0	0.011017498658760666	8.653061224489797
1.0	1.0	0.0	0.011017498658760666	8.653061224489797
1.0	3.0	0.0	0.024814898903969467	5.673469387755102
1.0	2.0	0.0	0.017316089500724823	6.122448979591836
1.0	3.0	0.0	0.025360660791947136	6.408163265306122
1.0	3.0	0.0	0.026303725690264068	6.612244897959184
1.0	3.0	0.0	0.02675663553127621	7.1020408163265305
1.0	1.0	0.0	0.009890499948149953	7.591836734693878
1.0	3.0	0.0	0.026749735887766496	7.1020408163265305
1.0	2.0	0.0	0.018050533097509754	7.836734693877551
1.0	3.0	0.0	0.029214252634429783	7.959183673469388
1.0	1.0	0.0	0.010765007929742363	8.938775510204081
1.0	2.0	0.0	0.02111779402267588	8.89795918367347
1.0	1.0	0.0	0.011502262376720822	9.877551020408163
