Constant_feature	Degree	Clustering_coefficient	Pagerank	Aver_path_len
1.0	1.0	0.0	0.030917573787744297	4.375
1.0	1.0	0.0	0.030917573787744297	4.375
1.0	1.0	0.0	0.03131871587958452	5.375
1.0	2.0	0.0	0.061171866204171664	4.125
1.0	1.0	0.0	0.03247747360566606	4.5
1.0	2.0	0.0	0.0562755284594549	3.0625
1.0	2.0	0.0	0.05780187487987922	3.25
1.0	3.0	0.0	0.09564657925166359	4.8125
1.0	1.0	0.0	0.034576745539682076	5.75
1.0	1.0	0.0	0.034576745539682076	5.75
1.0	3.0	0.0	0.0812771959085253	3.0
1.0	3.0	0.0	0.08344936610789574	3.4375
1.0	3.0	0.0	0.08344936610789574	3.4375
1.0	3.0	0.0	0.08864901298361158	3.5625
1.0	2.0	0.0	0.05635393672615235	4.0
1.0	2.0	0.0	0.05635393672615235	4.0
1.0	3.0	0.0	0.08478650850449397	4.4375
