Constant_feature	Degree	Clustering_coefficient	Pagerank	Aver_path_len
1.0	1.0	0.0	0.02867065210367096	5.764705882352941
1.0	0.0	0.0	0.0	0.0
1.0	1.0	0.0	0.033867650588750284	7.294117647058823
1.0	2.0	0.0	0.05164439017391123	3.411764705882353
1.0	2.0	0.0	0.05000710898841082	4.352941176470588
1.0	2.0	0.0	0.05564585096238503	4.235294117647059
1.0	2.0	0.0	0.05747462551324543	4.823529411764706
1.0	2.0	0.0	0.053835364318179604	3.764705882352941
1.0	2.0	0.0	0.05973163171136083	5.529411764705882
1.0	3.0	0.0	0.07287373051373339	3.176470588235294
1.0	3.0	0.0	0.07161243231364434	3.2941176470588234
1.0	2.0	0.0	0.06291487952779985	6.352941176470588
1.0	3.0	0.0	0.07218873100582973	3.6470588235294117
1.0	2.0	0.0	0.05021260846886732	3.8823529411764706
1.0	2.0	0.0	0.050082075551131616	3.8823529411764706
1.0	2.0	0.0	0.05032767295735121	4.235294117647059
1.0	2.0	0.0	0.05065362479085208	4.235294117647059
1.0	2.0	0.0	0.05120798767394275	4.470588235294118
1.0	3.0	0.0	0.07704898283693348	4.823529411764706
