Constant_feature	Degree	Clustering_coefficient	Pagerank	Aver_path_len
1.0	1.0	0.0	0.024940413950782288	4.105263157894737
1.0	2.0	0.0	0.045540915596902584	3.9473684210526314
1.0	2.0	0.0	0.045010336694700254	4.157894736842105
1.0	2.0	0.0	0.0450798705368899	3.5789473684210527
1.0	3.0	0.0	0.06505683427701378	3.8947368421052633
1.0	3.0	0.0	0.06528989354815659	3.0
1.0	3.0	0.0	0.06478206392112479	3.4210526315789473
1.0	3.0	0.0	0.06646723737117623	3.1578947368421053
1.0	2.0	0.0	0.044583911847297	3.210526315789474
1.0	2.0	0.0	0.04526152563903321	4.631578947368421
1.0	2.0	0.0	0.04516544452745911	4.157894736842105
1.0	3.0	0.0	0.06665989163409036	3.526315789473684
1.0	2.0	0.0	0.046098588691633954	5.368421052631579
1.0	2.0	0.0	0.046068996717679424	4.894736842105263
1.0	2.0	0.0	0.046222185078940485	4.157894736842105
1.0	2.0	0.0	0.04621141545332701	4.2631578947368425
1.0	3.0	0.0	0.07075231291472849	4.7894736842105265
1.0	2.0	0.0	0.04714424166563405	4.894736842105263
1.0	2.0	0.0	0.04743902341374909	5.526315789473684
1.0	1.0	0.0	0.02622489651968128	5.7368421052631575
