Constant_feature	Degree	Clustering_coefficient	Pagerank	Aver_path_len
1.0	1.0	0.0	0.02030808844103445	5.75
1.0	1.0	0.0	0.02070852199111424	6.791666666666667
1.0	1.0	0.0	0.02206356627748943	7.458333333333333
1.0	1.0	0.0	0.02206356627748943	7.458333333333333
1.0	3.0	0.0	0.0516064576232582	4.083333333333333
1.0	3.0	0.0	0.05455212307660941	5.291666666666667
1.0	3.0	0.0	0.05563919189636152	5.333333333333333
1.0	3.0	0.0	0.053731541369350336	5.125
1.0	2.0	0.0	0.03546258764605748	5.083333333333333
1.0	2.0	0.0	0.03734417859047284	6.541666666666667
1.0	3.0	0.0	0.06020764456484195	6.5
1.0	2.0	0.0	0.03614803565051708	4.125
1.0	2.0	0.0	0.037037665429549005	4.25
1.0	2.0	0.0	0.03726647663126804	4.458333333333333
1.0	3.0	0.0	0.05130429795197221	4.25
1.0	2.0	0.0	0.03689073216498737	4.75
1.0	3.0	0.0	0.051714877795735935	4.75
1.0	2.0	0.0	0.035439696716886196	4.75
1.0	3.0	0.0	0.054360267177319614	4.791666666666667
1.0	3.0	0.0	0.055694756822419055	5.833333333333333
1.0	1.0	0.0	0.020365528579780596	6.25
1.0	3.0	0.0	0.05498912552060371	5.708333333333333
1.0	1.0	0.0	0.020691677321147465	6.291666666666667
1.0	2.0	0.0	0.03696842320456035	5.958333333333333
1.0	2.0	0.0	0.03744097127917383	6.666666666666667
