Constant_feature	Degree	Clustering_coefficient	Pagerank	Aver_path_len
1.0	1.0	0.0	0.008531957023598075	2.1666666666666665
1.0	1.0	0.0	0.008531957023598075	2.1666666666666665
1.0	1.0	0.0	0.008531957023598075	2.1666666666666665
1.0	2.0	0.0	0.014062536911505125	17.841269841269842
1.0	2.0	0.0	0.014062536911505125	17.841269841269842
1.0	1.0	0.0	0.007665968036361482	11.857142857142858
1.0	1.0	0.0	0.008629837271556062	2.3333333333333335
1.0	1.0	0.0	0.008629837271556062	2.3333333333333335
1.0	2.0	0.0	0.011848145667448667	15.984126984126984
1.0	2.0	0.0	0.011848145667448667	15.984126984126984
1.0	2.0	0.0	0.012769774555404921	12.428571428571429
1.0	2.0	0.0	0.012769774555404921	12.428571428571429
1.0	2.0	0.0	0.01246972671055378	13.698412698412698
1.0	2.0	0.0	0.01246972671055378	13.698412698412698
1.0	3.0	0.0	0.020663585631157468	11.34920634920635
1.0	3.0	0.0	0.020663585631157468	11.34920634920635
1.0	2.0	0.0	0.013944899359161031	10.904761904761905
1.0	2.0	0.0	0.013944899359161031	10.904761904761905
1.0	3.0	0.0	0.017170364335416917	14.428571428571429
1.0	3.0	0.0	0.017170364335416917	14.428571428571429
1.0	3.0	0.0	0.01729387343197078	15.174603174603174
1.0	3.0	0.0	0.01729387343197078	15.174603174603174
1.0	3.0	0.0	0.017898082853198195	13.825396825396826
1.0	3.0	0.0	0.017898082853198195	13.825396825396826
1.0	3.0	0.0	0.017461392180519723	13.222222222222221
1.0	3.0	0.0	0.017461392180519723	13.222222222222221
1.0	3.0	0.0	0.018008671699729466	14.571428571428571
1.0	3.0	0.0	0.018008671699729466	14.571428571428571
1.0	3.0	0.0	0.01734791354202145	15.174603174603174
1.0	3.0	0.0	0.01734791354202145	15.174603174603174
1.0	3.0	0.0	0.017607233818558984	13.968253968253968
1.0	3.0	0.0	0.017607233818558984	13.968253968253968
1.0	3.0	0.0	0.017505217218124168	15.968253968253968
1.0	3.0	0.0	0.017505217218124168	15.968253968253968
1.0	3.0	0.0	0.018004588144566375	12.777777777777779
1.0	3.0	0.0	0.018004588144566375	12.777777777777779
1.0	1.0	0.0	0.00677785642903134	14.80952380952381
1.0	1.0	0.0	0.00677785642903134	14.80952380952381
1.0	2.0	0.0	0.012303974945367212	16.03174603174603
1.0	2.0	0.0	0.012303974945367212	16.03174603174603
1.0	1.0	0.0	0.0068110747945032265	15.555555555555555
1.0	1.0	0.0	0.0068110747945032265	15.555555555555555
1.0	2.0	0.0	0.012350483203055337	14.88888888888889
1.0	2.0	0.0	0.012350483203055337	14.88888888888889
1.0	2.0	0.0	0.012357145375623635	16.825396825396826
1.0	2.0	0.0	0.012357145375623635	16.825396825396826
1.0	2.0	0.0	0.013244054973523545	12.11111111111111
1.0	2.0	0.0	0.013244054973523545	12.11111111111111
1.0	2.0	0.0	0.013532040197229095	11.825396825396826
1.0	2.0	0.0	0.013532040197229095	11.825396825396826
1.0	2.0	0.0	0.013696569319549257	11.571428571428571
1.0	2.0	0.0	0.013696569319549257	11.571428571428571
1.0	3.0	0.0	0.018970509611882565	16.88888888888889
1.0	3.0	0.0	0.018970509611882565	16.88888888888889
1.0	2.0	0.0	0.012660326116440754	17.682539682539684
1.0	2.0	0.0	0.012660326116440754	17.682539682539684
1.0	2.0	0.0	0.012577560987593047	14.444444444444445
1.0	2.0	0.0	0.012577560987593047	14.444444444444445
1.0	2.0	0.0	0.013876463620601534	11.19047619047619
1.0	2.0	0.0	0.013876463620601534	11.19047619047619
1.0	2.0	0.0	0.013932050271728573	11.063492063492063
1.0	2.0	0.0	0.013932050271728573	11.063492063492063
1.0	1.0	0.0	0.0076073019038842855	12.333333333333334
1.0	1.0	0.0	0.0076073019038842855	12.333333333333334
1.0	2.0	0.0	0.01395254016002025	10.968253968253968
1.0	2.0	0.0	0.01395254016002025	10.968253968253968
1.0	3.0	0.0	0.020857396497546025	10.873015873015873
1.0	1.0	0.0	0.0077365851157882035	18.825396825396826
1.0	1.0	0.0	0.0077365851157882035	18.825396825396826
1.0	4.0	0.0	0.031678776237465435	1.3333333333333333
1.0	3.0	0.0	0.02405722744440284	1.5
