Constant_feature	Degree	Clustering_coefficient	Pagerank	Aver_path_len
1.0	1.0	0.0	0.02756734444866748	4.684210526315789
1.0	1.0	0.0	0.02756734444866748	4.684210526315789
1.0	1.0	0.0	0.02756734444866748	4.684210526315789
1.0	1.0	0.0	0.027688226400479007	4.473684210526316
1.0	1.0	0.0	0.027688226400479007	4.473684210526316
1.0	1.0	0.0	0.027688226400479007	4.473684210526316
1.0	1.0	0.0	0.027688226400479007	4.473684210526316
1.0	1.0	0.0	0.028561848753664534	5.105263157894737
1.0	2.0	0.0	0.049173378930953415	3.4210526315789473
1.0	3.0	0.0	0.0756259457225566	3.526315789473684
1.0	3.0	0.0	0.0756259457225566	3.526315789473684
1.0	1.0	0.0	0.028561848753664534	5.105263157894737
1.0	3.0	0.0	0.06870362498116885	2.789473684210526
1.0	3.0	0.0	0.06955760632178876	3.1052631578947367
1.0	3.0	0.0	0.06929488751432854	2.789473684210526
1.0	3.0	0.0	0.06929488751432854	2.789473684210526
1.0	2.0	0.0	0.04665486276027908	3.1052631578947367
1.0	2.0	0.0	0.04665486276027908	3.1052631578947367
1.0	4.0	0.0	0.10029734104450098	3.736842105263158
1.0	3.0	0.0	0.07853802027201173	4.157894736842105
