Constant_feature	Degree	Clustering_coefficient	Pagerank	Aver_path_len
1.0	1.0	0.0	0.020052655307351376	4.521739130434782
1.0	2.0	0.0	0.04154611932685952	5.478260869565218
1.0	2.0	0.0	0.03481000626227909	3.4782608695652173
1.0	2.0	0.0	0.035562185162580535	4.086956521739131
1.0	2.0	0.0	0.036346523213335105	4.434782608695652
1.0	3.0	0.0	0.04957060410575758	3.0434782608695654
1.0	3.0	0.0	0.05035605669500242	3.130434782608696
1.0	3.0	0.0	0.05058829177751606	3.217391304347826
1.0	3.0	0.0	0.05107217072615711	3.391304347826087
1.0	3.0	0.0	0.050402972651972716	3.3043478260869565
1.0	3.0	0.0	0.05155530414116795	3.5652173913043477
1.0	3.0	0.0	0.05120486170191564	3.652173913043478
1.0	3.0	0.0	0.05187553265122562	3.8260869565217392
1.0	3.0	0.0	0.052952316826711004	3.5652173913043477
1.0	2.0	0.0	0.03554845304551993	3.9130434782608696
1.0	2.0	0.0	0.0362913329124029	4.0
1.0	2.0	0.0	0.0364520889010747	4.173913043478261
1.0	2.0	0.0	0.036166627170257606	4.173913043478261
1.0	3.0	0.0	0.0560133801785323	4.608695652173913
1.0	2.0	0.0	0.03657875445268667	4.608695652173913
1.0	2.0	0.0	0.03737295677973469	4.782608695652174
1.0	2.0	0.0	0.03744562737317394	5.391304347826087
1.0	2.0	0.0	0.03737193104423323	5.217391304347826
1.0	1.0	0.0	0.02286324759255208	6.434782608695652
