Constant_feature	Degree	Clustering_coefficient	Pagerank	Aver_path_len
1.0	2.0	0.0	0.046405641103053126	5.380952380952381
1.0	2.0	0.0	0.04656205899150396	5.9523809523809526
1.0	2.0	0.0	0.040578690208150414	5.476190476190476
1.0	3.0	0.0	0.05789128562852799	4.142857142857143
1.0	3.0	0.0	0.058351700072530946	3.761904761904762
1.0	3.0	0.0	0.058550130078078154	4.714285714285714
1.0	3.0	0.0	0.060508326859768174	3.761904761904762
1.0	2.0	0.0	0.04045806333817993	3.6666666666666665
1.0	2.0	0.0	0.04090429288745028	3.6666666666666665
1.0	2.0	0.0	0.04060924537792829	4.904761904761905
1.0	2.0	0.0	0.040519010075610415	4.523809523809524
1.0	2.0	0.0	0.04167317097412675	4.142857142857143
1.0	3.0	0.0	0.06324815972883763	4.523809523809524
1.0	2.0	0.0	0.040840355398609196	5.476190476190476
1.0	2.0	0.0	0.04178637342114119	4.333333333333333
1.0	3.0	0.0	0.0635619414228451	5.095238095238095
1.0	2.0	0.0	0.04241706363974464	4.714285714285714
1.0	2.0	0.0	0.04154948038941638	5.666666666666667
1.0	2.0	0.0	0.0410386560897715	5.095238095238095
1.0	2.0	0.0	0.04161994709682461	6.238095238095238
1.0	1.0	0.0	0.02542750574165115	6.333333333333333
1.0	1.0	0.0	0.025498901476249988	6.904761904761905
