Constant_feature	Degree	Clustering_coefficient	Pagerank	Aver_path_len
1.0	1.0	0.0	0.011461320856069112	9.452380952380953
1.0	1.0	0.0	0.011461320856069112	9.452380952380953
1.0	1.0	0.0	0.012419832176599404	11.19047619047619
1.0	1.0	0.0	0.012419832176599404	11.19047619047619
1.0	3.0	0.0	0.0291423401926372	8.047619047619047
1.0	3.0	0.0	0.0291423401926372	8.047619047619047
1.0	2.0	0.0	0.020173971834700526	9.119047619047619
1.0	2.0	0.0	0.020173971834700526	9.119047619047619
1.0	2.0	0.0	0.02034434269910114	8.642857142857142
1.0	2.0	0.0	0.02034434269910114	8.642857142857142
1.0	2.0	0.0	0.020259584943035227	8.976190476190476
1.0	2.0	0.0	0.020259584943035227	8.976190476190476
1.0	2.0	0.0	0.022208404572175433	7.380952380952381
1.0	2.0	0.0	0.022092128887192176	7.404761904761905
1.0	2.0	0.0	0.022092128887192176	7.404761904761905
1.0	2.0	0.0	0.021717124763530125	7.476190476190476
1.0	2.0	0.0	0.021717124763530125	7.476190476190476
1.0	2.0	0.0	0.021000310816724717	7.595238095238095
1.0	2.0	0.0	0.021000310816724717	7.595238095238095
1.0	3.0	0.0	0.029673445388616815	7.761904761904762
1.0	3.0	0.0	0.029673445388616815	7.761904761904762
1.0	3.0	0.0	0.03230451220916196	9.523809523809524
1.0	3.0	0.0	0.03230451220916196	9.523809523809524
1.0	3.0	0.0	0.030230245716479403	8.928571428571429
1.0	3.0	0.0	0.030230245716479403	8.928571428571429
1.0	3.0	0.0	0.03045306643988971	8.476190476190476
1.0	3.0	0.0	0.03045306643988971	8.476190476190476
1.0	3.0	0.0	0.029263183256576154	8.666666666666666
1.0	3.0	0.0	0.029263183256576154	8.666666666666666
1.0	2.0	0.0	0.02322758974249045	11.0
1.0	2.0	0.0	0.02322758974249045	11.0
1.0	3.0	0.0	0.03364506587792855	10.214285714285714
1.0	3.0	0.0	0.03364506587792855	10.214285714285714
1.0	2.0	0.0	0.02401498867226432	11.833333333333334
1.0	2.0	0.0	0.02401498867226432	11.833333333333334
1.0	1.0	0.0	0.012016407010421132	10.5
1.0	1.0	0.0	0.012016407010421132	10.5
1.0	2.0	0.0	0.02497544531469944	12.714285714285714
1.0	2.0	0.0	0.02497544531469944	12.714285714285714
1.0	2.0	0.0	0.02631320316698632	13.642857142857142
1.0	2.0	0.0	0.02631320316698632	13.642857142857142
1.0	1.0	0.0	0.014167687748808394	14.619047619047619
1.0	1.0	0.0	0.014167687748808394	14.619047619047619
