Constant_feature	Degree	Clustering_coefficient	Pagerank	Aver_path_len
1.0	2.0	0.0	0.04819688780175416	3.473684210526316
1.0	2.0	0.0	0.04819688780175414	3.473684210526316
1.0	1.0	0.0	0.025185947365762025	4.0
1.0	1.0	0.0	0.025185947365762025	4.0
1.0	1.0	0.0	0.02966028843201951	6.0
1.0	1.0	0.0	0.02966028843201951	6.0
1.0	3.0	0.0	0.06510117791014232	3.263157894736842
1.0	3.0	0.0	0.06510117791014232	3.263157894736842
1.0	3.0	0.0	0.06696301910521694	2.8421052631578947
1.0	3.0	0.0	0.06696301910521696	2.8421052631578947
1.0	3.0	0.0	0.06728701150194295	3.0526315789473686
1.0	3.0	0.0	0.06728701150194294	3.0526315789473686
1.0	2.0	0.0	0.045299776762134855	4.0
1.0	2.0	0.0	0.045299776762134855	4.0
1.0	2.0	0.0	0.046154238800210204	4.7368421052631575
1.0	2.0	0.0	0.0461542388002102	4.7368421052631575
1.0	2.0	0.0	0.05134823689557183	4.2105263157894735
1.0	2.0	0.0	0.05134823689557183	4.2105263157894735
1.0	2.0	0.0	0.05480341542524506	5.052631578947368
1.0	2.0	0.0	0.05480341542524505	5.052631578947368
