Constant_feature	Degree	Clustering_coefficient	Pagerank	Aver_path_len
1.0	2.0	0.0	0.05511597997178792	3.3333333333333335
1.0	4.0	0.0	0.10989074650898024	2.533333333333333
1.0	3.0	0.0	0.08437143028240932	2.7333333333333334
1.0	2.0	0.0	0.05553730487734631	2.7333333333333334
1.0	3.0	0.0	0.07991642597634788	2.466666666666667
1.0	2.0	0.0	0.05586324419520364	2.6666666666666665
1.0	3.0	0.0	0.08437143028240932	2.7333333333333334
1.0	2.0	0.0	0.05553730487734631	2.7333333333333334
1.0	1.0	0.0	0.03097490368510489	3.466666666666667
1.0	2.0	0.0	0.05530823530903786	2.8
1.0	3.0	0.0	0.07894702583298636	2.6
1.0	1.0	0.0	0.03156194961084474	3.6666666666666665
1.0	3.0	0.0	0.07973019882679902	2.8
1.0	1.0	0.0	0.03156194961084474	3.6666666666666665
1.0	2.0	0.0	0.055351487015788264	3.533333333333333
1.0	2.0	0.0	0.05596038313676309	3.8
