Constant_feature	Degree	Clustering_coefficient	Pagerank	Aver_path_len
1.0	1.0	0.0	0.008990150703327556	7.363636363636363
1.0	1.0	0.0	0.009126415942521334	6.963636363636364
1.0	1.0	0.0	0.009382939930087743	7.036363636363636
1.0	2.0	0.0	0.015691810264492862	8.49090909090909
1.0	1.0	0.0	0.009241687670388346	7.363636363636363
1.0	1.0	0.0	0.009277281748233692	7.472727272727273
1.0	1.0	0.0	0.009447647654251965	7.945454545454545
1.0	1.0	0.0	0.009552368255527981	7.8
1.0	1.0	0.0	0.009050545644349404	10.381818181818181
1.0	2.0	0.0	0.018369110789350315	11.50909090909091
1.0	3.0	0.0	0.02445189719240326	6.127272727272727
1.0	3.0	0.0	0.02482649509646532	5.909090909090909
1.0	3.0	0.0	0.025034245097101514	6.818181818181818
1.0	2.0	0.0	0.01692380786349195	6.345454545454546
1.0	2.0	0.0	0.016964923295293505	6.527272727272727
1.0	2.0	0.0	0.01729386695258113	6.963636363636364
1.0	3.0	0.0	0.023779323653805348	5.8
1.0	3.0	0.0	0.02371970414107344	6.236363636363636
1.0	3.0	0.0	0.024013238118871242	6.381818181818182
1.0	3.0	0.0	0.02446751276526787	5.9818181818181815
1.0	2.0	0.0	0.015873792915221563	6.818181818181818
1.0	3.0	0.0	0.025486576862755475	6.2
1.0	3.0	0.0	0.02406907857014705	6.636363636363637
1.0	3.0	0.0	0.02532591095216442	6.054545454545455
1.0	3.0	0.0	0.023346615332869865	6.963636363636364
1.0	3.0	0.0	0.02485448212002407	6.381818181818182
1.0	1.0	0.0	0.009120872656089029	7.109090909090909
1.0	3.0	0.0	0.02323822415268306	7.363636363636363
1.0	1.0	0.0	0.009234185579385028	6.890909090909091
1.0	2.0	0.0	0.016179175998367264	7.327272727272727
1.0	3.0	0.0	0.024970187598974604	6.490909090909091
1.0	3.0	0.0	0.025745401994480444	6.672727272727273
1.0	3.0	0.0	0.025803518252483986	7.072727272727272
1.0	1.0	0.0	0.009432240400972543	7.181818181818182
1.0	3.0	0.0	0.025541299899065905	6.963636363636364
1.0	2.0	0.0	0.01595068069814355	7.581818181818182
1.0	2.0	0.0	0.01595068069814355	7.581818181818182
1.0	2.0	0.0	0.015712355481877435	7.9818181818181815
1.0	3.0	0.0	0.02391194658133191	8.054545454545455
1.0	3.0	0.0	0.025887501620970917	6.818181818181818
1.0	2.0	0.0	0.0160883005744613	8.236363636363636
1.0	1.0	0.0	0.009296457070574846	7.8
1.0	3.0	0.0	0.023169515621655735	8.345454545454546
1.0	3.0	0.0	0.0231817308358295	8.527272727272727
1.0	2.0	0.0	0.015915194001561078	8.163636363636364
1.0	2.0	0.0	0.015915194001561078	8.163636363636364
1.0	1.0	0.0	0.009508949910619445	7.654545454545454
1.0	1.0	0.0	0.009527212982767434	8.054545454545455
1.0	2.0	0.0	0.016289964314312132	8.854545454545455
1.0	3.0	0.0	0.024217156702565933	9.4
1.0	2.0	0.0	0.016493848648579057	8.89090909090909
1.0	2.0	0.0	0.016493848648579057	8.89090909090909
1.0	2.0	0.0	0.016745038768656958	9.727272727272727
1.0	2.0	0.0	0.016745038768656958	9.727272727272727
1.0	3.0	0.0	0.025121351599025177	10.563636363636364
1.0	1.0	0.0	0.010051496405556547	12.49090909090909
