Constant_feature	Degree	Clustering_coefficient	Pagerank	Aver_path_len
1.0	2.0	0.0	0.0614542524939162	4.0
1.0	1.0	0.0	0.030055496924078308	3.9375
1.0	1.0	0.0	0.029889911653422696	4.5
1.0	1.0	0.0	0.03208617283812287	4.25
1.0	3.0	0.0	0.07772207467712541	2.5625
1.0	2.0	0.0	0.054063055636324533	3.375
1.0	2.0	0.0	0.052785218028386	3.875
1.0	2.0	0.0	0.0526070503687815	3.5
1.0	3.0	0.0	0.07578659090652395	2.75
1.0	3.0	0.0	0.07637887199788193	3.125
1.0	2.0	0.0	0.05540321320311579	2.875
1.0	3.0	0.0	0.08057845076282909	3.0
1.0	3.0	0.0	0.08002615506681823	3.5625
1.0	3.0	0.0	0.08734365270720763	3.3125
1.0	2.0	0.0	0.05330892162606675	4.0625
1.0	2.0	0.0	0.06526047851242911	4.8125
1.0	1.0	0.0	0.03525043259696979	5.75
