Constant_feature	Degree	Clustering_coefficient	Pagerank	Aver_path_len
1.0	1.0	0.0	0.010343369811150801	11.392156862745098
1.0	1.0	0.0	0.010343369811150801	11.392156862745098
1.0	1.0	0.0	0.009433902010057785	8.784313725490197
1.0	1.0	0.0	0.009433902010057785	8.784313725490197
1.0	1.0	0.0	0.009852495269907172	7.9411764705882355
1.0	3.0	0.0	0.02402691152741755	8.196078431372548
1.0	3.0	0.0	0.02402691152741755	8.196078431372548
1.0	1.0	0.0	0.009506322486526303	11.196078431372548
1.0	1.0	0.0	0.009506322486526303	11.196078431372548
1.0	2.0	0.0	0.017092996481928788	7.823529411764706
1.0	2.0	0.0	0.017092996481928788	7.823529411764706
1.0	3.0	0.0	0.02585231428835634	7.607843137254902
1.0	3.0	0.0	0.02585231428835634	7.607843137254902
1.0	2.0	0.0	0.017378899041154368	7.0
1.0	2.0	0.0	0.017378899041154368	7.0
1.0	3.0	0.0	0.024932482390318308	9.470588235294118
1.0	3.0	0.0	0.024932482390318308	9.470588235294118
1.0	3.0	0.0	0.023715767598345365	9.333333333333334
1.0	3.0	0.0	0.023715767598345365	9.333333333333334
1.0	2.0	0.0	0.016611034700966962	8.92156862745098
1.0	2.0	0.0	0.016611034700966962	8.92156862745098
1.0	3.0	0.0	0.023725582980075325	8.72549019607843
1.0	3.0	0.0	0.023725582980075325	8.72549019607843
1.0	3.0	0.0	0.023979270176714695	10.03921568627451
1.0	3.0	0.0	0.023979270176714695	10.03921568627451
1.0	2.0	0.0	0.018712506568513206	10.411764705882353
1.0	2.0	0.0	0.018712506568513206	10.411764705882353
1.0	2.0	0.0	0.016624438410870215	9.509803921568627
1.0	2.0	0.0	0.016624438410870215	9.509803921568627
1.0	3.0	0.0	0.02439141536928165	10.823529411764707
1.0	3.0	0.0	0.02439141536928165	10.823529411764707
1.0	3.0	0.0	0.025274994774381512	10.215686274509803
1.0	3.0	0.0	0.025274994774381512	10.215686274509803
1.0	3.0	0.0	0.025035645242932187	7.803921568627451
1.0	3.0	0.0	0.025035645242932187	7.803921568627451
1.0	2.0	0.0	0.016947122830901683	10.941176470588236
1.0	2.0	0.0	0.016947122830901683	10.941176470588236
1.0	2.0	0.0	0.017088200816827555	11.72549019607843
1.0	2.0	0.0	0.017088200816827555	11.72549019607843
1.0	3.0	0.0	0.0247145401731743	7.490196078431373
1.0	3.0	0.0	0.0247145401731743	7.490196078431373
1.0	2.0	0.0	0.01739695196127948	11.843137254901961
1.0	2.0	0.0	0.01739695196127948	11.843137254901961
1.0	2.0	0.0	0.01744317860924605	12.627450980392156
1.0	2.0	0.0	0.01744317860924605	12.627450980392156
1.0	2.0	0.0	0.016863769191032885	7.294117647058823
1.0	2.0	0.0	0.016863769191032885	7.294117647058823
1.0	3.0	0.0	0.025087864183550725	7.078431372549019
1.0	3.0	0.0	0.025087864183550725	7.078431372549019
1.0	1.0	0.0	0.00967870798522002	8.588235294117647
1.0	1.0	0.0	0.00967870798522002	8.588235294117647
1.0	3.0	0.0	0.026431125509644632	6.96078431372549
