Constant_feature	Degree	Clustering_coefficient	Pagerank	Aver_path_len
1.0	2.0	0.0	0.011548753942342019	9.533333333333333
1.0	2.0	0.0	0.011742405032124016	11.96
1.0	2.0	0.0	0.011335939401287892	8.066666666666666
1.0	2.0	0.0	0.011873070175681844	10.92
1.0	2.0	0.0	0.011790641703603355	9.213333333333333
1.0	2.0	0.0	0.01217050808179786	13.586666666666666
1.0	1.0	0.0	0.006906229351528987	15.373333333333333
1.0	1.0	0.0	0.006696895699222769	13.106666666666667
1.0	1.0	0.0	0.006664978887749529	10.92
1.0	1.0	0.0	0.0069366417667551935	16.253333333333334
1.0	2.0	0.0	0.013270873312925719	9.586666666666666
1.0	2.0	0.0	0.011731959575780826	12.44
1.0	2.0	0.0	0.011842196486477968	11.32
1.0	1.0	0.0	0.006393101484235684	8.92
1.0	2.0	0.0	0.011442796982621916	9.906666666666666
1.0	2.0	0.0	0.012165494966659866	14.093333333333334
1.0	1.0	0.0	0.0063920848539463174	9.293333333333333
1.0	1.0	0.0	0.007004817471727151	10.44
1.0	1.0	0.0	0.006690416791670627	13.56
1.0	1.0	0.0	0.00726204432267458	11.32
1.0	1.0	0.0	0.006902213078630095	15.933333333333334
1.0	1.0	0.0	0.006934320068220749	16.813333333333333
1.0	1.0	0.0	0.006528791584428604	9.933333333333334
1.0	1.0	0.0	0.007596878439724861	12.253333333333334
1.0	3.0	0.0	0.017034266026421496	9.053333333333333
1.0	3.0	0.0	0.017199443672119397	11.24
1.0	3.0	0.0	0.016703693761118202	7.88
1.0	2.0	0.0	0.011598599552081772	10.653333333333334
1.0	2.0	0.0	0.011494856544691347	8.706666666666667
1.0	3.0	0.0	0.017073952824720566	10.04
1.0	4.0	0.0	0.024843708132672625	14.386666666666667
1.0	3.0	0.0	0.016505754269845154	7.826666666666667
1.0	3.0	0.0	0.01793846098536912	12.12
1.0	3.0	0.0	0.017831051789284003	9.933333333333334
1.0	3.0	0.0	0.016895392468565102	8.333333333333334
1.0	3.0	0.0	0.017552578757256954	12.706666666666667
1.0	2.0	0.0	0.01217256445531091	13.56
1.0	3.0	0.0	0.018114474646634002	11.506666666666666
1.0	3.0	0.0	0.018738202212172855	15.266666666666667
1.0	3.0	0.0	0.01802042861496399	9.56
1.0	2.0	0.0	0.011201048982067363	8.013333333333334
1.0	3.0	0.0	0.018625938485028685	14.413333333333334
1.0	3.0	0.0	0.017988424547641185	8.626666666666667
1.0	3.0	0.0	0.01624525316526477	8.12
1.0	3.0	0.0	0.01692353878666909	7.933333333333334
1.0	3.0	0.0	0.016343273012749078	8.066666666666666
1.0	1.0	0.0	0.006906229351528987	15.373333333333333
1.0	1.0	0.0	0.0067505405519421606	12.493333333333334
1.0	1.0	0.0	0.006722009477514344	10.546666666666667
1.0	1.0	0.0	0.006904172978015936	15.4
1.0	3.0	0.0	0.018962221345280854	9.453333333333333
1.0	2.0	0.0	0.011082020300451384	8.386666666666667
1.0	3.0	0.0	0.01691993982213412	8.306666666666667
1.0	3.0	0.0	0.017174844066257067	11.693333333333333
1.0	3.0	0.0	0.0163067260448628	8.626666666666667
1.0	3.0	0.0	0.0164974416432066	8.573333333333334
1.0	3.0	0.0	0.017916864676596252	12.573333333333334
1.0	2.0	0.0	0.011568705095134838	11.08
1.0	3.0	0.0	0.016998715574032198	10.44
1.0	3.0	0.0	0.01808650886614882	11.933333333333334
1.0	3.0	0.0	0.01982213790249967	10.333333333333334
1.0	3.0	0.0	0.017542744022749922	13.213333333333333
1.0	2.0	0.0	0.012165494966659864	14.093333333333334
1.0	3.0	0.0	0.018619854844007182	14.946666666666667
1.0	3.0	0.0	0.018729993739203792	15.826666666666666
1.0	3.0	0.0	0.018619854844007182	14.946666666666667
1.0	2.0	0.0	0.011235124253754019	9.026666666666667
1.0	3.0	0.0	0.017375509032813305	8.946666666666667
1.0	3.0	0.0	0.01675536736361429	9.4
1.0	3.0	0.0	0.0174520795328994	9.346666666666666
1.0	3.0	0.0	0.020935615881309773	11.266666666666667
1.0	1.0	0.0	0.006742169079094185	12.92
1.0	1.0	0.0	0.007288013189466378	10.573333333333334
1.0	1.0	0.0	0.006902213078630095	15.933333333333334
1.0	1.0	0.0	0.006551050881993362	10.333333333333334
1.0	1.0	0.0	0.007596878439724861	12.253333333333334
