Constant_feature	Degree	Clustering_coefficient	Pagerank	Aver_path_len
1.0	2.0	0.0	0.04449460428065108	3.6842105263157894
1.0	4.0	0.0	0.09197940177342623	2.5789473684210527
1.0	2.0	0.0	0.0492930846035935	3.210526315789474
1.0	2.0	0.0	0.0492930846035935	3.210526315789474
1.0	1.0	0.0	0.025695992192745806	3.526315789473684
1.0	3.0	0.0	0.06433874562841743	3.4210526315789473
1.0	3.0	0.0	0.0649722994799472	2.5789473684210527
1.0	3.0	0.0	0.06381540912837658	2.9473684210526314
1.0	3.0	0.0	0.06710423409043478	3.1578947368421053
1.0	2.0	0.0	0.04443315499480827	3.5789473684210527
1.0	3.0	0.0	0.0673307633796956	4.105263157894737
1.0	3.0	0.0	0.07865426975329237	3.9473684210526314
1.0	3.0	0.0	0.07865426975329237	3.9473684210526314
1.0	1.0	0.0	0.02513152337846416	4.105263157894737
1.0	2.0	0.0	0.0452216175231477	4.315789473684211
1.0	1.0	0.0	0.02519917579272237	5.052631578947368
1.0	1.0	0.0	0.028597092410847694	4.894736842105263
1.0	1.0	0.0	0.028597092410847694	4.894736842105263
1.0	1.0	0.0	0.028597092410847694	4.894736842105263
1.0	1.0	0.0	0.028597092410847694	4.894736842105263
