Constant_feature	Degree	Clustering_coefficient	Pagerank	Aver_path_len
1.0	2.0	0.0	0.034395594819210604	3.7083333333333335
1.0	2.0	0.0	0.035738273713808485	4.875
1.0	1.0	0.0	0.01984120334996792	4.875
1.0	1.0	0.0	0.020519207970728388	6.458333333333333
1.0	3.0	0.0	0.05341031806614629	4.125
1.0	2.0	0.0	0.03525037267097898	4.041666666666667
1.0	3.0	0.0	0.05085130668797622	4.458333333333333
1.0	3.0	0.0	0.0502804558513317	3.875
1.0	3.0	0.0	0.04995349758524904	3.5833333333333335
1.0	3.0	0.0	0.05072890799932607	4.166666666666667
1.0	2.0	0.0	0.034338756743731894	4.166666666666667
1.0	3.0	0.0	0.053930047623433945	5.083333333333333
1.0	2.0	0.0	0.03420549124127963	3.875
1.0	3.0	0.0	0.051362722177699376	3.75
1.0	3.0	0.0	0.0528027781292084	3.9166666666666665
1.0	2.0	0.0	0.03669862191246026	5.791666666666667
1.0	3.0	0.0	0.05326671319522019	4.666666666666667
1.0	1.0	0.0	0.020179413941731877	6.041666666666667
1.0	3.0	0.0	0.05506268616626842	5.5
1.0	1.0	0.0	0.02002276255275307	5.083333333333333
1.0	2.0	0.0	0.03693841016126847	5.458333333333333
1.0	2.0	0.0	0.03693841016126847	5.458333333333333
1.0	2.0	0.0	0.037683943655728594	6.25
1.0	2.0	0.0	0.037683943655728594	6.25
1.0	2.0	0.0	0.03791615996749492	7.041666666666667
