Constant_feature	Degree	Clustering_coefficient	Pagerank	Aver_path_len
1.0	2.0	0.0	0.011344885990730916	8.807692307692308
1.0	1.0	0.0	0.006319909958691084	9.551282051282051
1.0	1.0	0.0	0.006555596929291433	10.628205128205128
1.0	2.0	0.0	0.011443951329429974	10.217948717948717
1.0	1.0	0.0	0.00643019163277289	9.461538461538462
1.0	2.0	0.0	0.011801537875752574	8.756410256410257
1.0	2.0	0.0	0.011457733513401534	11.346153846153847
1.0	2.0	0.0	0.011345977376897536	13.256410256410257
1.0	1.0	0.0	0.00645821247902334	12.884615384615385
1.0	2.0	0.0	0.013490079971929218	11.64102564102564
1.0	2.0	0.0	0.013064810021863268	10.064102564102564
1.0	2.0	0.0	0.011683884449357657	14.897435897435898
1.0	1.0	0.0	0.006732768059651434	10.461538461538462
1.0	2.0	0.0	0.012975365598922097	16.666666666666668
1.0	1.0	0.0	0.006640952392272623	17.576923076923077
1.0	1.0	0.0	0.006694182923835031	10.064102564102564
1.0	2.0	0.0	0.011727182091606244	14.192307692307692
1.0	2.0	0.0	0.01149965945529768	12.602564102564102
1.0	2.0	0.0	0.01304732295451652	16.82051282051282
1.0	1.0	0.0	0.006630028696889897	15.987179487179487
1.0	1.0	0.0	0.006555520943850991	15.153846153846153
1.0	3.0	0.0	0.017464309858220894	9.423076923076923
1.0	4.0	0.0	0.02246202874528807	8.564102564102564
1.0	3.0	0.0	0.017424448091181415	9.884615384615385
1.0	3.0	0.0	0.01763171390069179	9.64102564102564
1.0	3.0	0.0	0.016748772277079396	9.025641025641026
1.0	3.0	0.0	0.017214382236433557	8.474358974358974
1.0	2.0	0.0	0.011447645350758857	9.371794871794872
1.0	1.0	0.0	0.006504915449475977	10.41025641025641
1.0	1.0	0.0	0.006492847588480809	10.871794871794872
1.0	3.0	0.0	0.01702530327140445	8.435897435897436
1.0	3.0	0.0	0.017187515002640433	9.743589743589743
1.0	2.0	0.0	0.011741720170519877	8.782051282051283
1.0	4.0	0.0	0.023073985254897466	11.897435897435898
1.0	3.0	0.0	0.016735229271505322	10.717948717948717
1.0	3.0	0.0	0.01673520519028037	12.525641025641026
1.0	2.0	0.0	0.011479494489734288	11.320512820512821
1.0	2.0	0.0	0.012493853015054995	10.679487179487179
1.0	3.0	0.0	0.017896417435297404	9.102564102564102
1.0	3.0	0.0	0.017232976897378387	11.923076923076923
1.0	3.0	0.0	0.018221731794963846	9.474358974358974
1.0	1.0	0.0	0.00645821247902334	12.884615384615385
1.0	3.0	0.0	0.01686979497730285	14.012820512820513
1.0	1.0	0.0	0.006436451502690586	12.91025641025641
1.0	2.0	0.0	0.011641469845546055	14.871794871794872
1.0	2.0	0.0	0.012286117869739998	9.846153846153847
1.0	3.0	0.0	0.018095928724923896	9.076923076923077
1.0	3.0	0.0	0.017719692709151025	15.705128205128204
1.0	3.0	0.0	0.017915189281961605	16.58974358974359
1.0	3.0	0.0	0.017861092338472977	15.73076923076923
1.0	2.0	0.0	0.012339754669279127	10.217948717948717
1.0	1.0	0.0	0.007337006481146096	12.628205128205128
1.0	1.0	0.0	0.007145384510229788	11.051282051282051
1.0	3.0	0.0	0.018311363423347733	9.423076923076923
1.0	1.0	0.0	0.006623569384173378	16.71794871794872
1.0	2.0	0.0	0.01232463877965032	10.564102564102564
1.0	1.0	0.0	0.00675971548450576	10.41025641025641
1.0	2.0	0.0	0.012298772880480672	9.76923076923077
1.0	1.0	0.0	0.007105303656207106	17.653846153846153
1.0	3.0	0.0	0.01835004581296091	10.91025641025641
1.0	3.0	0.0	0.018461703041336725	10.115384615384615
1.0	3.0	0.0	0.017880630350502316	15.0
1.0	3.0	0.0	0.017860471810521326	15.85897435897436
1.0	3.0	0.0	0.017632244593759158	14.166666666666666
1.0	3.0	0.0	0.01700784424397639	13.333333333333334
1.0	3.0	0.0	0.01786359745289613	15.025641025641026
1.0	2.0	0.0	0.012100703016676682	11.256410256410257
1.0	3.0	0.0	0.017106366363343558	11.897435897435898
1.0	1.0	0.0	0.006771288969561756	11.897435897435898
1.0	3.0	0.0	0.01778551401240033	11.551282051282051
1.0	2.0	0.0	0.012308123507240053	10.487179487179487
1.0	2.0	0.0	0.011842286122129675	11.576923076923077
1.0	1.0	0.0	0.006804880180785039	11.102564102564102
1.0	3.0	0.0	0.018342408058790255	10.85897435897436
1.0	1.0	0.0	0.006624915179305919	16.012820512820515
1.0	2.0	0.0	0.012105136029976964	11.23076923076923
1.0	1.0	0.0	0.006601892703521949	12.538461538461538
1.0	1.0	0.0	0.006769066111265141	11.846153846153847
1.0	1.0	0.0	0.007137173503945764	17.807692307692307
