Constant_feature	Degree	Clustering_coefficient	Pagerank	Aver_path_len
1.0	2.0	0.0	0.05477441512611387	2.8666666666666667
1.0	1.0	0.0	0.031212626783725394	3.6666666666666665
1.0	3.0	0.0	0.0787070341505908	2.6666666666666665
1.0	3.0	0.0	0.08407941460674413	2.8
1.0	2.0	0.0	0.054334050572754006	3.0
1.0	2.0	0.0	0.05513037717031665	2.7333333333333334
1.0	4.0	0.0	0.11051958686556801	2.8666666666666667
1.0	3.0	0.0	0.07716169157018457	2.4
1.0	3.0	0.0	0.07885534544623125	2.466666666666667
1.0	3.0	0.0	0.07881141384000134	2.466666666666667
1.0	1.0	0.0	0.031117695641845383	3.8
1.0	1.0	0.0	0.031117695641845383	3.8
1.0	2.0	0.0	0.05431170550748969	3.066666666666667
1.0	3.0	0.0	0.08320824504865335	2.7333333333333334
1.0	2.0	0.0	0.062350623497059256	3.6
1.0	1.0	0.0	0.034308078530876765	4.533333333333333
