Constant_feature	Degree	Clustering_coefficient	Pagerank	Aver_path_len
1.0	0.0	0.0	0.0	0.0
1.0	2.0	0.0	0.02914945198931853	5.387096774193548
1.0	1.0	0.0	0.016651534594552972	6.806451612903226
1.0	2.0	0.0	0.03153128844852698	6.612903225806452
1.0	2.0	0.0	0.031876222553286225	7.387096774193548
1.0	2.0	0.0	0.031876222553286225	7.387096774193548
1.0	2.0	0.0	0.03193957638978173	7.967741935483871
1.0	1.0	0.0	0.01842401587474125	9.709677419354838
1.0	1.0	0.0	0.01842401587474125	9.709677419354838
1.0	1.0	0.0	0.016985756714866587	7.387096774193548
1.0	3.0	0.0	0.046200133153685305	6.419354838709677
1.0	2.0	0.0	0.03169531741555939	7.129032258064516
1.0	2.0	0.0	0.03268615218099394	7.903225806451613
1.0	3.0	0.0	0.04509064946813335	5.838709677419355
1.0	3.0	0.0	0.04166147352203246	5.0
1.0	3.0	0.0	0.04121824529832	4.870967741935484
1.0	2.0	0.0	0.027987968158928782	4.935483870967742
1.0	3.0	0.0	0.04274354995304537	5.709677419354839
1.0	3.0	0.0	0.04166030581179472	5.451612903225806
1.0	3.0	0.0	0.0509994328212274	8.741935483870968
1.0	2.0	0.0	0.02823876610423541	5.0
1.0	2.0	0.0	0.028422108025794653	5.580645161290323
1.0	2.0	0.0	0.028738964057139882	5.645161290322581
1.0	2.0	0.0	0.028331076230426164	5.193548387096774
1.0	2.0	0.0	0.028652130683986563	6.032258064516129
1.0	2.0	0.0	0.028652130683986563	6.032258064516129
1.0	3.0	0.0	0.04342902529011087	6.483870967741935
1.0	3.0	0.0	0.04342902529011087	6.483870967741935
1.0	3.0	0.0	0.043555612970025775	7.064516129032258
1.0	1.0	0.0	0.017313575296648384	7.580645161290323
1.0	1.0	0.0	0.017469173096209777	8.35483870967742
1.0	1.0	0.0	0.017469173096209777	8.35483870967742
1.0	1.0	0.0	0.017497926398292715	8.935483870967742
