Constant_feature	Degree	Clustering_coefficient	Pagerank	Aver_path_len
1.0	1.0	0.0	0.012376751654366362	6.378378378378378
1.0	2.0	0.0	0.02308676760592257	5.837837837837838
1.0	2.0	0.0	0.024139822870306873	8.783783783783784
1.0	2.0	0.0	0.024176657508854726	7.027027027027027
1.0	1.0	0.0	0.01351969136595785	9.72972972972973
1.0	1.0	0.0	0.01351197434106484	7.891891891891892
1.0	2.0	0.0	0.02695790449460364	8.486486486486486
1.0	1.0	0.0	0.013790365831666826	9.297297297297296
1.0	4.0	0.0	0.043312628709233796	5.405405405405405
1.0	3.0	0.0	0.032068503907585574	5.135135135135135
1.0	3.0	0.0	0.032087767230039366	4.972972972972973
1.0	4.0	0.0	0.0434653244349546	5.8108108108108105
1.0	4.0	0.0	0.043408010469930466	4.918918918918919
1.0	3.0	0.0	0.032612061601278004	5.027027027027027
1.0	2.0	0.0	0.022373236678521164	5.378378378378378
1.0	2.0	0.0	0.02247961029150441	5.648648648648648
1.0	3.0	0.0	0.032676210252233884	6.378378378378378
1.0	2.0	0.0	0.022368974087130365	5.243243243243243
1.0	2.0	0.0	0.022535728543440436	6.135135135135135
1.0	2.0	0.0	0.02248051323701321	5.1891891891891895
1.0	2.0	0.0	0.022575564452476375	6.621621621621622
1.0	2.0	0.0	0.022686956081195243	5.135135135135135
1.0	2.0	0.0	0.02243611194269977	5.243243243243243
1.0	1.0	0.0	0.01241141051833716	6.783783783783784
1.0	1.0	0.0	0.012398759950338345	5.891891891891892
1.0	2.0	0.0	0.02286159555385141	5.351351351351352
1.0	3.0	0.0	0.033406148420724285	5.45945945945946
1.0	3.0	0.0	0.0336859896977209	7.081081081081081
1.0	2.0	0.0	0.023600326623275845	7.945945945945946
1.0	2.0	0.0	0.023625514210780494	7.918918918918919
1.0	3.0	0.0	0.034781864534038906	6.27027027027027
1.0	3.0	0.0	0.03629368399704706	8.756756756756756
1.0	3.0	0.0	0.03626550889873867	6.918918918918919
1.0	3.0	0.0	0.03680260001945975	7.5675675675675675
1.0	3.0	0.0	0.037039874250150664	7.675675675675675
1.0	3.0	0.0	0.0371933771752997	8.324324324324325
1.0	1.0	0.0	0.013742790816791242	8.64864864864865
1.0	1.0	0.0	0.014763417741464925	9.45945945945946
