Constant_feature	Degree	Clustering_coefficient	Pagerank	Aver_path_len
1.0	2.0	0.0	0.06083097668222862	2.8666666666666667
1.0	1.0	0.0	0.03637638846717578	4.866666666666666
1.0	1.0	0.0	0.03637638846717578	4.866666666666666
1.0	1.0	0.0	0.03494318015646673	4.2
1.0	4.0	0.0	0.12364133107508121	2.8666666666666667
1.0	3.0	0.0	0.09564545732593904	3.2666666666666666
1.0	1.0	0.0	0.0340697484598317	3.8
1.0	1.0	0.0	0.0340697484598317	3.8
1.0	2.0	0.0	0.05946845067999337	3.0
1.0	3.0	0.0	0.10041975322165422	3.933333333333333
1.0	3.0	0.0	0.08615120949055918	3.2666666666666666
1.0	2.0	0.0	0.05904351363601719	3.933333333333333
1.0	2.0	0.0	0.05904351363601719	3.933333333333333
1.0	2.0	0.0	0.05988660491858717	4.6
1.0	2.0	0.0	0.05988660491858717	4.6
1.0	2.0	0.0	0.06014713040485395	5.266666666666667
