Constant_feature	Degree	Clustering_coefficient	Pagerank	Aver_path_len
1.0	1.0	0.0	0.0006504875034156879	6.875
1.0	2.0	0.0	0.0011478649977985957	5.583333333333333
1.0	1.0	0.0	0.0006279667553729203	4.541666666666667
1.0	2.0	0.0	0.0011124308423998348	3.75
1.0	2.0	0.0	0.001133705350049993	4.333333333333333
1.0	2.0	0.0	0.0011273549896724897	4.125
1.0	1.0	0.0	0.0006277478454608788	4.75
1.0	2.0	0.0	0.0012258267291256554	5.0
1.0	2.0	0.0	0.0011478649977985957	5.583333333333333
1.0	1.0	0.0	0.0007198692245365415	6.833333333333333
1.0	3.0	0.0	0.0015970388508682268	3.3333333333333335
1.0	3.0	0.0	0.0016237302779397145	3.7916666666666665
1.0	3.0	0.0	0.0016079877437886606	3.2083333333333335
1.0	3.0	0.0	0.0016789726199290726	3.7916666666666665
1.0	2.0	0.0	0.0011335069818329139	4.5
1.0	2.0	0.0	0.0011335069818329139	4.5
1.0	3.0	0.0	0.001678747257580489	3.5833333333333335
1.0	3.0	0.0	0.0016872341755917158	4.208333333333333
1.0	2.0	0.0	0.0011606191876096788	5.208333333333333
1.0	2.0	0.0	0.0011606191876096788	5.208333333333333
1.0	3.0	0.0	0.0017541240917440582	5.916666666666667
1.0	3.0	0.0	0.0016644665021902506	4.75
1.0	2.0	0.0	0.001164985929313249	6.416666666666667
1.0	2.0	0.0	0.0011649859293132489	6.416666666666667
1.0	2.0	0.0	0.0013242556683429447	5.875
1.0	1.0	0.0	0.0006434449805908046	6.064516129032258
1.0	1.0	0.0	0.0006546133939044594	6.064516129032258
1.0	1.0	0.0	0.0006580780667866164	8.96774193548387
1.0	1.0	0.0	0.0006949747365831389	7.225806451612903
1.0	1.0	0.0	0.000723100506169067	8.064516129032258
1.0	2.0	0.0	0.0011641743733077907	5.548387096774194
1.0	2.0	0.0	0.001189064402836336	4.903225806451613
1.0	2.0	0.0	0.0012301980425107391	5.548387096774194
1.0	1.0	0.0	0.000723100506169067	8.064516129032258
1.0	3.0	0.0	0.001735153662953925	4.645161290322581
1.0	2.0	0.0	0.0011665885925594807	4.516129032258065
1.0	3.0	0.0	0.001705112072897389	4.32258064516129
1.0	2.0	0.0	0.0011795631267263963	4.774193548387097
1.0	3.0	0.0	0.0017315228717154957	5.096774193548387
1.0	1.0	0.0	0.0006449390341478516	5.612903225806452
1.0	3.0	0.0	0.001768748841202546	5.096774193548387
1.0	3.0	0.0	0.0016898522666429195	5.67741935483871
1.0	3.0	0.0	0.001699903508656322	6.064516129032258
1.0	3.0	0.0	0.0017520369673334128	6.838709677419355
1.0	2.0	0.0	0.0011666162907538362	6.838709677419355
1.0	2.0	0.0	0.0011633784315749549	6.451612903225806
1.0	2.0	0.0	0.0011633784315749549	6.451612903225806
1.0	3.0	0.0	0.0017776587229830904	7.612903225806452
1.0	2.0	0.0	0.001186476202548553	7.612903225806452
1.0	2.0	0.0	0.0011905069470293918	8.387096774193548
1.0	1.0	0.0	0.0006502798754923683	7.806451612903226
1.0	2.0	0.0	0.0011812817098126739	7.225806451612903
1.0	2.0	0.0	0.0011812817098126739	7.225806451612903
1.0	3.0	0.0	0.0017806536838602571	8.0
1.0	1.0	0.0	0.0006570553113505049	8.580645161290322
1.0	3.0	0.0	0.0019017628422990825	6.258064516129032
1.0	3.0	0.0	0.0019970526822449507	7.096774193548387
1.0	1.0	0.0	0.0006572194227994478	6.916666666666667
1.0	1.0	0.0	0.0006593306729476396	7.541666666666667
1.0	0.0	0.0	0.0	0.0
1.0	1.0	0.0	0.0006647849428193213	5.458333333333333
1.0	1.0	0.0	0.0006503007092217565	6.375
1.0	1.0	0.0	0.0006570479915880147	7.0
1.0	1.0	0.0	0.0006602418311209393	6.083333333333333
1.0	3.0	0.0	0.0017031913693349942	4.875
1.0	2.0	0.0	0.0011678780348205943	5.5
1.0	3.0	0.0	0.0017051837912870353	6.125
1.0	2.0	0.0	0.0012063668507265968	4.625
1.0	2.0	0.0	0.0012028480586886551	4.833333333333333
1.0	2.0	0.0	0.0011712742058415208	4.666666666666667
1.0	2.0	0.0	0.0011920135555934179	4.541666666666667
1.0	3.0	0.0	0.0018011390500256028	4.5
1.0	3.0	0.0	0.0017532065976253858	5.416666666666667
1.0	2.0	0.0	0.0011713790831420785	5.583333333333333
1.0	3.0	0.0	0.0017770120355311753	5.958333333333333
1.0	3.0	0.0	0.0017764435808594987	6.041666666666667
1.0	3.0	0.0	0.0017833368523444873	6.583333333333333
1.0	3.0	0.0	0.0017878673454978164	5.125
1.0	2.0	0.0	0.0011695495322743294	6.916666666666667
1.0	2.0	0.0	0.0011695495322743294	6.916666666666667
1.0	2.0	0.0	0.0011880673083657302	7.708333333333333
1.0	2.0	0.0	0.0011880673083657302	7.708333333333333
1.0	2.0	0.0	0.0011926009580219084	8.5
1.0	1.0	0.0	0.0006586348393259212	6.166666666666667
1.0	2.0	0.0	0.001159775404059914	4.388888888888889
1.0	1.0	0.0	0.0006489720152526151	4.222222222222222
1.0	1.0	0.0	0.0006468154194901112	5.277777777777778
1.0	2.0	0.0	0.0011572338078738378	3.3333333333333335
1.0	2.0	0.0	0.0011757193353580018	5.0
1.0	1.0	0.0	0.0006531275183523628	5.944444444444445
1.0	3.0	0.0	0.0016885354399649175	3.7222222222222223
1.0	2.0	0.0	0.0011556199009601664	3.4444444444444446
1.0	3.0	0.0	0.0017484027352734147	3.2777777777777777
1.0	3.0	0.0	0.0017421543512617303	4.333333333333333
1.0	3.0	0.0	0.0016930212653513779	3.5
1.0	3.0	0.0	0.0017494799122683802	4.0
1.0	3.0	0.0	0.0017629692665341304	5.0
1.0	2.0	0.0	0.001165011673838071	4.111111111111111
1.0	2.0	0.0	0.0011830946751071496	4.611111111111111
1.0	1.0	0.0	0.0006486834382657007	4.944444444444445
1.0	2.0	0.0	0.0011825108787488266	4.722222222222222
1.0	3.0	0.0	0.0017827225947630529	5.222222222222222
1.0	3.0	0.0	0.001615138182764891	4.111111111111111
1.0	1.0	0.0	0.0006086623211824343	5.074074074074074
1.0	2.0	0.0	0.001056645108149849	3.925925925925926
1.0	3.0	0.0	0.0015657572572197926	3.7037037037037037
1.0	2.0	0.0	0.0010557387517777278	3.6666666666666665
1.0	3.0	0.0	0.0016073657896144879	4.296296296296297
1.0	2.0	0.0	0.001125570727544009	5.111111111111111
1.0	3.0	0.0	0.0015388852859060946	3.4814814814814814
1.0	2.0	0.0	0.001154286263687822	5.925925925925926
1.0	3.0	0.0	0.0015769659279676197	4.222222222222222
1.0	2.0	0.0	0.0011255707275440088	5.111111111111111
1.0	3.0	0.0	0.0015471660308484232	3.7777777777777777
1.0	3.0	0.0	0.0015693576555989431	4.111111111111111
1.0	2.0	0.0	0.0011627687594117143	6.7407407407407405
1.0	2.0	0.0	0.0011542862636878218	5.925925925925926
1.0	2.0	0.0	0.001060339887326312	4.296296296296297
1.0	2.0	0.0	0.0011059301835061814	5.037037037037037
1.0	2.0	0.0	0.0010756650592203601	4.444444444444445
1.0	3.0	0.0	0.0015734074804289709	4.814814814814815
1.0	2.0	0.0	0.0011029931573027063	4.925925925925926
1.0	3.0	0.0	0.001582206111881737	5.481481481481482
1.0	2.0	0.0	0.0010829919386631157	4.962962962962963
1.0	2.0	0.0	0.0011298250326595971	5.851851851851852
1.0	2.0	0.0	0.0011291798778184918	5.7407407407407405
1.0	2.0	0.0	0.0011050673466884628	5.62962962962963
1.0	2.0	0.0	0.0011082345537114261	6.296296296296297
1.0	2.0	0.0	0.0011308538517566158	6.444444444444445
1.0	2.0	0.0	0.0011317491617825533	7.111111111111111
1.0	2.0	0.0	0.0012272081708433072	11.781818181818181
1.0	2.0	0.0	0.0012272081708433072	11.781818181818181
1.0	2.0	0.0	0.0012106163562341688	12.654545454545454
1.0	2.0	0.0	0.0012106163562341688	12.654545454545454
1.0	1.0	0.0	0.0006759035419901052	12.545454545454545
1.0	1.0	0.0	0.0006759035419901052	12.545454545454545
1.0	1.0	0.0	0.0006421694036305678	15.672727272727272
1.0	1.0	0.0	0.0006421694036305678	15.672727272727272
1.0	1.0	0.0	0.000643102578364608	16.836363636363636
1.0	1.0	0.0	0.000643102578364608	16.836363636363636
1.0	1.0	0.0	0.0006539440957362943	16.727272727272727
1.0	1.0	0.0	0.0006539440957362943	16.727272727272727
1.0	2.0	0.0	0.0013162710798323024	18.29090909090909
1.0	2.0	0.0	0.0013162710798323024	18.29090909090909
1.0	1.0	0.0	0.0006900251404716799	18.363636363636363
1.0	1.0	0.0	0.0006900251404716799	18.363636363636363
1.0	2.0	0.0	0.0012317717970312583	11.418181818181818
1.0	2.0	0.0	0.0012317717970312583	11.418181818181818
1.0	3.0	0.0	0.0016739886213911013	13.854545454545455
1.0	3.0	0.0	0.0016739886213911013	13.854545454545455
1.0	2.0	0.0	0.0011610483795107037	15.272727272727273
1.0	2.0	0.0	0.0011610483795107037	15.272727272727273
1.0	2.0	0.0	0.001219745633723502	16.545454545454547
1.0	2.0	0.0	0.001219745633723502	16.545454545454547
1.0	2.0	0.0	0.001238395630402898	11.2
1.0	2.0	0.0	0.001238395630402898	11.2
1.0	2.0	0.0	0.0012373217676744277	11.236363636363636
1.0	2.0	0.0	0.0012373217676744277	11.236363636363636
1.0	2.0	0.0	0.0012358009013431963	11.309090909090909
1.0	2.0	0.0	0.0012358009013431963	11.309090909090909
1.0	3.0	0.0	0.0018403640054774565	11.563636363636364
1.0	3.0	0.0	0.0018403640054774565	11.563636363636364
1.0	2.0	0.0	0.0011643561301130322	13.418181818181818
1.0	2.0	0.0	0.0011643561301130322	13.418181818181818
1.0	2.0	0.0	0.0012264612798244608	12.036363636363637
1.0	2.0	0.0	0.0012264612798244608	12.036363636363637
1.0	2.0	0.0	0.0011912510973733225	13.018181818181818
1.0	2.0	0.0	0.0011912510973733225	13.018181818181818
1.0	2.0	0.0	0.001219534217738854	12.327272727272728
1.0	2.0	0.0	0.001219534217738854	12.327272727272728
1.0	2.0	0.0	0.001133056912745577	14.436363636363636
1.0	2.0	0.0	0.001133056912745577	14.436363636363636
1.0	3.0	0.0	0.0017299883730666796	14.690909090909091
1.0	3.0	0.0	0.0017299883730666796	14.690909090909091
1.0	3.0	0.0	0.0016816207808892935	15.018181818181818
1.0	3.0	0.0	0.0016816207808892935	15.018181818181818
1.0	3.0	0.0	0.0017332856499980085	15.854545454545455
1.0	3.0	0.0	0.0017332856499980085	15.854545454545455
1.0	3.0	0.0	0.0017697583333708205	15.745454545454546
1.0	3.0	0.0	0.0017697583333708205	15.745454545454546
1.0	3.0	0.0	0.0018904254150811477	17.381818181818183
1.0	3.0	0.0	0.0018904254150811477	17.381818181818183
1.0	2.0	0.0	0.001394723859948305	19.236363636363638
1.0	2.0	0.0	0.001394723859948305	19.236363636363638
1.0	1.0	0.0	0.0007504695418450945	20.21818181818182
1.0	1.0	0.0	0.0007504695418450945	20.21818181818182
1.0	2.0	0.0	0.0011192641113401268	2.823529411764706
1.0	1.0	0.0	0.0006835210492562622	4.882352941176471
1.0	1.0	0.0	0.0006835210492562622	4.882352941176471
1.0	3.0	0.0	0.0017174825150798522	3.4705882352941178
1.0	2.0	0.0	0.001156258501337903	3.9411764705882355
1.0	2.0	0.0	0.001151484329732525	3.5294117647058822
1.0	2.0	0.0	0.001151484329732525	3.5294117647058822
1.0	3.0	0.0	0.0018652962069497922	3.9411764705882355
1.0	3.0	0.0	0.0016540851194811203	2.823529411764706
1.0	3.0	0.0	0.001699597368193646	3.235294117647059
1.0	2.0	0.0	0.0011598955673919322	4.0588235294117645
1.0	1.0	0.0	0.000639682996753586	4.411764705882353
1.0	3.0	0.0	0.0016666333793227542	2.9411764705882355
1.0	3.0	0.0	0.0017635176245787596	4.0
1.0	3.0	0.0	0.0017635176245787596	4.0
1.0	2.0	0.0	0.0011803915358673436	4.588235294117647
1.0	1.0	0.0	0.0006523075691759079	4.9411764705882355
1.0	1.0	0.0	0.0006523075691759079	4.9411764705882355
1.0	2.0	0.0	0.001085950408734786	3.0
1.0	2.0	0.0	0.0010697066848059022	3.5
1.0	1.0	0.0	0.0006811491115283815	5.166666666666667
1.0	1.0	0.0	0.0006811491115283815	5.166666666666667
1.0	3.0	0.0	0.001703601981565325	3.7222222222222223
1.0	2.0	0.0	0.0010697066848059022	3.5
1.0	2.0	0.0	0.0011490054995104177	4.222222222222222
1.0	3.0	0.0	0.0018566883660665122	4.222222222222222
1.0	3.0	0.0	0.0016302374334929873	3.0555555555555554
1.0	3.0	0.0	0.001576001193887827	3.8333333333333335
1.0	3.0	0.0	0.0015760011938878266	3.8333333333333335
1.0	3.0	0.0	0.001687205627518861	3.5
1.0	3.0	0.0	0.0015756853037584638	3.0555555555555554
1.0	2.0	0.0	0.0011523329119535733	4.333333333333333
1.0	1.0	0.0	0.0006353157866243552	4.666666666666667
1.0	2.0	0.0	0.0011057829179963344	4.555555555555555
1.0	2.0	0.0	0.0011057829179963344	4.555555555555555
1.0	2.0	0.0	0.001130590668193758	5.277777777777778
1.0	2.0	0.0	0.0011305906681937578	5.277777777777778
1.0	1.0	0.0	0.0006507080624257056	5.666666666666667
1.0	2.0	0.0	0.0010670955462175607	3.0555555555555554
1.0	4.0	0.0	0.0019937641693682532	3.0
1.0	3.0	0.0	0.001519914542876033	4.0
1.0	3.0	0.0	0.0015199145428760328	4.0
1.0	3.0	0.0	0.0015199145428760328	4.0
1.0	2.0	0.0	0.0010277552852426101	3.611111111111111
1.0	2.0	0.0	0.0010277552852426101	3.611111111111111
1.0	2.0	0.0	0.0010277552852426101	3.611111111111111
1.0	2.0	0.0	0.001035045678596669	4.611111111111111
1.0	2.0	0.0	0.001035045678596669	4.611111111111111
1.0	2.0	0.0	0.001035045678596669	4.611111111111111
1.0	2.0	0.0	0.0010997500933220964	3.2222222222222223
1.0	3.0	0.0	0.0016501654467784405	3.5
1.0	2.0	0.0	0.001145735023083993	4.111111111111111
1.0	2.0	0.0	0.0011453814599527296	4.222222222222222
1.0	3.0	0.0	0.0017554331802890834	4.722222222222222
1.0	2.0	0.0	0.0011694660112302117	4.833333333333333
1.0	2.0	0.0	0.0011768389592356756	5.444444444444445
1.0	2.0	0.0	0.0011395886454930624	4.96
1.0	1.0	0.0	0.0006202388967498743	4.24
1.0	1.0	0.0	0.000627670384701529	5.08
1.0	2.0	0.0	0.0013054031769826123	5.04
1.0	1.0	0.0	0.0006649180702185162	5.12
1.0	1.0	0.0	0.0006359013000967178	4.84
1.0	3.0	0.0	0.0016255072937609114	3.16
1.0	2.0	0.0	0.001123576920914536	3.48
1.0	4.0	0.0	0.0021165142803480012	3.36
1.0	4.0	0.0	0.0022045672384899432	3.28
1.0	2.0	0.0	0.0011123543245651578	4.2
1.0	3.0	0.0	0.0016408204648391599	3.44
1.0	3.0	0.0	0.0016657140528553505	3.4
1.0	3.0	0.0	0.001678152650072363	4.12
1.0	2.0	0.0	0.0011375997834592822	5.0
1.0	1.0	0.0	0.0006202388967498743	4.24
1.0	3.0	0.0	0.001802421337362419	4.16
1.0	1.0	0.0	0.0006239135358159633	4.36
1.0	3.0	0.0	0.0017054689987310333	3.88
1.0	3.0	0.0	0.0016781120268820641	4.44
1.0	1.0	0.0	0.0007116934793609721	6.0
1.0	2.0	0.0	0.00115792068660912	5.24
1.0	2.0	0.0	0.00115792068660912	5.24
1.0	2.0	0.0	0.0011785444005261052	6.04
1.0	2.0	0.0	0.0011785444005261052	6.04
1.0	2.0	0.0	0.0011848307132429348	6.84
1.0	4.0	0.0	0.002458388068105893	3.85
1.0	2.0	0.0	0.0011717829806020688	3.4
1.0	1.0	0.0	0.0006773524128566708	4.8
1.0	1.0	0.0	0.0006773524128566708	4.8
1.0	1.0	0.0	0.0006224121317570255	4.1
1.0	1.0	0.0	0.000622612482572048	4.25
1.0	1.0	0.0	0.0006826610045253875	5.8
1.0	1.0	0.0	0.0006826610045253875	5.8
1.0	3.0	0.0	0.0016481107161288794	3.05
1.0	3.0	0.0	0.0018623197422672749	4.85
1.0	3.0	0.0	0.001958607829050448	4.6
1.0	3.0	0.0	0.0016061038898291388	3.2
1.0	3.0	0.0	0.0016075414392389374	3.35
1.0	1.0	0.0	0.0007118198758937517	5.55
1.0	1.0	0.0	0.0007118198758937517	5.55
1.0	3.0	0.0	0.001660848458133548	3.15
1.0	3.0	0.0	0.0016610748826476431	3.3
1.0	2.0	0.0	0.0011149570601187157	3.65
1.0	2.0	0.0	0.0011173524562265815	3.8
1.0	3.0	0.0	0.0016952040087507441	4.1
1.0	2.0	0.0	0.0011359737897585584	4.25
1.0	2.0	0.0	0.0014185899616332219	6.625
1.0	2.0	0.0	0.0014185899616332219	6.625
1.0	1.0	0.0	0.0006844338028886148	4.75
1.0	1.0	0.0	0.0006844338028886148	4.75
1.0	2.0	0.0	0.001260479626679165	4.125
1.0	2.0	0.0	0.001260479626679165	4.125
1.0	2.0	0.0	0.0013083381327468268	5.125
1.0	2.0	0.0	0.0013083381327468268	5.125
1.0	2.0	0.0	0.001280995293358127	4.5625
1.0	2.0	0.0	0.001280995293358127	4.5625
1.0	2.0	0.0	0.0012446440032927574	3.75
1.0	2.0	0.0	0.0013520950120978312	5.8125
1.0	2.0	0.0	0.0013520950120978312	5.8125
1.0	3.0	0.0	0.0018687969105719779	3.8125
1.0	3.0	0.0	0.0018687969105719779	3.8125
1.0	1.0	0.0	0.0007629554695579817	7.5625
1.0	1.0	0.0	0.0007629554695579817	7.5625
1.0	4.0	0.0	0.002413132299560216	8.181818181818182
1.0	2.0	0.0	0.0011607589660807998	5.333333333333333
1.0	1.0	0.0	0.0006089372684775076	7.818181818181818
1.0	1.0	0.0	0.0006323956213570219	6.303030303030303
1.0	1.0	0.0	0.000651146493480242	6.484848484848484
1.0	1.0	0.0	0.000666037608956684	9.151515151515152
1.0	1.0	0.0	0.000666037608956684	9.151515151515152
1.0	2.0	0.0	0.0010606580031074465	6.363636363636363
1.0	2.0	0.0	0.0011519716933239483	5.757575757575758
1.0	2.0	0.0	0.0012799460756681468	9.030303030303031
1.0	1.0	0.0	0.000738132069195935	10.909090909090908
1.0	3.0	0.0	0.0015501071467458178	5.757575757575758
1.0	3.0	0.0	0.0015667589654221983	6.303030303030303
1.0	3.0	0.0	0.0015725297613410412	6.909090909090909
1.0	3.0	0.0	0.001578344552787907	7.454545454545454
1.0	3.0	0.0	0.001616399242842315	6.848484848484849
1.0	3.0	0.0	0.001593885829306837	5.454545454545454
1.0	2.0	0.0	0.0010957260540656205	7.151515151515151
1.0	2.0	0.0	0.0011041427271236163	7.757575757575758
1.0	2.0	0.0	0.0011037431905678826	6.303030303030303
1.0	2.0	0.0	0.001106912069831512	8.303030303030303
1.0	2.0	0.0	0.00111374475581058	6.848484848484849
1.0	3.0	0.0	0.001693590522692807	5.333333333333333
1.0	2.0	0.0	0.0011302839500262408	8.606060606060606
1.0	2.0	0.0	0.0011304719617564643	9.151515151515152
1.0	3.0	0.0	0.0016723271626177772	6.0606060606060606
1.0	2.0	0.0	0.0011732385926294532	5.393939393939394
1.0	3.0	0.0	0.0016983960131764122	7.515151515151516
1.0	2.0	0.0	0.0011412280044380426	6.545454545454546
1.0	2.0	0.0	0.0011412280044380426	6.545454545454546
1.0	2.0	0.0	0.0011492983366030967	7.03030303030303
1.0	2.0	0.0	0.0011492983366030967	7.03030303030303
1.0	3.0	0.0	0.0017582927472019037	5.515151515151516
1.0	2.0	0.0	0.0013669232085271963	9.93939393939394
1.0	1.0	0.0	0.0006155181685740472	7.341463414634147
1.0	4.0	0.0	0.002271879170882606	6.853658536585366
1.0	1.0	0.0	0.0006396421728095078	7.926829268292683
1.0	1.0	0.0	0.0006341047487590491	7.829268292682927
1.0	1.0	0.0	0.0006341047487590491	7.829268292682927
1.0	2.0	0.0	0.0010563539062566482	5.390243902439025
1.0	2.0	0.0	0.001048142117499157	6.512195121951219
1.0	2.0	0.0	0.0011991528779091874	7.682926829268292
1.0	3.0	0.0	0.0020200000441153226	10.170731707317072
1.0	2.0	0.0	0.001136985856434197	7.439024390243903
1.0	2.0	0.0	0.001156569145507273	8.902439024390244
1.0	2.0	0.0	0.001156569145507273	8.902439024390244
1.0	3.0	0.0	0.0015210886659986532	5.2926829268292686
1.0	3.0	0.0	0.001531128369937157	5.536585365853658
1.0	3.0	0.0	0.0015367278227229905	5.829268292682927
1.0	3.0	0.0	0.001531903114621367	5.975609756097561
1.0	3.0	0.0	0.0015485512510708573	6.2682926829268295
1.0	3.0	0.0	0.001596280098255606	6.317073170731708
1.0	3.0	0.0	0.0016405284634435106	6.365853658536586
1.0	3.0	0.0	0.0015923023957086363	5.536585365853658
1.0	2.0	0.0	0.0010871559752413025	6.853658536585366
1.0	2.0	0.0	0.0011053252903614529	7.146341463414634
1.0	2.0	0.0	0.0011120088015165834	6.853658536585366
1.0	3.0	0.0	0.0017215015670243648	6.951219512195122
1.0	2.0	0.0	0.0010904517766276783	7.146341463414634
1.0	2.0	0.0	0.0012460369727382106	8.463414634146341
1.0	2.0	0.0	0.001288407042764955	9.292682926829269
1.0	2.0	0.0	0.001115125934882779	7.7317073170731705
1.0	3.0	0.0	0.0016315383724871022	6.414634146341464
1.0	2.0	0.0	0.0010996078092611267	5.829268292682927
1.0	2.0	0.0	0.0010996078092611267	5.829268292682927
1.0	2.0	0.0	0.0011182516435632452	8.024390243902438
1.0	2.0	0.0	0.0011107533597165694	6.121951219512195
1.0	2.0	0.0	0.0011107533597165694	6.121951219512195
1.0	1.0	0.0	0.0007288963376652756	11.146341463414634
1.0	1.0	0.0	0.0007288963376652756	11.146341463414634
1.0	3.0	0.0	0.0016812706002459691	8.073170731707316
1.0	3.0	0.0	0.0017701316095612729	9.682926829268293
1.0	3.0	0.0	0.0017701316095612729	9.682926829268293
1.0	2.0	0.0	0.0011831524731797775	10.512195121951219
1.0	1.0	0.0	0.0006536880378321248	10.658536585365853
1.0	1.0	0.0	0.0006536880378321248	10.658536585365853
1.0	1.0	0.0	0.0006397581568099994	3.090909090909091
1.0	4.0	0.0	0.002291971876253238	2.1818181818181817
1.0	2.0	0.0	0.0011263542146618913	2.1818181818181817
1.0	2.0	0.0	0.0011468932431303955	2.4545454545454546
1.0	2.0	0.0	0.0012630856078472501	2.909090909090909
1.0	3.0	0.0	0.001622253493872953	2.4545454545454546
1.0	3.0	0.0	0.0016222940775406781	2.1818181818181817
1.0	2.0	0.0	0.0011207638399862289	3.090909090909091
1.0	2.0	0.0	0.0011205950763973809	2.8181818181818183
1.0	2.0	0.0	0.0011328386905518756	3.272727272727273
1.0	2.0	0.0	0.0011272350763546998	2.4545454545454546
1.0	1.0	0.0	0.0006927889447300573	3.8181818181818183
1.0	2.0	0.0	0.0010599295084995654	4.045454545454546
1.0	2.0	0.0	0.0012415285400174327	4.7727272727272725
1.0	2.0	0.0	0.0012435111417565662	5.181818181818182
1.0	3.0	0.0	0.0015315850054602033	3.6818181818181817
1.0	3.0	0.0	0.0015014489821269276	3.0454545454545454
1.0	3.0	0.0	0.0015279254963938647	3.3181818181818183
1.0	3.0	0.0	0.0015310757322514962	3.090909090909091
1.0	2.0	0.0	0.0010658945974840951	4.090909090909091
1.0	2.0	0.0	0.0010606561907767925	4.2272727272727275
1.0	2.0	0.0	0.0010715063654074264	4.136363636363637
1.0	3.0	0.0	0.001558841437309107	3.5
1.0	3.0	0.0	0.0015879410360735602	3.8181818181818183
1.0	2.0	0.0	0.0010862433892918349	3.5
1.0	2.0	0.0	0.0010957271158861834	3.909090909090909
1.0	3.0	0.0	0.0016755575775955576	3.909090909090909
1.0	3.0	0.0	0.0016795906373455755	4.318181818181818
1.0	2.0	0.0	0.001116889523595028	4.590909090909091
1.0	2.0	0.0	0.001116889523595028	4.590909090909091
1.0	2.0	0.0	0.0011475415325015077	5.363636363636363
1.0	2.0	0.0	0.0011475415325015077	5.363636363636363
1.0	2.0	0.0	0.0011568878270209549	6.136363636363637
1.0	1.0	0.0	0.0006828981476929342	5.7272727272727275
1.0	1.0	0.0	0.0006838177308454187	6.136363636363637
1.0	2.0	0.0	0.0011382935788075037	3.761904761904762
1.0	1.0	0.0	0.0006480076439455838	4.809523809523809
1.0	1.0	0.0	0.0006210676257263937	5.0
1.0	3.0	0.0	0.0016342780569810911	3.761904761904762
1.0	2.0	0.0	0.001108388171155952	4.714285714285714
1.0	2.0	0.0	0.001113291852308981	4.333333333333333
1.0	2.0	0.0	0.0011589582116351713	4.523809523809524
1.0	2.0	0.0	0.0011695283609846083	4.142857142857143
1.0	3.0	0.0	0.0016947481046685525	5.0
1.0	3.0	0.0	0.0016089465693153743	4.428571428571429
1.0	2.0	0.0	0.0011655829372567471	5.761904761904762
1.0	2.0	0.0	0.0011655829372567471	5.761904761904762
1.0	3.0	0.0	0.001745972273412862	3.857142857142857
1.0	3.0	0.0	0.00161066720491808	5.0
1.0	3.0	0.0	0.0016561698544530598	4.0476190476190474
1.0	2.0	0.0	0.0011215610312345953	5.190476190476191
1.0	2.0	0.0	0.001184246543157972	6.523809523809524
1.0	2.0	0.0	0.001184246543157972	6.523809523809524
1.0	2.0	0.0	0.0011221247362798949	5.761904761904762
1.0	2.0	0.0	0.001190069303600827	7.285714285714286
1.0	2.0	0.0	0.001143625450670864	5.9523809523809526
1.0	2.0	0.0	0.001143835555655014	6.523809523809524
1.0	1.0	0.0	0.0006427822561525816	6.161290322580645
1.0	1.0	0.0	0.0006534059228756804	6.161290322580645
1.0	2.0	0.0	0.0012786058737902692	7.838709677419355
1.0	1.0	0.0	0.0006539571385346788	8.67741935483871
1.0	1.0	0.0	0.0006870500985410609	8.483870967741936
1.0	1.0	0.0	0.0006870500985410609	8.483870967741936
1.0	1.0	0.0	0.0007226011751822894	7.903225806451613
1.0	2.0	0.0	0.0011578782141681882	5.580645161290323
1.0	2.0	0.0	0.0012095992233622944	5.32258064516129
1.0	2.0	0.0	0.0012664435247631341	6.096774193548387
1.0	3.0	0.0	0.0018791671994703662	7.516129032258065
1.0	1.0	0.0	0.0007226011751822894	7.903225806451613
1.0	2.0	0.0	0.0011706217487016122	4.741935483870968
1.0	2.0	0.0	0.0011796750813549987	4.935483870967742
1.0	3.0	0.0	0.0017150928602963685	4.612903225806452
1.0	2.0	0.0	0.001157714322169532	4.870967741935484
1.0	3.0	0.0	0.0017284439473684635	5.193548387096774
1.0	3.0	0.0	0.001766299178965385	5.193548387096774
1.0	3.0	0.0	0.0016827796307637198	5.645161290322581
1.0	3.0	0.0	0.0016844528603148015	6.032258064516129
1.0	2.0	0.0	0.0011539075946392404	6.290322580645161
1.0	2.0	0.0	0.0011581866370432388	6.419354838709677
1.0	3.0	0.0	0.001748032710684095	6.935483870967742
1.0	3.0	0.0	0.0017183220354264296	6.67741935483871
1.0	2.0	0.0	0.0011749256663594805	7.064516129032258
1.0	3.0	0.0	0.0017667815348392062	7.709677419354839
1.0	2.0	0.0	0.001158022474609916	6.870967741935484
1.0	2.0	0.0	0.0011726901749686456	7.516129032258065
1.0	2.0	0.0	0.00117828725576894	7.709677419354839
1.0	2.0	0.0	0.0011803498289102694	8.35483870967742
1.0	3.0	0.0	0.0019965550234352595	6.935483870967742
1.0	1.0	0.0	0.0006992703278475519	8.806451612903226
1.0	1.0	0.0	0.0006507177401793308	5.7272727272727275
1.0	1.0	0.0	0.0006573905119857727	6.409090909090909
1.0	2.0	0.0	0.0013473244933808561	5.090909090909091
1.0	1.0	0.0	0.0006574227206006381	4.5
1.0	1.0	0.0	0.0006779586036086584	5.0
1.0	1.0	0.0	0.0006898404683897854	5.181818181818182
1.0	2.0	0.0	0.0013668560637778962	5.590909090909091
1.0	1.0	0.0	0.0007014834645421151	5.681818181818182
1.0	2.0	0.0	0.0011677574942092449	3.772727272727273
1.0	3.0	0.0	0.0017798531905109855	3.5454545454545454
1.0	2.0	0.0	0.0011911927977080997	3.5
1.0	3.0	0.0	0.0017783171156036835	3.5454545454545454
1.0	3.0	0.0	0.001845266551029191	4.045454545454546
1.0	3.0	0.0	0.0018848140143562788	4.2272727272727275
1.0	3.0	0.0	0.001702452098687004	4.090909090909091
1.0	3.0	0.0	0.001924630992269095	4.7272727272727275
1.0	3.0	0.0	0.0017535788482296003	4.7727272727272725
1.0	2.0	0.0	0.0011677252855943792	4.7727272727272725
1.0	3.0	0.0	0.0017786780974957718	5.454545454545454
1.0	2.0	0.0	0.0011871892337374668	5.454545454545454
1.0	2.0	0.0	0.0011911914884923278	6.136363636363637
1.0	1.0	0.0	0.0007303558851970293	6.045454545454546
1.0	1.0	0.0	0.0007394314118433529	6.545454545454546
1.0	1.0	0.0	0.0006272059682031283	7.724137931034483
1.0	1.0	0.0	0.0006610763370966262	6.758620689655173
1.0	1.0	0.0	0.0006658442930399857	6.137931034482759
1.0	1.0	0.0	0.0006418438596360983	6.344827586206897
1.0	2.0	0.0	0.001173268160408053	6.206896551724138
1.0	2.0	0.0	0.0011968507559485646	5.172413793103448
1.0	2.0	0.0	0.0011807737047349837	5.241379310344827
1.0	3.0	0.0	0.0017056861899864308	6.689655172413793
1.0	3.0	0.0	0.0017582389735779289	7.448275862068965
1.0	3.0	0.0	0.0017582389735779289	7.448275862068965
1.0	2.0	0.0	0.0012048939680820731	5.517241379310345
1.0	3.0	0.0	0.0016083914092697685	6.689655172413793
1.0	3.0	0.0	0.0016150239863521776	7.310344827586207
1.0	2.0	0.0	0.0012076491537925016	5.310344827586207
1.0	3.0	0.0	0.0017880895668730928	5.793103448275862
1.0	3.0	0.0	0.0016401997563258845	5.655172413793103
1.0	2.0	0.0	0.001098100731683195	6.206896551724138
1.0	3.0	0.0	0.0016777819238902405	6.758620689655173
1.0	2.0	0.0	0.0011883120782530993	8.275862068965518
1.0	2.0	0.0	0.0011883120782530993	8.275862068965518
1.0	2.0	0.0	0.00111891962312506	6.275862068965517
1.0	2.0	0.0	0.001194714464051232	9.03448275862069
1.0	1.0	0.0	0.0006511970064969804	8.413793103448276
1.0	1.0	0.0	0.0006511970064969804	8.413793103448276
1.0	2.0	0.0	0.0011210196735662351	7.517241379310345
1.0	2.0	0.0	0.0011244697061954458	8.137931034482758
1.0	3.0	0.0	0.0018065845908112367	5.172413793103448
1.0	3.0	0.0	0.001724263197455151	5.379310344827586
1.0	2.0	0.0	0.001144422864996724	8.344827586206897
1.0	2.0	0.0	0.0011445107431617017	8.96551724137931
1.0	3.0	0.0	0.0016933178078379714	2.764705882352941
1.0	1.0	0.0	0.0006322004560532355	3.7058823529411766
1.0	1.0	0.0	0.000685277355286213	4.764705882352941
1.0	1.0	0.0	0.000685277355286213	4.764705882352941
1.0	3.0	0.0	0.0018707296278518267	3.823529411764706
1.0	3.0	0.0	0.0016712842679625817	3.0
1.0	3.0	0.0	0.0016622514263184907	2.764705882352941
1.0	3.0	0.0	0.0017084285062534716	3.1176470588235294
1.0	3.0	0.0	0.0017730929344512173	4.764705882352941
1.0	2.0	0.0	0.0011548727381143122	3.588235294117647
1.0	2.0	0.0	0.0011548727381143122	3.588235294117647
1.0	2.0	0.0	0.0011754992576023724	4.176470588235294
1.0	2.0	0.0	0.0011754992576023724	4.176470588235294
1.0	2.0	0.0	0.0011495156393490744	3.4705882352941178
1.0	2.0	0.0	0.001165987871235885	3.823529411764706
1.0	2.0	0.0	0.0011707147073280202	4.176470588235294
1.0	2.0	0.0	0.0011754691489096979	4.529411764705882
1.0	1.0	0.0	0.0006559573516476995	5.705882352941177
1.0	2.0	0.0	0.0010764775819440897	3.3333333333333335
1.0	1.0	0.0	0.0006280381121227993	4.0
1.0	2.0	0.0	0.001304132823466087	4.111111111111111
1.0	1.0	0.0	0.0006642476397698437	4.222222222222222
1.0	2.0	0.0	0.0011083408605542064	3.2222222222222223
1.0	3.0	0.0	0.0015703426246537018	2.5
1.0	4.0	0.0	0.0021387457088787414	3.0555555555555554
1.0	2.0	0.0	0.0010747144030023759	3.0
1.0	3.0	0.0	0.0016382502014946675	2.6666666666666665
1.0	3.0	0.0	0.0015609284247794534	2.7777777777777777
1.0	3.0	0.0	0.001682438165324864	3.0555555555555554
1.0	3.0	0.0	0.0015762106912448862	3.0555555555555554
1.0	1.0	0.0	0.0006045263509158792	4.0
1.0	3.0	0.0	0.001803140831628772	3.2777777777777777
1.0	2.0	0.0	0.0011010588133842818	3.5
1.0	2.0	0.0	0.0011034670249241234	3.7777777777777777
1.0	2.0	0.0	0.0011260813330761874	4.222222222222222
1.0	2.0	0.0	0.001129338187137649	4.5
1.0	1.0	0.0	0.0007120046937470771	5.055555555555555
1.0	2.0	0.0	0.0010732046642160436	4.454545454545454
1.0	2.0	0.0	0.0011144087390633618	4.409090909090909
1.0	3.0	0.0	0.0015300846544145708	3.590909090909091
1.0	2.0	0.0	0.001052474128968339	3.8181818181818183
1.0	2.0	0.0	0.0010744170248616297	4.409090909090909
1.0	2.0	0.0	0.0010722967970399357	4.681818181818182
1.0	3.0	0.0	0.0015640372595944023	4.045454545454546
1.0	2.0	0.0	0.0010764117182308318	4.681818181818182
1.0	3.0	0.0	0.0015586818768138107	3.6818181818181817
1.0	3.0	0.0	0.001548749724696506	4.2272727272727275
1.0	3.0	0.0	0.001606264081708328	4.545454545454546
1.0	2.0	0.0	0.0010934585888952833	4.0
1.0	2.0	0.0	0.001125247675577111	5.318181818181818
1.0	2.0	0.0	0.001125247675577111	5.318181818181818
1.0	3.0	0.0	0.0016611459119543369	4.909090909090909
1.0	2.0	0.0	0.0011538393690332424	6.090909090909091
1.0	2.0	0.0	0.0011538393690332424	6.090909090909091
1.0	2.0	0.0	0.001162586701398964	6.863636363636363
1.0	2.0	0.0	0.001150021431581879	5.681818181818182
1.0	2.0	0.0	0.001150021431581879	5.681818181818182
1.0	2.0	0.0	0.0011727885662165137	6.454545454545454
1.0	2.0	0.0	0.0011727885662165137	6.454545454545454
1.0	2.0	0.0	0.0011794126147547338	7.2272727272727275
1.0	4.0	0.0	0.0022747082599907185	2.9523809523809526
1.0	2.0	0.0	0.0012376518658039522	3.8095238095238093
1.0	2.0	0.0	0.0012365856323994485	3.9047619047619047
1.0	1.0	0.0	0.0006354797158514543	3.9047619047619047
1.0	1.0	0.0	0.0006354797158514543	3.9047619047619047
1.0	3.0	0.0	0.0016378084182669297	2.761904761904762
1.0	1.0	0.0	0.0007240404055037264	5.619047619047619
1.0	1.0	0.0	0.0007236746471501701	5.714285714285714
1.0	3.0	0.0	0.001699854231447179	3.0476190476190474
1.0	3.0	0.0	0.0017102130538943724	3.0476190476190474
1.0	3.0	0.0	0.0017295920229046782	3.3333333333333335
1.0	3.0	0.0	0.0017078893556638696	3.142857142857143
1.0	3.0	0.0	0.0016449981576051494	3.238095238095238
1.0	1.0	0.0	0.0006336286590744272	4.0
1.0	1.0	0.0	0.0006425575174396567	4.285714285714286
1.0	2.0	0.0	0.0011419020393810615	4.0
1.0	2.0	0.0	0.0011419020393810615	4.0
1.0	2.0	0.0	0.0011674246852351612	4.761904761904762
1.0	2.0	0.0	0.0011674246852351612	4.761904761904762
1.0	2.0	0.0	0.0011737331846266108	5.523809523809524
1.0	2.0	0.0	0.0013317177201591724	4.666666666666667
1.0	2.0	0.0	0.0013309265337184352	4.761904761904762
1.0	1.0	0.0	0.0006263385017343483	4.526315789473684
1.0	1.0	0.0	0.0006112357263320244	3.9473684210526314
1.0	1.0	0.0	0.0006751218630238609	4.421052631578948
1.0	1.0	0.0	0.0006751218630238609	4.421052631578948
1.0	3.0	0.0	0.0015651990453563933	2.526315789473684
1.0	3.0	0.0	0.001580783789587401	2.736842105263158
1.0	3.0	0.0	0.0015648750699599214	2.736842105263158
1.0	3.0	0.0	0.001656556566777949	2.736842105263158
1.0	3.0	0.0	0.0015828260406708355	2.9473684210526314
1.0	3.0	0.0	0.0017072427934250326	3.263157894736842
1.0	3.0	0.0	0.0016236942270942633	3.0
1.0	3.0	0.0	0.0017096938870524588	3.473684210526316
1.0	2.0	0.0	0.0011116815439806233	3.263157894736842
1.0	2.0	0.0	0.0011028600100727523	3.473684210526316
1.0	3.0	0.0	0.0016739139459372144	3.5789473684210527
1.0	1.0	0.0	0.0006362048735142467	4.2105263157894735
1.0	1.0	0.0	0.0006373208195292631	4.421052631578948
1.0	3.0	0.0	0.0018370013041310441	3.473684210526316
1.0	2.0	0.0	0.001131549131457216	4.105263157894737
1.0	2.0	0.0	0.0011354994942336938	4.315789473684211
1.0	2.0	0.0	0.0010782532007185246	3.260869565217391
1.0	1.0	0.0	0.0006220867610270796	4.565217391304348
1.0	2.0	0.0	0.001249506881292919	5.086956521739131
1.0	1.0	0.0	0.0006776319117270097	5.260869565217392
1.0	1.0	0.0	0.0006776319117270097	5.260869565217392
1.0	3.0	0.0	0.0015932557024491106	3.1739130434782608
1.0	3.0	0.0	0.0016040294357796943	3.608695652173913
1.0	3.0	0.0	0.001717932804586383	4.130434782608695
1.0	3.0	0.0	0.0016698298846590227	3.5217391304347827
1.0	3.0	0.0	0.0017195338940946036	4.565217391304348
1.0	2.0	0.0	0.0011224470864076327	4.217391304347826
1.0	3.0	0.0	0.0015902367324501486	3.260869565217391
1.0	3.0	0.0	0.0016613033631441869	3.608695652173913
1.0	2.0	0.0	0.001098695007386251	3.6956521739130435
1.0	3.0	0.0	0.001616652084245081	3.608695652173913
1.0	1.0	0.0	0.0006390002235416042	5.086956521739131
1.0	1.0	0.0	0.0006406820034829435	5.521739130434782
1.0	3.0	0.0	0.0018467433425614272	4.304347826086956
1.0	3.0	0.0	0.0016926864371879509	4.217391304347826
1.0	2.0	0.0	0.001130490141857083	4.391304347826087
1.0	2.0	0.0	0.0011558610552192448	5.0
1.0	2.0	0.0	0.0011567617267351782	5.173913043478261
1.0	2.0	0.0	0.0011655806105438523	5.782608695652174
1.0	1.0	0.0	0.0006868323934493447	6.043478260869565
1.0	1.0	0.0	0.0006042640404137302	5.037037037037037
1.0	1.0	0.0	0.0006042640404137302	5.037037037037037
1.0	2.0	0.0	0.0010428821971688916	3.5555555555555554
1.0	2.0	0.0	0.0010428821971688916	3.5555555555555554
1.0	3.0	0.0	0.0015336534794642685	3.6296296296296298
1.0	3.0	0.0	0.0015336534794642683	3.6296296296296298
1.0	3.0	0.0	0.0015732655628073345	4.518518518518518
1.0	3.0	0.0	0.0015732655628073343	4.518518518518518
1.0	3.0	0.0	0.0015285104489485384	3.4814814814814814
1.0	3.0	0.0	0.0015285104489485384	3.4814814814814814
1.0	3.0	0.0	0.0016001390459532878	4.074074074074074
1.0	3.0	0.0	0.0016001390459532878	4.074074074074074
1.0	3.0	0.0	0.0015881974740080255	4.074074074074074
1.0	3.0	0.0	0.0015881974740080255	4.074074074074074
1.0	2.0	0.0	0.0011044943838875465	5.333333333333333
1.0	2.0	0.0	0.0011044943838875465	5.333333333333333
1.0	2.0	0.0	0.0011295366414298443	6.148148148148148
1.0	2.0	0.0	0.001129536641429844	6.148148148148148
1.0	2.0	0.0	0.001117050712957868	4.888888888888889
1.0	2.0	0.0	0.001117050712957868	4.888888888888889
1.0	2.0	0.0	0.001117050712957868	4.888888888888889
1.0	2.0	0.0	0.001117050712957868	4.888888888888889
1.0	2.0	0.0	0.0011476245510744418	5.703703703703703
1.0	2.0	0.0	0.0011476245510744418	5.703703703703703
1.0	2.0	0.0	0.0011476245510744418	5.703703703703703
1.0	2.0	0.0	0.0011476245510744418	5.703703703703703
1.0	2.0	0.0	0.0011570105456799981	6.518518518518518
1.0	2.0	0.0	0.0011570105456799981	6.518518518518518
1.0	0.0	0.0	0.0	0.0
1.0	1.0	0.0	0.0006462097968103203	3.6875
1.0	4.0	0.0	0.0025710845730175283	3.8125
1.0	4.0	0.0	0.0025710845730175283	3.8125
1.0	3.0	0.0	0.0017225313688573108	2.8125
1.0	3.0	0.0	0.0017225313688573108	2.8125
1.0	3.0	0.0	0.0017336980683147283	2.75
1.0	2.0	0.0	0.0011677617189976472	3.5
1.0	2.0	0.0	0.0011677617189976472	3.5
1.0	2.0	0.0	0.0012157093329874871	3.25
1.0	2.0	0.0	0.0012157093329874871	3.25
1.0	2.0	0.0	0.0011789603305786735	3.5625
1.0	1.0	0.0	0.0007008283731560966	4.75
1.0	1.0	0.0	0.0007008283731560966	4.75
1.0	1.0	0.0	0.0007008283731560966	4.75
1.0	1.0	0.0	0.0007008283731560966	4.75
1.0	1.0	0.0	0.0007008283731560966	4.75
1.0	1.0	0.0	0.0007008283731560966	4.75
1.0	1.0	0.0	0.0006569715559596973	7.7727272727272725
1.0	1.0	0.0	0.0006569715559596973	7.7727272727272725
1.0	2.0	0.0	0.0011720079768382649	5.2272727272727275
1.0	2.0	0.0	0.0011720079768382649	5.2272727272727275
1.0	2.0	0.0	0.0011675700660183275	6.2272727272727275
1.0	2.0	0.0	0.0011675700660183275	6.2272727272727275
1.0	2.0	0.0	0.0011897195094349225	7.5
1.0	2.0	0.0	0.0011897195094349225	7.5
1.0	1.0	0.0	0.0006569715559596973	7.7727272727272725
1.0	1.0	0.0	0.0006569715559596973	7.7727272727272725
1.0	2.0	0.0	0.001211643472709894	4.818181818181818
1.0	2.0	0.0	0.0012053485126486301	4.863636363636363
1.0	2.0	0.0	0.0012053485126486301	4.863636363636363
1.0	2.0	0.0	0.001196658928356498	5.0
1.0	2.0	0.0	0.001196658928356498	5.0
1.0	3.0	0.0	0.0017064446589038378	5.545454545454546
1.0	3.0	0.0	0.0017064446589038378	5.545454545454546
1.0	2.0	0.0	0.0011675700660183275	6.2272727272727275
1.0	2.0	0.0	0.0011675700660183275	6.2272727272727275
1.0	3.0	0.0	0.0017803148596105673	6.818181818181818
1.0	3.0	0.0	0.0017803148596105673	6.818181818181818
1.0	3.0	0.0	0.0017803148596105675	6.818181818181818
1.0	3.0	0.0	0.0017803148596105675	6.818181818181818
1.0	1.0	0.0	0.0006220315523236637	3.6666666666666665
1.0	1.0	0.0	0.0006220315523236636	3.6666666666666665
1.0	4.0	0.0	0.002212209827343747	2.7142857142857144
1.0	4.0	0.0	0.0022122098273437475	2.7142857142857144
1.0	2.0	0.0	0.0011404412776804271	3.1904761904761907
1.0	2.0	0.0	0.0011404412776804271	3.1904761904761907
1.0	3.0	0.0	0.0017274545421324151	3.6666666666666665
1.0	3.0	0.0	0.0017274545421324151	3.6666666666666665
1.0	3.0	0.0	0.001724820588873902	3.380952380952381
1.0	3.0	0.0	0.001724820588873902	3.380952380952381
1.0	2.0	0.0	0.001167904377159773	4.333333333333333
1.0	2.0	0.0	0.001167904377159773	4.333333333333333
1.0	2.0	0.0	0.0011669527221543478	3.857142857142857
1.0	2.0	0.0	0.0011669527221543478	3.857142857142857
1.0	3.0	0.0	0.0018832521774638572	4.428571428571429
1.0	3.0	0.0	0.0018832521774638572	4.428571428571429
1.0	1.0	0.0	0.0006415597940006678	4.333333333333333
1.0	1.0	0.0	0.0006415597940006678	4.333333333333333
1.0	1.0	0.0	0.0006889847070795612	5.380952380952381
1.0	1.0	0.0	0.0006889847070795612	5.380952380952381
1.0	1.0	0.0	0.0006889847070795612	5.380952380952381
1.0	1.0	0.0	0.0006889847070795612	5.380952380952381
1.0	2.0	0.0	0.0010322246771518155	5.097560975609756
1.0	2.0	0.0	0.0010322246771518155	5.097560975609756
1.0	2.0	0.0	0.0010322246771518155	5.097560975609756
1.0	2.0	0.0	0.0010322246771518155	5.097560975609756
1.0	2.0	0.0	0.0010322246771518155	5.097560975609756
1.0	2.0	0.0	0.0010322246771518157	5.097560975609756
1.0	2.0	0.0	0.0011913646149664954	8.707317073170731
1.0	2.0	0.0	0.0011913646149664954	8.707317073170731
1.0	2.0	0.0	0.0011913646149664954	8.707317073170731
1.0	2.0	0.0	0.0011913646149664954	8.707317073170731
1.0	2.0	0.0	0.0011913646149664954	8.707317073170731
1.0	2.0	0.0	0.0011913646149664954	8.707317073170731
1.0	2.0	0.0	0.0011800574537598387	7.926829268292683
1.0	2.0	0.0	0.0011800574537598387	7.926829268292683
1.0	2.0	0.0	0.0011800574537598387	7.926829268292683
1.0	2.0	0.0	0.0011800574537598387	7.926829268292683
1.0	2.0	0.0	0.0011800574537598387	7.926829268292683
1.0	2.0	0.0	0.0011800574537598387	7.926829268292683
1.0	2.0	0.0	0.00115493089482977	7.146341463414634
1.0	2.0	0.0	0.0011549308948297697	7.146341463414634
1.0	2.0	0.0	0.00115493089482977	7.146341463414634
1.0	2.0	0.0	0.00115493089482977	7.146341463414634
1.0	2.0	0.0	0.0011549308948297697	7.146341463414634
1.0	2.0	0.0	0.0011549308948297697	7.146341463414634
1.0	2.0	0.0	0.0011104019236961096	6.365853658536586
1.0	2.0	0.0	0.0011104019236961096	6.365853658536586
1.0	2.0	0.0	0.0011104019236961096	6.365853658536586
1.0	2.0	0.0	0.0011104019236961096	6.365853658536586
1.0	2.0	0.0	0.0011104019236961096	6.365853658536586
1.0	2.0	0.0	0.0011104019236961096	6.365853658536586
1.0	3.0	0.0	0.001554864396274593	5.585365853658536
1.0	3.0	0.0	0.0015548643962745928	5.585365853658536
1.0	3.0	0.0	0.001554864396274593	5.585365853658536
1.0	3.0	0.0	0.001554864396274593	5.585365853658536
1.0	3.0	0.0	0.0015548643962745928	5.585365853658536
1.0	3.0	0.0	0.0015548643962745928	5.585365853658536
1.0	3.0	0.0	0.0014718082132344206	4.609756097560975
1.0	3.0	0.0	0.0014718082132344206	4.609756097560975
1.0	3.0	0.0	0.0014718082132344206	4.609756097560975
1.0	3.0	0.0	0.0014718082132344206	4.609756097560975
1.0	3.0	0.0	0.0014718082132344206	4.609756097560975
1.0	3.0	0.0	0.0014718082132344206	4.609756097560975
1.0	1.0	0.0	0.0006431925267987956	5.478260869565218
1.0	1.0	0.0	0.0006880486935088244	5.6521739130434785
1.0	2.0	0.0	0.0011678356399774698	6.0
1.0	1.0	0.0	0.0006427115108734118	6.130434782608695
1.0	4.0	0.0	0.0021491139575637586	3.130434782608696
1.0	3.0	0.0	0.0016208217040392411	3.391304347826087
1.0	4.0	0.0	0.0022639309344979603	3.8260869565217392
1.0	3.0	0.0	0.0016153188627483475	3.130434782608696
1.0	2.0	0.0	0.001124301431165881	3.8260869565217392
1.0	3.0	0.0	0.0017285816322151156	4.521739130434782
1.0	2.0	0.0	0.0011217580572639159	4.086956521739131
1.0	2.0	0.0	0.0011495053505111506	4.260869565217392
1.0	1.0	0.0	0.0006074116202545786	4.086956521739131
1.0	2.0	0.0	0.0011345520118093042	4.086956521739131
1.0	3.0	0.0	0.0016875193752523738	3.8260869565217392
1.0	2.0	0.0	0.0012520579728878497	4.695652173913044
1.0	1.0	0.0	0.0006332146061919897	4.782608695652174
1.0	2.0	0.0	0.00111610953577773	3.4782608695652173
1.0	1.0	0.0	0.0006301329317321597	4.782608695652174
1.0	2.0	0.0	0.0011262025160165218	3.9130434782608696
1.0	3.0	0.0	0.0016669385320267822	4.434782608695652
1.0	2.0	0.0	0.001149328731874498	5.260869565217392
1.0	3.0	0.0	0.001728088607038282	5.173913043478261
1.0	2.0	0.0	0.0011669878542473456	6.043478260869565
