Constant_feature	Degree	Clustering_coefficient	Pagerank	Aver_path_len
1.0	1.0	0.0	0.02657161737841154	4.0
1.0	1.0	0.0	0.02727090577665976	3.6470588235294117
1.0	1.0	0.0	0.02720375378977372	3.7058823529411766
1.0	2.0	0.0	0.05534284053082249	3.6470588235294117
1.0	2.0	0.0	0.055328890257776424	3.7058823529411766
1.0	4.0	0.16666666666666666	0.0934054871681836	3.0588235294117645
1.0	3.0	0.3333333333333333	0.06956892359488531	3.1176470588235294
1.0	2.0	1.0	0.047442461289382724	3.5294117647058822
1.0	3.0	0.0	0.07238341614474664	2.7058823529411766
1.0	3.0	0.0	0.07216174171716667	2.764705882352941
1.0	3.0	0.0	0.07089589976533703	2.3529411764705883
1.0	3.0	0.0	0.0708372743980996	2.411764705882353
1.0	3.0	0.0	0.07457602866196401	2.823529411764706
1.0	3.0	0.0	0.07455250406304578	2.8823529411764706
1.0	2.0	0.0	0.0507756416813508	3.2941176470588234
1.0	2.0	0.0	0.050769223637644335	3.3529411764705883
1.0	1.0	0.0	0.0304592459337981	4.588235294117647
1.0	1.0	0.0	0.03045414421095121	4.647058823529412
