Constant_feature	Degree	Clustering_coefficient	Pagerank	Aver_path_len
1.0	1.0	0.0	0.01910786312537531	4.36
1.0	1.0	0.0	0.01914403663551982	4.76
1.0	1.0	0.0	0.01940557245768943	5.24
1.0	2.0	0.0	0.03297789973178264	3.56
1.0	3.0	0.0	0.05099187704314144	3.8
1.0	3.0	0.0	0.0518657756991447	4.28
1.0	1.0	0.0	0.019403617148524302	4.84
1.0	4.0	0.0	0.061642891285864296	3.8
1.0	3.0	0.0	0.04701440718880794	5.08
1.0	3.0	0.0	0.04701440718880794	5.08
1.0	3.0	0.0	0.04701440718880794	5.08
1.0	2.0	0.0	0.03182090805550979	4.52
1.0	2.0	0.0	0.03182090805550979	4.52
1.0	2.0	0.0	0.03182090805550979	4.52
1.0	2.0	0.0	0.03205558905205109	5.8
1.0	2.0	0.0	0.03205558905205109	5.8
1.0	2.0	0.0	0.03205558905205109	5.8
1.0	3.0	0.0	0.050871203938892086	3.4
1.0	3.0	0.0	0.04996320921711174	3.4
1.0	3.0	0.0	0.051857142068316084	3.88
1.0	3.0	0.0	0.0497602905033355	4.2
1.0	3.0	0.0	0.04998839490839861	4.68
1.0	2.0	0.0	0.03470914496208691	5.0
1.0	2.0	0.0	0.03478967806665858	5.48
1.0	2.0	0.0	0.03541227293150366	5.8
1.0	2.0	0.0	0.035436417387548366	6.28
