Constant_feature	Degree	Clustering_coefficient	Pagerank	Aver_path_len
1.0	2.0	0.0	0.04272811995618905	6.173913043478261
1.0	2.0	0.0	0.042592820142091085	5.565217391304348
1.0	2.0	0.0	0.042599799178128006	5.6521739130434785
1.0	2.0	0.0	0.04273402673031314	6.260869565217392
1.0	1.0	0.0	0.02305938836609911	5.478260869565218
1.0	2.0	0.0	0.03843447630972317	4.434782608695652
1.0	2.0	0.0	0.03896842218309938	4.869565217391305
1.0	3.0	0.0	0.05577086771360673	3.8260869565217392
1.0	3.0	0.0	0.05835709711087522	5.304347826086956
1.0	2.0	0.0	0.038324230890330116	4.260869565217392
1.0	3.0	0.0	0.05808505107242586	4.695652173913044
1.0	3.0	0.0	0.056878932649110925	3.652173913043478
1.0	2.0	0.0	0.03797352482502425	3.739130434782609
1.0	3.0	0.0	0.055809892516856106	3.9130434782608696
1.0	2.0	0.0	0.03834010016384863	4.3478260869565215
1.0	2.0	0.0	0.03845117357153279	4.521739130434782
1.0	3.0	0.0	0.05809880733661222	4.782608695652174
1.0	3.0	0.0	0.058368909621832686	5.391304347826087
1.0	2.0	0.0	0.04198357120764985	4.521739130434782
1.0	2.0	0.0	0.03897943751476814	4.956521739130435
1.0	1.0	0.0	0.023394854942414802	7.130434782608695
1.0	1.0	0.0	0.023332920861737955	6.521739130434782
1.0	1.0	0.0	0.02333603549080589	6.608695652173913
1.0	1.0	0.0	0.02339753964492471	7.217391304347826
