Constant_feature	Degree	Clustering_coefficient	Pagerank	Aver_path_len
1.0	2.0	0.0	0.039684877283782616	5.142857142857143
1.0	2.0	0.0	0.03970146776639154	5.476190476190476
1.0	1.0	0.0	0.0223969670421906	4.571428571428571
1.0	2.0	0.0	0.046199234535115555	5.571428571428571
1.0	2.0	0.0	0.03860630529890559	3.380952380952381
1.0	3.0	0.0	0.05734823223975698	3.2857142857142856
1.0	2.0	0.0	0.03960099471351136	3.619047619047619
1.0	3.0	0.0	0.05619050064099761	3.380952380952381
1.0	3.0	0.0	0.0566067149069774	3.7142857142857144
1.0	3.0	0.0	0.058693927135917666	3.5714285714285716
1.0	3.0	0.0	0.05950630722421566	3.619047619047619
1.0	2.0	0.0	0.03842051532022815	3.857142857142857
1.0	2.0	0.0	0.03856261921713465	4.190476190476191
1.0	3.0	0.0	0.05672804781666503	4.333333333333333
1.0	3.0	0.0	0.056782186952307676	4.666666666666667
1.0	2.0	0.0	0.041006257916842814	4.142857142857143
1.0	2.0	0.0	0.04109488286635646	4.333333333333333
1.0	3.0	0.0	0.0628385036790885	4.714285714285714
1.0	2.0	0.0	0.040269305622758156	5.714285714285714
1.0	2.0	0.0	0.042089301891136535	4.904761904761905
1.0	2.0	0.0	0.04233830782601013	5.476190476190476
1.0	1.0	0.0	0.02533454210370918	6.523809523809524
