Constant_feature	Degree	Clustering_coefficient	Pagerank	Aver_path_len
1.0	1.0	0.0	0.020902778994290397	5.083333333333333
1.0	2.0	0.0	0.03727465386419821	4.5
1.0	2.0	0.0	0.03629902737950469	3.7916666666666665
1.0	2.0	0.0	0.037236921794649706	3.9166666666666665
1.0	2.0	0.0	0.036567144738576154	5.083333333333333
1.0	3.0	0.0	0.054573892974425844	4.958333333333333
1.0	3.0	0.0	0.05636098463371447	5.666666666666667
1.0	3.0	0.0	0.05245340428321139	4.291666666666667
1.0	3.0	0.0	0.05180524874599042	3.75
1.0	2.0	0.0	0.03753581262839077	5.75
1.0	2.0	0.0	0.03815987475738705	6.458333333333333
1.0	3.0	0.0	0.05245340428321138	4.291666666666667
1.0	1.0	0.0	0.020908576874704297	6.625
1.0	2.0	0.0	0.03656714473857617	5.083333333333333
1.0	2.0	0.0	0.03656714473857617	5.083333333333333
1.0	2.0	0.0	0.03814269763374657	6.541666666666667
1.0	2.0	0.0	0.03833560655077494	7.25
1.0	3.0	0.0	0.05634376959183096	4.125
1.0	2.0	0.0	0.036567144738576154	5.083333333333333
1.0	2.0	0.0	0.03740459974815545	5.875
1.0	2.0	0.0	0.03740459974815545	5.875
1.0	2.0	0.0	0.03766318353152121	6.666666666666667
1.0	2.0	0.0	0.03740459974815545	5.875
1.0	2.0	0.0	0.0376631835315212	6.666666666666667
1.0	2.0	0.0	0.03740459974815545	5.875
