Constant_feature	Degree	Clustering_coefficient	Pagerank	Aver_path_len
1.0	2.0	0.0	0.02127186639586765	5.1
1.0	2.0	0.0	0.021416948671497796	5.0
1.0	2.0	0.0	0.021596273873836867	5.375
1.0	2.0	0.0	0.021392687704181457	5.025
1.0	2.0	0.0	0.02126355409634492	5.3
1.0	1.0	0.0	0.013219728106755462	6.975
1.0	2.0	0.0	0.02497909202302496	9.175
1.0	3.0	0.0	0.030479163129047908	4.375
1.0	3.0	0.0	0.030922610625512482	4.75
1.0	3.0	0.0	0.03042226331605703	4.4
1.0	3.0	0.0	0.032068085838251055	5.075
1.0	3.0	0.0	0.030705377020899434	4.725
1.0	2.0	0.0	0.02395796594607422	6.0
1.0	2.0	0.0	0.0218528323047162	5.675
1.0	2.0	0.0	0.021958336564847317	6.05
1.0	2.0	0.0	0.021839654423245907	5.7
1.0	3.0	0.0	0.03203990449197154	5.925
1.0	3.0	0.0	0.0325878812691726	6.4
1.0	3.0	0.0	0.032667158066826296	6.775
1.0	3.0	0.0	0.03257661306703736	6.425
1.0	2.0	0.0	0.02225982234896552	6.7
1.0	2.0	0.0	0.02225982234896552	6.7
1.0	2.0	0.0	0.022572339171091173	7.275
1.0	2.0	0.0	0.022572339171091173	7.275
1.0	2.0	0.0	0.02260913812850128	7.65
1.0	2.0	0.0	0.02260913812850128	7.65
1.0	2.0	0.0	0.022568063194443277	7.3
1.0	2.0	0.0	0.022568063194443277	7.3
1.0	2.0	0.0	0.022683874387015884	7.475
1.0	2.0	0.0	0.022683874387015884	7.475
1.0	2.0	0.0	0.02301523900748642	8.15
1.0	2.0	0.0	0.02301523900748642	8.15
1.0	3.0	0.0	0.03409680269008593	8.25
1.0	2.0	0.0	0.02304233398612538	8.525
1.0	2.0	0.0	0.02304233398612538	8.525
1.0	2.0	0.0	0.023011153515466124	8.175
1.0	2.0	0.0	0.023011153515466124	8.175
1.0	2.0	0.0	0.0231528966493157	9.025
1.0	2.0	0.0	0.023178058794034256	9.4
1.0	2.0	0.0	0.023150121712726245	9.05
1.0	1.0	0.0	0.013680195740479007	10.15
