Constant_feature	Degree	Clustering_coefficient	Pagerank	Aver_path_len
1.0	1.0	0.0	0.01178265365484666	7.0476190476190474
1.0	1.0	0.0	0.01178265365484666	7.0476190476190474
1.0	1.0	0.0	0.011456263094589688	9.0
1.0	1.0	0.0	0.011456263094589688	9.0
1.0	1.0	0.0	0.01173264800970698	9.238095238095237
1.0	1.0	0.0	0.01173264800970698	9.238095238095237
1.0	1.0	0.0	0.01173264800970698	9.238095238095237
1.0	1.0	0.0	0.01173264800970698	9.238095238095237
1.0	3.0	0.0	0.029387723774354377	6.285714285714286
1.0	3.0	0.0	0.029387723774354377	6.285714285714286
1.0	2.0	0.0	0.02221546677357244	5.857142857142857
1.0	2.0	0.0	0.022100746084394926	5.880952380952381
1.0	2.0	0.0	0.022100746084394926	5.880952380952381
1.0	2.0	0.0	0.02172759634395846	5.9523809523809526
1.0	2.0	0.0	0.02172759634395846	5.9523809523809526
1.0	3.0	0.0	0.029343096298908605	6.880952380952381
1.0	3.0	0.0	0.029343096298908605	6.880952380952381
1.0	3.0	0.0	0.029343096298908605	6.880952380952381
1.0	3.0	0.0	0.029343096298908605	6.880952380952381
1.0	3.0	0.0	0.03152488546457978	6.071428571428571
1.0	3.0	0.0	0.03152488546457978	6.071428571428571
1.0	3.0	0.0	0.02966586476870169	7.428571428571429
1.0	3.0	0.0	0.02966586476870169	7.428571428571429
1.0	3.0	0.0	0.02966586476870169	7.428571428571429
1.0	3.0	0.0	0.02966586476870169	7.428571428571429
1.0	3.0	0.0	0.03043691878952868	8.023809523809524
1.0	3.0	0.0	0.03043691878952868	8.023809523809524
1.0	2.0	0.0	0.020667237497293496	7.761904761904762
1.0	2.0	0.0	0.020667237497293496	7.761904761904762
1.0	2.0	0.0	0.020667237497293496	7.761904761904762
1.0	2.0	0.0	0.020667237497293496	7.761904761904762
1.0	3.0	0.0	0.0313582019133393	8.261904761904763
1.0	3.0	0.0	0.0313582019133393	8.261904761904763
1.0	3.0	0.0	0.0313582019133393	8.261904761904763
1.0	3.0	0.0	0.0313582019133393	8.261904761904763
1.0	2.0	0.0	0.02119892216363272	8.595238095238095
1.0	2.0	0.0	0.02119892216363272	8.595238095238095
1.0	2.0	0.0	0.02119892216363272	8.595238095238095
1.0	2.0	0.0	0.02119892216363272	8.595238095238095
1.0	2.0	0.0	0.02127176905189778	9.142857142857142
1.0	2.0	0.0	0.02127176905189778	9.142857142857142
1.0	2.0	0.0	0.02127176905189778	9.142857142857142
1.0	2.0	0.0	0.02127176905189778	9.142857142857142
