Constant_feature	Degree	Clustering_coefficient	Pagerank	Aver_path_len
1.0	1.0	0.0	0.03704223320435054	3.3846153846153846
1.0	2.0	0.0	0.07545316330150843	3.5384615384615383
1.0	1.0	0.0	0.03950968995210054	3.8461538461538463
1.0	1.0	0.0	0.03813912797091415	4.769230769230769
1.0	4.0	0.0	0.1328879479684281	2.4615384615384617
1.0	2.0	0.0	0.06940906601359394	2.6153846153846154
1.0	2.0	0.0	0.06796816911671183	2.923076923076923
1.0	2.0	0.0	0.06796816911671183	2.923076923076923
1.0	3.0	0.0	0.10789082672713729	2.923076923076923
1.0	2.0	0.0	0.06872521562373628	3.3846153846153846
1.0	2.0	0.0	0.06872521562373628	3.3846153846153846
1.0	3.0	0.0	0.10331953340681617	3.8461538461538463
1.0	2.0	0.0	0.07987531148198929	4.3076923076923075
1.0	1.0	0.0	0.04308633049226503	5.230769230769231
