Constant_feature	Degree	Clustering_coefficient	Pagerank	Aver_path_len
1.0	2.0	0.0	0.0368836078467805	3.590909090909091
1.0	1.0	0.0	0.020559720759872214	4.136363636363637
1.0	3.0	0.0	0.052409404994490455	3.0454545454545454
1.0	3.0	0.0	0.05151064687980331	3.0454545454545454
1.0	2.0	0.0	0.03626042691319599	3.8636363636363638
1.0	3.0	0.0	0.05208370383174824	3.3181818181818183
1.0	2.0	0.0	0.03636940672501557	3.727272727272727
1.0	2.0	0.0	0.03643726412284859	3.590909090909091
1.0	4.0	0.0	0.072054753104551	3.1818181818181817
1.0	3.0	0.0	0.05305406766639934	3.727272727272727
1.0	2.0	0.0	0.03715714809697779	3.590909090909091
1.0	3.0	0.0	0.052715608752853915	3.4545454545454546
1.0	3.0	0.0	0.05585982349621061	3.6818181818181817
1.0	3.0	0.0	0.05366006263974233	4.136363636363637
1.0	2.0	0.0	0.03774134373232178	4.5
1.0	2.0	0.0	0.039224052405185394	4.454545454545454
1.0	2.0	0.0	0.039224052405185394	4.454545454545454
1.0	2.0	0.0	0.037952034596013234	4.909090909090909
1.0	2.0	0.0	0.03883755266278699	5.2727272727272725
1.0	2.0	0.0	0.03890358655002568	5.681818181818182
1.0	2.0	0.0	0.04025936914827344	5.2272727272727275
1.0	2.0	0.0	0.04025936914827344	5.2272727272727275
1.0	2.0	0.0	0.04058299352144479	6.0
