Constant_feature	Degree	Clustering_coefficient	Pagerank	Aver_path_len
1.0	1.0	0.0	0.0064929542289716285	13.10126582278481
1.0	1.0	0.0	0.006358604047513287	10.20253164556962
1.0	1.0	0.0	0.006437185930121343	10.582278481012658
1.0	1.0	0.0	0.006336566420019956	9.151898734177216
1.0	2.0	0.0	0.011630837734365521	7.2405063291139244
1.0	1.0	0.0	0.006716596501015673	13.012658227848101
1.0	1.0	0.0	0.007098101783210405	13.949367088607595
1.0	1.0	0.0	0.006610009192007925	9.316455696202532
1.0	1.0	0.0	0.0064954925631741205	8.759493670886076
1.0	2.0	0.0	0.012020882453335355	9.341772151898734
1.0	1.0	0.0	0.006477809723601626	8.265822784810126
1.0	1.0	0.0	0.006421432233829294	8.379746835443038
1.0	1.0	0.0	0.006625463779381436	11.025316455696203
1.0	1.0	0.0	0.006643386684279091	10.683544303797468
1.0	1.0	0.0	0.006674576494866658	10.0
1.0	2.0	0.0	0.012844818843542962	12.734177215189874
1.0	3.0	0.0	0.016323579741841454	8.873417721518987
1.0	3.0	0.0	0.016931562994151828	11.139240506329115
1.0	3.0	0.0	0.017464441944712854	8.91139240506329
1.0	3.0	0.0	0.017036038818549582	7.8354430379746836
1.0	2.0	0.0	0.011785257846297057	9.936708860759493
1.0	2.0	0.0	0.011562308514337889	7.3164556962025316
1.0	2.0	0.0	0.011730349232091231	7.6455696202531644
1.0	3.0	0.0	0.01630500793547057	8.50632911392405
1.0	3.0	0.0	0.01669220110150534	10.329113924050633
1.0	2.0	0.0	0.011269088942166907	9.455696202531646
1.0	2.0	0.0	0.011500341616265439	11.253164556962025
1.0	2.0	0.0	0.011394674606555216	10.126582278481013
1.0	2.0	0.0	0.011275040264924787	9.822784810126583
1.0	3.0	0.0	0.01747654298859545	12.113924050632912
1.0	2.0	0.0	0.011572672398880615	12.063291139240507
1.0	3.0	0.0	0.017030411526267362	9.215189873417721
1.0	3.0	0.0	0.017289249347254166	9.594936708860759
1.0	3.0	0.0	0.01695513199828924	8.164556962025317
1.0	3.0	0.0	0.017196886441486654	9.531645569620252
1.0	3.0	0.0	0.017287336439303212	8.278481012658228
1.0	2.0	0.0	0.012303432610665313	10.443037974683545
1.0	3.0	0.0	0.018223099148772688	12.025316455696203
1.0	2.0	0.0	0.012341577334652886	9.189873417721518
1.0	3.0	0.0	0.016582915817418324	7.518987341772152
1.0	3.0	0.0	0.01750741273276622	7.949367088607595
1.0	3.0	0.0	0.019642349182062285	11.379746835443038
1.0	3.0	0.0	0.01689074010097997	6.886075949367089
1.0	3.0	0.0	0.01968013040487581	10.126582278481013
1.0	3.0	0.0	0.018731131718557094	8.860759493670885
1.0	3.0	0.0	0.017486827365899717	7.772151898734177
1.0	3.0	0.0	0.017363521671614146	7.063291139240507
1.0	3.0	0.0	0.01949239193712955	12.962025316455696
1.0	3.0	0.0	0.017867914766616626	8.329113924050633
1.0	1.0	0.0	0.0064888128324820556	9.89873417721519
1.0	2.0	0.0	0.011223379681645817	8.30379746835443
1.0	1.0	0.0	0.006360857724771738	8.822784810126583
1.0	3.0	0.0	0.017424789328670115	7.2784810126582276
1.0	3.0	0.0	0.017237424549371362	7.3924050632911396
1.0	2.0	0.0	0.013435421381441054	9.822784810126583
1.0	3.0	0.0	0.01791548650835728	10.037974683544304
1.0	1.0	0.0	0.007143638543749692	12.367088607594937
1.0	1.0	0.0	0.007143638543749692	12.367088607594937
1.0	2.0	0.0	0.012034585686874584	8.683544303797468
1.0	3.0	0.0	0.01800540027215755	9.860759493670885
1.0	1.0	0.0	0.007154781814300308	11.113924050632912
1.0	1.0	0.0	0.007154781814300308	11.113924050632912
1.0	1.0	0.0	0.006869086445836465	9.848101265822784
1.0	1.0	0.0	0.006459405500536227	8.050632911392405
1.0	1.0	0.0	0.007098101783210405	13.949367088607595
1.0	3.0	0.0	0.01666239714909734	9.113924050632912
1.0	3.0	0.0	0.01782335131426159	9.544303797468354
1.0	3.0	0.0	0.017975395855528285	9.69620253164557
1.0	1.0	0.0	0.007296167363606217	10.810126582278482
1.0	3.0	0.0	0.019230789617157955	10.481012658227849
1.0	3.0	0.0	0.018083654515394874	9.012658227848101
1.0	1.0	0.0	0.00665081281498427	10.848101265822784
1.0	2.0	0.0	0.01151289919959637	10.0
1.0	2.0	0.0	0.01151289919959637	10.0
1.0	1.0	0.0	0.007019954422410638	11.468354430379748
1.0	1.0	0.0	0.007019954422410638	11.468354430379748
1.0	2.0	0.0	0.01169854902370681	10.886075949367088
1.0	2.0	0.0	0.01169854902370681	10.886075949367088
1.0	3.0	0.0	0.01755864370595517	11.772151898734178
1.0	1.0	0.0	0.0070301018569379325	13.721518987341772
