Constant_feature	Degree	Clustering_coefficient	Pagerank	Aver_path_len
1.0	2.0	0.0	0.04907793774322096	3.1176470588235294
1.0	1.0	0.0	0.027362779430070313	3.764705882352941
1.0	1.0	0.0	0.02736277943007032	3.764705882352941
1.0	1.0	0.0	0.030262854602896454	4.882352941176471
1.0	3.0	0.0	0.07063927021008902	2.7058823529411766
1.0	3.0	0.0	0.07063927021008903	2.7058823529411766
1.0	3.0	0.0	0.07105662089506178	2.9411764705882355
1.0	3.0	0.0	0.07105662089506178	2.9411764705882355
1.0	3.0	0.0	0.0726911668393567	2.823529411764706
1.0	3.0	0.0	0.0726911668393567	2.823529411764706
1.0	2.0	0.0	0.049077937743220966	3.1176470588235294
1.0	3.0	0.0	0.074431919772694	3.235294117647059
1.0	2.0	0.0	0.04972634090940145	3.6470588235294117
1.0	2.0	0.0	0.04972634090940145	3.6470588235294117
1.0	2.0	0.0	0.05078614067281005	4.352941176470588
1.0	2.0	0.0	0.05078614067281006	4.352941176470588
1.0	3.0	0.0	0.08236185762149235	3.9411764705882355
1.0	1.0	0.0	0.030262854602896454	4.882352941176471
