Constant_feature	Degree	Clustering_coefficient	Pagerank	Aver_path_len
1.0	2.0	0.0	0.047893023776334864	4.105263157894737
1.0	1.0	0.0	0.02668657780732977	4.842105263157895
1.0	2.0	0.0	0.047951373885689964	4.0
1.0	2.0	0.0	0.0470985457798397	5.368421052631579
1.0	2.0	0.0	0.04826429836548395	3.8947368421052633
1.0	3.0	0.0	0.0685784018626725	4.842105263157895
1.0	2.0	0.0	0.04712485283728411	4.421052631578948
1.0	2.0	0.0	0.047078559521720284	5.578947368421052
1.0	2.0	0.0	0.047078559521720284	5.578947368421052
1.0	3.0	0.0	0.06862154014901617	4.631578947368421
1.0	3.0	0.0	0.07077224220776468	4.2105263157894735
1.0	2.0	0.0	0.04779170505278012	6.315789473684211
1.0	2.0	0.0	0.04779170505278012	6.315789473684211
1.0	2.0	0.0	0.048011122558010676	7.052631578947368
1.0	2.0	0.0	0.0470985457798397	5.368421052631579
1.0	1.0	0.0	0.026232101647743096	5.157894736842105
1.0	2.0	0.0	0.04780629795569667	6.105263157894737
1.0	3.0	0.0	0.07228929396742195	3.8947368421052633
1.0	2.0	0.0	0.04802495431517452	6.842105263157895
1.0	2.0	0.0	0.04780629795569667	6.105263157894737
