Constant_feature	Degree	Clustering_coefficient	Pagerank	Aver_path_len
1.0	0.0	0.0	0.0	0.0
1.0	1.0	0.0	0.02861067525580922	4.705882352941177
1.0	3.0	0.0	0.08731028806247407	5.352941176470588
1.0	3.0	0.0	0.07644534883385044	4.0588235294117645
1.0	2.0	0.0	0.051616497235088515	4.352941176470588
1.0	3.0	0.0	0.0753720482823858	3.588235294117647
1.0	2.0	0.0	0.05252029232181239	3.7058823529411766
1.0	3.0	0.0	0.07685027616959543	3.764705882352941
1.0	2.0	0.0	0.05468158841357674	4.647058823529412
1.0	2.0	0.0	0.05411672823681872	3.9411764705882355
1.0	2.0	0.0	0.05139493435544498	4.117647058823529
1.0	2.0	0.0	0.05539538482586129	4.294117647058823
1.0	2.0	0.0	0.056635882999680906	4.764705882352941
1.0	2.0	0.0	0.058119511460049296	5.352941176470588
1.0	2.0	0.0	0.06016939385256562	6.0588235294117645
1.0	2.0	0.0	0.06324836291873948	6.882352941176471
1.0	1.0	0.0	0.03174818914905463	6.294117647058823
1.0	1.0	0.0	0.03174818914905463	6.294117647058823
1.0	1.0	0.0	0.0340164084781377	7.823529411764706
