Constant_feature	Degree	Clustering_coefficient	Pagerank	Aver_path_len
1.0	2.0	0.0	0.017893919658404884	6.108695652173913
1.0	2.0	0.0	0.018273331768905658	6.782608695652174
1.0	2.0	0.0	0.01855966977092838	6.260869565217392
1.0	2.0	0.0	0.01882652590738961	6.934782608695652
1.0	1.0	0.0	0.010216623200529606	6.891304347826087
1.0	1.0	0.0	0.010322116097710016	7.0
1.0	1.0	0.0	0.011306990854394705	8.456521739130435
1.0	1.0	0.0	0.010579642486238234	7.1521739130434785
1.0	1.0	0.0	0.010693533485592537	7.826086956521739
1.0	1.0	0.0	0.011498981020828193	9.391304347826088
1.0	3.0	0.0	0.02515333776136439	5.239130434782608
1.0	3.0	0.0	0.02473160401244531	4.326086956521739
1.0	2.0	0.0	0.01722086496574913	5.586956521739131
1.0	3.0	0.0	0.027850428003772843	6.695652173913044
1.0	3.0	0.0	0.0281752700246035	6.173913043478261
1.0	3.0	0.0	0.028550790854548605	6.8478260869565215
1.0	4.0	0.0	0.032104211724335016	4.3478260869565215
1.0	3.0	0.0	0.02464605551154815	4.804347826086956
1.0	4.0	0.0	0.03352160840667997	5.304347826086956
1.0	2.0	0.0	0.01689390982540836	4.891304347826087
1.0	3.0	0.0	0.025204046433234435	5.086956521739131
1.0	4.0	0.0	0.03597513063310524	6.543478260869565
1.0	3.0	0.0	0.026961676391700322	5.913043478260869
1.0	3.0	0.0	0.027316480358734577	6.021739130434782
1.0	3.0	0.0	0.02566366889569264	5.782608695652174
1.0	3.0	0.0	0.025443596045954114	4.739130434782608
1.0	2.0	0.0	0.017216376443902483	4.543478260869565
1.0	2.0	0.0	0.018118917643802423	5.978260869565218
1.0	2.0	0.0	0.020397229209987305	7.478260869565218
1.0	3.0	0.0	0.02556347259202645	4.673913043478261
1.0	3.0	0.0	0.02566241962519334	4.913043478260869
1.0	2.0	0.0	0.018279626695390586	6.673913043478261
1.0	1.0	0.0	0.010483325893586477	7.673913043478261
1.0	2.0	0.0	0.01775636442938675	5.043478260869565
1.0	2.0	0.0	0.01873403139191797	6.869565217391305
1.0	2.0	0.0	0.01821784734741497	5.630434782608695
1.0	4.0	0.0	0.0353728678460503	5.456521739130435
1.0	2.0	0.0	0.01878349578395542	7.565217391304348
1.0	2.0	0.0	0.018293727372210584	5.804347826086956
1.0	4.0	0.0	0.03710329110950969	7.478260869565218
1.0	2.0	0.0	0.01879307228027993	6.521739130434782
1.0	3.0	0.0	0.028175270024603502	6.173913043478261
1.0	2.0	0.0	0.018816998899737685	6.695652173913044
1.0	3.0	0.0	0.028550790854548605	6.8478260869565215
1.0	1.0	0.0	0.010579642486238234	7.1521739130434785
1.0	2.0	0.0	0.0208236844848662	8.41304347826087
1.0	1.0	0.0	0.010693533485592538	7.826086956521739
