Constant_feature	Degree	Clustering_coefficient	Pagerank	Aver_path_len
1.0	1.0	0.0	0.026210034325211688	4.666666666666667
1.0	1.0	0.0	0.026153925928967686	4.277777777777778
1.0	1.0	0.0	0.029076417639317554	5.722222222222222
1.0	1.0	0.0	0.029076417639317554	5.722222222222222
1.0	3.0	0.0	0.06982329183036876	3.7222222222222223
1.0	3.0	0.0	0.06602405287138093	3.2222222222222223
1.0	3.0	0.0	0.06693405731980605	3.6666666666666665
1.0	3.0	0.0	0.06629046429394497	2.8333333333333335
1.0	2.0	0.0	0.04620872100005511	4.0
1.0	3.0	0.0	0.06963520899794176	3.3333333333333335
1.0	2.0	0.0	0.04648159918816579	4.444444444444445
1.0	2.0	0.0	0.04697365540542428	4.666666666666667
1.0	3.0	0.0	0.06776227106201291	2.888888888888889
1.0	2.0	0.0	0.04734831203768902	3.2777777777777777
1.0	2.0	0.0	0.04734831203768902	3.2777777777777777
1.0	2.0	0.0	0.048345049459050854	3.6666666666666665
1.0	2.0	0.0	0.048345049459050854	3.6666666666666665
1.0	3.0	0.0	0.07258833996707005	4.055555555555555
1.0	3.0	0.0	0.0793748195375349	4.777777777777778
