Constant_feature	Degree	Clustering_coefficient	Pagerank	Aver_path_len
1.0	1.0	0.0	0.017803187722553446	4.666666666666667
1.0	1.0	0.0	0.017803187722553446	4.666666666666667
1.0	3.0	0.0	0.047439260017857074	3.7037037037037037
1.0	3.0	0.0	0.047439260017857074	3.7037037037037037
1.0	2.0	0.0	0.03102201542751152	5.481481481481482
1.0	2.0	0.0	0.03102201542751152	5.481481481481482
1.0	3.0	0.0	0.04537682585960199	3.7037037037037037
1.0	3.0	0.0	0.04537682585960199	3.7037037037037037
1.0	3.0	0.0	0.047439260017857074	3.7037037037037037
1.0	3.0	0.0	0.047439260017857074	3.7037037037037037
1.0	3.0	0.0	0.04447357585956666	4.074074074074074
1.0	3.0	0.0	0.04447357585956666	4.074074074074074
1.0	3.0	0.0	0.0446514710986443	4.62962962962963
1.0	3.0	0.0	0.0446514710986443	4.62962962962963
1.0	1.0	0.0	0.017803187722553446	4.666666666666667
1.0	1.0	0.0	0.017803187722553446	4.666666666666667
1.0	2.0	0.0	0.030873576187515697	4.851851851851852
1.0	2.0	0.0	0.030873576187515697	4.851851851851852
1.0	3.0	0.0	0.04519394185684088	5.333333333333333
1.0	3.0	0.0	0.04519394185684088	5.333333333333333
1.0	2.0	0.0	0.03151410892783592	5.444444444444445
1.0	2.0	0.0	0.03151410892783592	5.444444444444445
1.0	2.0	0.0	0.0317010904538587	6.148148148148148
1.0	2.0	0.0	0.0317010904538587	6.148148148148148
1.0	2.0	0.0	0.03232410864669728	6.2592592592592595
1.0	2.0	0.0	0.03232410864669728	6.2592592592592595
1.0	2.0	0.0	0.03238439020110579	6.962962962962963
1.0	2.0	0.0	0.03238439020110579	6.962962962962963
