Constant_feature	Degree	Clustering_coefficient	Pagerank	Aver_path_len
1.0	2.0	0.0	0.03398359756613763	3.4166666666666665
1.0	1.0	0.0	0.019457678350589945	4.333333333333333
1.0	1.0	0.0	0.020361861810310317	5.25
1.0	3.0	0.0	0.04979652814574874	3.125
1.0	3.0	0.0	0.04969579564561198	3.125
1.0	3.0	0.0	0.050248795287472045	3.4166666666666665
1.0	3.0	0.0	0.0515248568607978	3.375
1.0	3.0	0.0	0.05143116591725064	3.6666666666666665
1.0	3.0	0.0	0.05155044457658534	3.5833333333333335
1.0	3.0	0.0	0.051661515837576444	3.9583333333333335
1.0	2.0	0.0	0.036103927549536875	4.458333333333333
1.0	2.0	0.0	0.036103927549536875	4.458333333333333
1.0	3.0	0.0	0.054537729738093246	4.291666666666667
1.0	2.0	0.0	0.03617556683242632	4.375
1.0	2.0	0.0	0.036208145603866204	4.75
1.0	2.0	0.0	0.036208145603866204	4.75
1.0	2.0	0.0	0.03705245094478049	5.25
1.0	2.0	0.0	0.03705245094478049	5.25
1.0	2.0	0.0	0.0372189232006226	5.083333333333333
1.0	2.0	0.0	0.03713659446451839	5.166666666666667
1.0	2.0	0.0	0.037348254892894006	6.041666666666667
1.0	2.0	0.0	0.03713186277024444	5.541666666666667
1.0	2.0	0.0	0.03713186277024444	5.541666666666667
1.0	2.0	0.0	0.037458845777423484	5.875
1.0	2.0	0.0	0.03741907135908493	6.333333333333333
