Constant_feature	Degree	Clustering_coefficient	Pagerank	Aver_path_len
1.0	0.0	0.0	0.0	0.0
1.0	1.0	0.0	0.020877680369704034	5.64
1.0	1.0	0.0	0.020877680369704034	5.64
1.0	2.0	0.0	0.035045860410775884	3.64
1.0	2.0	0.0	0.03312346925613727	4.04
1.0	3.0	0.0	0.062361322410633094	6.36
1.0	3.0	0.0	0.05677053111434536	4.68
1.0	3.0	0.0	0.04868337648662229	3.16
1.0	3.0	0.0	0.0484333936251896	3.32
1.0	3.0	0.0	0.048451470922011235	3.56
1.0	2.0	0.0	0.036878802436180365	4.2
1.0	3.0	0.0	0.048792280536469015	3.64
1.0	2.0	0.0	0.03835828231336272	4.84
1.0	3.0	0.0	0.04880123249480773	3.88
1.0	2.0	0.0	0.0398165890575066	5.56
1.0	3.0	0.0	0.05115218558755065	3.88
1.0	3.0	0.0	0.05169813435713169	4.36
1.0	3.0	0.0	0.051709893367135516	4.6
1.0	2.0	0.0	0.03413566483024516	4.36
1.0	2.0	0.0	0.034986108481508016	4.6
1.0	2.0	0.0	0.035100078295464424	4.92
1.0	2.0	0.0	0.0351131884503183	5.4
1.0	2.0	0.0	0.03500739936013068	5.08
1.0	1.0	0.0	0.01935596183152316	5.32
1.0	1.0	0.0	0.0193594900049971	5.56
1.0	1.0	0.0	0.022554961815273063	7.32
1.0	1.0	0.0	0.022554961815273063	7.32
