Constant_feature	Degree	Clustering_coefficient	Pagerank	Aver_path_len
1.0	2.0	0.0	0.03838006371949237	5.045454545454546
1.0	2.0	0.0	0.0384208013382238	5.318181818181818
1.0	2.0	0.0	0.04121289641033092	4.181818181818182
1.0	2.0	0.0	0.0446138025427158	6.318181818181818
1.0	3.0	0.0	0.05782551938551983	3.3636363636363638
1.0	3.0	0.0	0.05557593163373247	3.227272727272727
1.0	3.0	0.0	0.057594242482618636	3.6818181818181817
1.0	3.0	0.0	0.05662260215249012	3.5
1.0	1.0	0.0	0.02169514498018715	4.318181818181818
1.0	2.0	0.0	0.03754467794676554	3.727272727272727
1.0	3.0	0.0	0.05507771246249656	4.2272727272727275
1.0	3.0	0.0	0.05521568507243855	4.5
1.0	2.0	0.0	0.03789825605629164	4.0
1.0	2.0	0.0	0.039888122259843756	4.2727272727272725
1.0	2.0	0.0	0.039888122259843756	4.2727272727272725
1.0	2.0	0.0	0.03890822044436486	5.590909090909091
1.0	2.0	0.0	0.04058167240933237	4.863636363636363
1.0	2.0	0.0	0.04058167240933237	4.863636363636363
1.0	3.0	0.0	0.06094770809002933	5.454545454545454
1.0	2.0	0.0	0.044178125440471575	4.954545454545454
1.0	2.0	0.0	0.04729363346812538	5.818181818181818
1.0	1.0	0.0	0.02442404829338127	7.2727272727272725
1.0	1.0	0.0	0.025631338741971824	6.7727272727272725
