Constant_feature	Degree	Clustering_coefficient	Pagerank	Aver_path_len
1.0	1.0	0.0	0.024771432270084125	4.3
1.0	1.0	0.0	0.027806466408420813	5.8
1.0	1.0	0.0	0.027806466408420813	5.8
1.0	4.0	0.0	0.09538739547791925	3.75
1.0	4.0	0.0	0.09538739547791925	3.75
1.0	3.0	0.0	0.06607015394759971	3.1
1.0	3.0	0.0	0.06607015394759971	3.1
1.0	3.0	0.0	0.06669703916378658	3.35
1.0	1.0	0.0	0.026224485316545088	4.7
1.0	1.0	0.0	0.026224485316545088	4.7
1.0	1.0	0.0	0.026224485316545088	4.7
1.0	1.0	0.0	0.026224485316545088	4.7
1.0	1.0	0.0	0.026224485316545088	4.7
1.0	1.0	0.0	0.026224485316545088	4.7
1.0	2.0	0.0	0.044079393688150836	3.25
1.0	2.0	0.0	0.044079393688150836	3.25
1.0	3.0	0.0	0.06499090203499842	3.0
1.0	2.0	0.0	0.04568067976527049	3.45
1.0	3.0	0.0	0.07140774308228001	4.0
1.0	2.0	0.0	0.05120923637006418	4.85
1.0	2.0	0.0	0.05120923637006418	4.85
