Constant_feature	Degree	Clustering_coefficient	Pagerank	Aver_path_len
1.0	4.0	0.0	0.09530411991120014	5.55
1.0	4.0	0.0	0.09530411991120014	5.55
1.0	1.0	0.0	0.02620572606854072	6.5
1.0	1.0	0.0	0.02620572606854072	6.5
1.0	1.0	0.0	0.02620572606854072	6.5
1.0	1.0	0.0	0.02620572606854072	6.5
1.0	1.0	0.0	0.02620572606854072	6.5
1.0	1.0	0.0	0.02620572606854072	6.5
1.0	2.0	0.0	0.04269302954314755	3.8
1.0	3.0	0.0	0.06321722690695127	3.85
1.0	3.0	0.0	0.06321722690695127	3.85
1.0	2.0	0.0	0.0436051575646632	4.2
1.0	2.0	0.0	0.0436051575646632	4.2
1.0	2.0	0.0	0.0436051575646632	4.2
1.0	2.0	0.0	0.0436051575646632	4.2
1.0	3.0	0.0	0.0659611068928148	4.9
1.0	3.0	0.0	0.0659611068928148	4.9
1.0	2.0	0.0	0.04417176909125571	4.55
1.0	2.0	0.0	0.04417176909125571	4.55
1.0	2.0	0.0	0.04417176909125571	4.55
1.0	2.0	0.0	0.04417176909125571	4.55
