Constant_feature	Degree	Clustering_coefficient	Pagerank	Aver_path_len
1.0	2.0	0.0	0.03479230213872431	3.36
1.0	1.0	0.0	0.02253562472748629	7.04
1.0	4.0	0.0	0.06409861739227828	2.88
1.0	3.0	0.0	0.04955272206809701	3.44
1.0	3.0	0.0	0.04955272206809701	3.44
1.0	3.0	0.0	0.04955272206809701	3.44
1.0	2.0	0.0	0.03671806444916914	3.92
1.0	2.0	0.0	0.03825837807265755	4.56
1.0	2.0	0.0	0.03975141475924984	5.28
1.0	3.0	0.0	0.062299986584362685	6.08
1.0	2.0	0.0	0.03475919080385922	4.24
1.0	2.0	0.0	0.03475919080385922	4.24
1.0	2.0	0.0	0.03475919080385922	4.24
1.0	2.0	0.0	0.03475919080385922	4.24
1.0	2.0	0.0	0.03475919080385922	4.24
1.0	2.0	0.0	0.03475919080385922	4.24
1.0	2.0	0.0	0.03566211313103186	5.04
1.0	2.0	0.0	0.03566211313103186	5.04
1.0	2.0	0.0	0.03566211313103186	5.04
1.0	2.0	0.0	0.03566211313103186	5.04
1.0	2.0	0.0	0.03566211313103186	5.04
1.0	2.0	0.0	0.03566211313103186	5.04
1.0	1.0	0.0	0.02253562472748629	7.04
1.0	2.0	0.0	0.03594133244498279	5.84
1.0	2.0	0.0	0.03594133244498279	5.84
1.0	2.0	0.0	0.03594133244498279	5.84
