Constant_feature	Degree	Clustering_coefficient	Pagerank	Aver_path_len
1.0	2.0	0.0	0.0403324587135938	3.6666666666666665
1.0	2.0	0.0	0.0438032757783589	3.619047619047619
1.0	1.0	0.0	0.023093400833465425	4.714285714285714
1.0	1.0	0.0	0.023101400041363587	5.142857142857143
1.0	1.0	0.0	0.02570080036576293	5.333333333333333
1.0	3.0	0.0	0.05747285494441821	2.761904761904762
1.0	3.0	0.0	0.05812898760742745	2.8095238095238093
1.0	3.0	0.0	0.057436882697591556	3.0
1.0	3.0	0.0	0.06085759283925497	3.380952380952381
1.0	4.0	0.0	0.08045862383393064	2.9523809523809526
1.0	3.0	0.0	0.05833317567940257	3.1904761904761907
1.0	2.0	0.0	0.04053249002141175	3.4761904761904763
1.0	3.0	0.0	0.06182591634750875	3.761904761904762
1.0	2.0	0.0	0.04083800325318175	3.238095238095238
1.0	2.0	0.0	0.04042330441874607	3.380952380952381
1.0	3.0	0.0	0.061222594663117844	3.8095238095238093
1.0	1.0	0.0	0.022802707084241678	4.333333333333333
1.0	1.0	0.0	0.022647929958050515	3.9047619047619047
1.0	3.0	0.0	0.06185269457857577	4.190476190476191
1.0	1.0	0.0	0.022912043712041124	4.761904761904762
1.0	3.0	0.0	0.07052206226279144	4.380952380952381
1.0	1.0	0.0	0.02570080036576293	5.333333333333333
