Constant_feature	Degree	Clustering_coefficient	Pagerank	Aver_path_len
1.0	2.0	0.0	0.038576649104914804	3.782608695652174
1.0	2.0	0.0	0.04099400854422209	4.086956521739131
1.0	1.0	0.0	0.02078446353641173	4.478260869565218
1.0	1.0	0.0	0.020860063829482307	4.3478260869565215
1.0	1.0	0.0	0.023805907881521066	5.826086956521739
1.0	2.0	1.0	0.03374379687470107	4.521739130434782
1.0	3.0	0.0	0.04986522454496565	3.0869565217391304
1.0	1.0	0.0	0.021320803998543608	4.869565217391305
1.0	1.0	0.0	0.023805907881521066	5.826086956521739
1.0	3.0	0.3333333333333333	0.049203743995091656	3.652173913043478
1.0	4.0	0.0	0.06682954177518834	2.9130434782608696
1.0	3.0	0.3333333333333333	0.04938653790853008	4.217391304347826
1.0	2.0	0.0	0.03394211863397463	3.8260869565217392
1.0	3.0	0.0	0.051940028932975016	2.782608695652174
1.0	3.0	0.0	0.05129278060118318	3.0
1.0	3.0	0.0	0.051830627274844956	2.869565217391304
1.0	2.0	0.0	0.038197437309158463	3.391304347826087
1.0	3.0	0.0	0.055393832126769425	3.5217391304347827
1.0	3.0	0.0	0.05564321032771429	3.391304347826087
1.0	1.0	0.0	0.02152635380616243	4.739130434782608
1.0	3.0	0.0	0.057107603454322274	4.043478260869565
1.0	3.0	0.0	0.05718192410838993	3.9130434782608696
1.0	1.0	0.0	0.0212993568278467	5.0
1.0	3.0	0.0	0.065468076721565	4.869565217391305
