Constant_feature	Degree	Clustering_coefficient	Pagerank	Aver_path_len
1.0	1.0	0.0	0.01488407386356545	6.636363636363637
1.0	1.0	0.0	0.01488407386356545	6.636363636363637
1.0	2.0	0.0	0.02522362294918901	7.212121212121212
1.0	2.0	0.0	0.02522362294918901	7.212121212121212
1.0	2.0	0.0	0.026167671253940386	5.909090909090909
1.0	2.0	0.0	0.026167671253940386	5.909090909090909
1.0	3.0	0.0	0.0369487602095364	7.636363636363637
1.0	3.0	0.0	0.0369487602095364	7.636363636363637
1.0	2.0	0.0	0.02521400154472351	7.121212121212121
1.0	2.0	0.0	0.02521400154472351	7.121212121212121
1.0	2.0	0.0	0.026111730542114367	9.181818181818182
1.0	2.0	0.0	0.026111730542114367	9.181818181818182
1.0	2.0	0.0	0.02578473514458843	8.515151515151516
1.0	2.0	0.0	0.02578473514458843	8.515151515151516
1.0	2.0	0.0	0.02840098913210373	9.181818181818182
1.0	2.0	0.0	0.02840098913210373	9.181818181818182
1.0	3.0	0.0	0.03855434255897548	8.333333333333334
1.0	3.0	0.0	0.03855434255897548	8.333333333333334
1.0	2.0	0.0	0.03086930890631724	10.090909090909092
1.0	2.0	0.0	0.03086930890631724	10.090909090909092
1.0	3.0	0.0	0.036979649227044116	7.7272727272727275
1.0	3.0	0.0	0.036979649227044116	7.7272727272727275
1.0	3.0	0.0	0.0372960293783247	6.575757575757576
1.0	3.0	0.0	0.0372960293783247	6.575757575757576
1.0	1.0	0.0	0.01683389785114686	11.06060606060606
1.0	1.0	0.0	0.01683389785114686	11.06060606060606
1.0	2.0	0.0	0.025905070365003023	6.212121212121212
1.0	2.0	0.0	0.025905070365003023	6.212121212121212
1.0	3.0	0.0	0.03856325792753333	5.666666666666667
1.0	3.0	0.0	0.03856325792753333	5.666666666666667
1.0	3.0	0.0	0.03980975556425974	5.666666666666667
1.0	3.0	0.0	0.03980975556425974	5.666666666666667
1.0	2.0	0.0	0.02645310358163413	5.666666666666667
1.0	2.0	0.0	0.02645310358163413	5.666666666666667
