Constant_feature	Degree	Clustering_coefficient	Pagerank	Aver_path_len
1.0	2.0	0.0	0.03917324692144954	4.64
1.0	1.0	0.0	0.01980748428220799	4.32
1.0	1.0	0.0	0.018987022532688316	4.72
1.0	1.0	0.0	0.019461492204426493	5.04
1.0	1.0	0.0	0.019432501781954006	5.2
1.0	1.0	0.0	0.022366097077479115	6.4
1.0	3.0	0.0	0.049082571003767915	2.96
1.0	3.0	0.0	0.04882648724744697	3.2
1.0	3.0	0.0	0.0487599991847978	3.28
1.0	3.0	0.0	0.04924987522748569	3.44
1.0	3.0	0.0	0.04920094285352367	3.52
1.0	3.0	0.0	0.053205536653533114	3.36
1.0	3.0	0.0	0.05047106299014232	3.76
1.0	2.0	0.0	0.034398464155867135	3.92
1.0	3.0	0.0	0.05602291970463264	3.92
1.0	2.0	0.0	0.03428336299591991	4.08
1.0	3.0	0.0	0.05205265715052991	4.08
1.0	3.0	0.0	0.053017511801569335	4.56
1.0	3.0	0.0	0.05195599580970026	4.24
1.0	2.0	0.0	0.03536628817761506	4.8
1.0	2.0	0.0	0.035133516181974814	4.8
1.0	2.0	0.0	0.03524213854668487	5.04
1.0	1.0	0.0	0.020653303690124268	4.88
1.0	1.0	0.0	0.01975094981934241	5.52
1.0	3.0	0.0	0.06173247492765732	5.44
1.0	1.0	0.0	0.022366097077479115	6.4
