Constant_feature	Degree	Clustering_coefficient	Pagerank	Aver_path_len
1.0	1.0	0.0	0.0332701341591209	4.0625
1.0	1.0	0.0	0.0332701341591209	4.0625
1.0	1.0	0.0	0.03453281569288281	5.0625
1.0	1.0	0.0	0.03453281569288281	5.0625
1.0	3.0	0.0	0.0912940919972818	3.125
1.0	1.0	0.0	0.03453281569288281	5.0625
1.0	1.0	0.0	0.03453281569288281	5.0625
1.0	4.0	0.0	0.11344070398874251	2.4375
1.0	2.0	0.0	0.06042444905417356	3.125
1.0	2.0	0.0	0.05886767461138587	2.875
1.0	2.0	0.0	0.05886767461138587	2.875
1.0	2.0	0.0	0.06448232216779659	3.9375
1.0	2.0	0.0	0.06102282274993882	3.4375
1.0	2.0	0.0	0.06102282274993882	3.4375
1.0	1.0	0.0	0.034899844219729005	4.875
1.0	3.0	0.0	0.09550303137992701	4.125
1.0	3.0	0.0	0.09550303137992701	4.125
