Constant_feature	Degree	Clustering_coefficient	Pagerank	Aver_path_len
1.0	2.0	0.0	0.019413535218088043	8.545454545454545
1.0	2.0	0.0	0.019390772985926535	8.613636363636363
1.0	1.0	0.0	0.011440804565048424	9.818181818181818
1.0	1.0	0.0	0.01194890071772622	10.840909090909092
1.0	1.0	0.0	0.012020921630487513	11.318181818181818
1.0	1.0	0.0	0.011828278547820988	13.0
1.0	2.0	0.0	0.021099627530785148	15.090909090909092
1.0	1.0	0.0	0.011608979741631078	15.204545454545455
1.0	3.0	0.0	0.028238256244790143	8.454545454545455
1.0	3.0	0.0	0.028224724931191134	8.477272727272727
1.0	2.0	0.0	0.019583232862875555	8.954545454545455
1.0	3.0	0.0	0.029066517232643106	8.636363636363637
1.0	2.0	0.0	0.019567410956617116	9.0
1.0	2.0	0.0	0.019754542215304524	9.045454545454545
1.0	3.0	0.0	0.029002741077258996	8.75
1.0	2.0	0.0	0.01972871356443179	9.136363636363637
1.0	3.0	0.0	0.030728296164340193	8.840909090909092
1.0	2.0	0.0	0.02039464730971954	9.0
1.0	2.0	0.0	0.02108819746742273	9.136363636363637
1.0	2.0	0.0	0.0210459848632355	9.295454545454545
1.0	2.0	0.0	0.021438487087254696	9.477272727272727
1.0	2.0	0.0	0.021438722062570966	9.636363636363637
1.0	3.0	0.0	0.032422368782369294	9.863636363636363
1.0	2.0	0.0	0.021654018838164785	10.022727272727273
1.0	3.0	0.0	0.03266253070162922	10.340909090909092
1.0	2.0	0.0	0.02174678533186123	10.454545454545455
1.0	2.0	0.0	0.021987882519736983	10.909090909090908
1.0	2.0	0.0	0.021729977334990644	10.931818181818182
1.0	2.0	0.0	0.022149571180124485	11.522727272727273
1.0	2.0	0.0	0.02229350866206048	12.181818181818182
1.0	2.0	0.0	0.02160767090441859	11.454545454545455
1.0	2.0	0.0	0.022455544719279328	12.886363636363637
1.0	3.0	0.0	0.03201770212230877	12.022727272727273
1.0	2.0	0.0	0.022666392279404594	13.636363636363637
1.0	2.0	0.0	0.02095274603474282	12.681818181818182
1.0	2.0	0.0	0.02297958124923053	14.431818181818182
1.0	2.0	0.0	0.02345672389565563	15.272727272727273
1.0	3.0	0.0	0.03041375249807153	13.386363636363637
1.0	2.0	0.0	0.024212963174153848	16.15909090909091
1.0	2.0	0.0	0.020837337498298126	14.25
1.0	3.0	0.0	0.03163522527532159	15.090909090909092
1.0	3.0	0.0	0.031289903669958506	14.227272727272727
1.0	2.0	0.0	0.025406321748735278	17.09090909090909
1.0	1.0	0.0	0.011712870011376292	16.068181818181817
1.0	1.0	0.0	0.013656326590937545	18.068181818181817
