Constant_feature	Degree	Clustering_coefficient	Pagerank	Aver_path_len
1.0	2.0	0.0	0.056968728865445614	3.2
1.0	2.0	0.0	0.060784572736137035	3.2666666666666666
1.0	2.0	0.0	0.05625549426793791	2.8
1.0	3.0	0.0	0.08704364467200884	3.1333333333333333
1.0	2.0	0.0	0.05784853617559556	3.066666666666667
1.0	3.0	0.0	0.08494948054392662	2.7333333333333334
1.0	1.0	0.0	0.032363549122146645	4.066666666666666
1.0	3.0	0.0	0.08201546713392112	3.0
1.0	3.0	0.0	0.08173646830242706	2.8
1.0	2.0	0.0	0.06455391964617348	3.933333333333333
1.0	2.0	0.0	0.06878095405211414	4.733333333333333
1.0	2.0	0.0	0.05691151765108862	3.6666666666666665
1.0	2.0	0.0	0.05681251053382594	3.466666666666667
1.0	2.0	0.0	0.05790156170803241	4.333333333333333
1.0	2.0	0.0	0.057872505516417205	4.133333333333334
1.0	1.0	0.0	0.03720108907280176	5.666666666666667
