Constant_feature	Degree	Clustering_coefficient	Pagerank	Aver_path_len
1.0	2.0	0.0	0.03126702481458227	6.793103448275862
1.0	1.0	0.0	0.016752239083698727	5.344827586206897
1.0	1.0	0.0	0.016795080024392388	4.724137931034483
1.0	3.0	0.0	0.043325115875539985	4.310344827586207
1.0	3.0	0.0	0.04531749279614898	4.724137931034483
1.0	2.0	0.0	0.029620214323039875	4.448275862068965
1.0	2.0	0.0	0.030297761932148275	5.137931034482759
1.0	2.0	0.0	0.030297761932148275	5.137931034482759
1.0	3.0	0.0	0.04241326639934871	3.689655172413793
1.0	2.0	0.0	0.031037548086689834	5.9655172413793105
1.0	2.0	0.0	0.031037548086689834	5.9655172413793105
1.0	3.0	0.0	0.04221089317239528	3.413793103448276
1.0	3.0	0.0	0.04472866697143233	4.379310344827586
1.0	3.0	0.0	0.042308005622323945	3.7586206896551726
1.0	3.0	0.0	0.044872329176335275	3.7586206896551726
1.0	3.0	0.0	0.04327077784520236	4.379310344827586
1.0	1.0	0.0	0.01692819112712982	5.689655172413793
1.0	2.0	0.0	0.030578461304498747	4.241379310344827
1.0	2.0	0.0	0.03027395973267083	5.206896551724138
1.0	2.0	0.0	0.03027395973267083	5.206896551724138
1.0	2.0	0.0	0.03101842750981333	6.0344827586206895
1.0	2.0	0.0	0.03101842750981333	6.0344827586206895
1.0	2.0	0.0	0.030628529979724352	4.793103448275862
1.0	2.0	0.0	0.031251101867025156	6.862068965517241
1.0	3.0	0.0	0.04511975479849821	5.413793103448276
1.0	2.0	0.0	0.031112563278077356	6.241379310344827
1.0	2.0	0.0	0.031112563278077356	6.241379310344827
1.0	2.0	0.0	0.03165544668243236	7.068965517241379
1.0	2.0	0.0	0.03165544668243236	7.068965517241379
1.0	2.0	0.0	0.031821440375019654	7.896551724137931
