Constant_feature	Degree	Clustering_coefficient	Pagerank	Aver_path_len
1.0	1.0	0.0	0.015744757254977218	5.935483870967742
1.0	2.0	0.0	0.02712654089737775	6.096774193548387
1.0	3.0	0.0	0.04719290080797878	7.419354838709677
1.0	3.0	0.0	0.04719290080797878	7.419354838709677
1.0	2.0	0.0	0.02783962968959909	4.387096774193548
1.0	2.0	0.0	0.028273021963133794	4.645161290322581
1.0	3.0	0.0	0.039846848600571985	6.709677419354839
1.0	3.0	0.0	0.03984684860057198	6.709677419354839
1.0	3.0	0.0	0.0399754303986955	4.193548387096774
1.0	3.0	0.0	0.040535039809499886	4.645161290322581
1.0	3.0	0.0	0.040535039809499886	4.645161290322581
1.0	3.0	0.0	0.04015879416852442	5.419354838709677
1.0	2.0	0.0	0.02712654089737775	6.096774193548387
1.0	3.0	0.0	0.04319825277662617	6.580645161290323
1.0	3.0	0.0	0.04319825277662617	6.580645161290323
1.0	2.0	0.0	0.028243461045680457	5.290322580645161
1.0	2.0	0.0	0.028243461045680457	5.290322580645161
1.0	2.0	0.0	0.028243461045680457	5.290322580645161
1.0	2.0	0.0	0.028243461045680457	5.290322580645161
1.0	2.0	0.0	0.027912857297982926	7.548387096774194
1.0	2.0	0.0	0.02791285729798293	7.548387096774194
1.0	2.0	0.0	0.028792831065418346	5.935483870967742
1.0	2.0	0.0	0.028792831065418346	5.935483870967742
1.0	2.0	0.0	0.028792831065418346	5.935483870967742
1.0	2.0	0.0	0.028792831065418346	5.935483870967742
1.0	3.0	0.0	0.042065083643257464	4.967741935483871
1.0	2.0	0.0	0.028519624277062727	8.387096774193548
1.0	2.0	0.0	0.028519624277062724	8.387096774193548
1.0	1.0	0.0	0.017283496375804185	8.387096774193548
1.0	1.0	0.0	0.017283496375804185	8.387096774193548
1.0	1.0	0.0	0.017283496375804185	8.387096774193548
1.0	1.0	0.0	0.017283496375804185	8.387096774193548
