Constant_feature	Degree	Clustering_coefficient	Pagerank	Aver_path_len
1.0	0.0	0.0	0.0	0.0
1.0	2.0	0.0	0.01484491751189675	6.385964912280702
1.0	2.0	0.0	0.015304533145967872	6.666666666666667
1.0	2.0	0.0	0.015177589590249459	7.368421052631579
1.0	1.0	0.0	0.008654904843663777	8.456140350877194
1.0	2.0	0.0	0.015469895335795968	8.350877192982455
1.0	2.0	0.0	0.015436121018411932	10.140350877192983
1.0	2.0	0.0	0.018048438463146875	9.508771929824562
1.0	1.0	0.0	0.008333502016140675	8.070175438596491
1.0	1.0	0.0	0.00872682931507418	9.859649122807017
1.0	1.0	0.0	0.009187154000811538	9.543859649122806
1.0	2.0	0.0	0.015956910115132006	11.719298245614034
1.0	1.0	0.0	0.008426406773326562	9.298245614035087
1.0	1.0	0.0	0.00841523012201341	9.719298245614034
1.0	1.0	0.0	0.008701606480346373	10.87719298245614
1.0	1.0	0.0	0.009088296429904151	14.421052631578947
1.0	3.0	0.0	0.02545057060055246	7.649122807017544
1.0	4.0	0.0	0.030805626730977524	7.473684210526316
1.0	3.0	0.0	0.021583457035707226	6.385964912280702
1.0	2.0	0.0	0.01512953501898939	7.052631578947368
1.0	3.0	0.0	0.02254177853353005	7.684210526315789
1.0	3.0	0.0	0.022932220707465915	6.7368421052631575
1.0	3.0	0.0	0.022368080437456576	6.982456140350878
1.0	2.0	0.0	0.015249953743203773	6.5964912280701755
1.0	3.0	0.0	0.022154270512457015	6.421052631578948
1.0	3.0	0.0	0.0212319898115555	6.5964912280701755
1.0	3.0	0.0	0.021414623322749814	7.017543859649122
1.0	3.0	0.0	0.023114183280067487	6.807017543859649
1.0	2.0	0.0	0.017153910555925	8.421052631578947
1.0	3.0	0.0	0.022477502457961547	7.7894736842105265
1.0	3.0	0.0	0.022033021152073205	7.087719298245614
1.0	2.0	0.0	0.014570605701574889	7.543859649122807
1.0	3.0	0.0	0.02487853797484496	8.56140350877193
1.0	2.0	0.0	0.01546989533579597	8.350877192982455
1.0	3.0	0.0	0.022675520546251104	9.43859649122807
1.0	3.0	0.0	0.02334309345781026	8.87719298245614
1.0	1.0	0.0	0.008658383740431215	7.7894736842105265
1.0	3.0	0.0	0.023343093457810257	8.87719298245614
1.0	3.0	0.0	0.021458381008883948	7.614035087719298
1.0	1.0	0.0	0.00944390397772243	9.403508771929825
1.0	3.0	0.0	0.021410659092950386	8.035087719298245
1.0	1.0	0.0	0.009359292495761796	8.631578947368421
1.0	1.0	0.0	0.009359292495761796	8.631578947368421
1.0	1.0	0.0	0.00872682931507418	9.859649122807017
1.0	3.0	0.0	0.022342931306731092	8.31578947368421
1.0	3.0	0.0	0.022301599022252254	8.736842105263158
1.0	3.0	0.0	0.023029402493446677	10.87719298245614
1.0	3.0	0.0	0.021985634711295023	9.017543859649123
1.0	3.0	0.0	0.02194129804937618	9.43859649122807
1.0	2.0	0.0	0.015953726828822044	11.75438596491228
1.0	2.0	0.0	0.016267212494503518	12.596491228070175
1.0	1.0	0.0	0.009846489657999875	10.491228070175438
1.0	3.0	0.0	0.024411429981853385	12.56140350877193
1.0	3.0	0.0	0.02326037077892566	9.894736842105264
1.0	2.0	0.0	0.015398021575688096	10.350877192982455
1.0	3.0	0.0	0.024548065367585543	13.43859649122807
1.0	2.0	0.0	0.015793730736343416	10.807017543859649
1.0	2.0	0.0	0.015761710401618098	11.228070175438596
1.0	1.0	0.0	0.009047828930331774	13.543859649122806
