Constant_feature	Degree	Clustering_coefficient	Pagerank	Aver_path_len
1.0	1.0	0.0	0.019266531834667956	6.37037037037037
1.0	1.0	0.0	0.018002015887380672	5.0
1.0	2.0	0.0	0.036693216184146046	7.37037037037037
1.0	3.0	0.0	0.04533525794234248	3.888888888888889
1.0	1.0	0.0	0.017690505647379468	6.0
1.0	3.0	0.0	0.046555419314077806	4.518518518518518
1.0	3.0	0.0	0.04425319835444981	4.2592592592592595
1.0	2.0	0.0	0.03113851294585046	4.37037037037037
1.0	3.0	0.0	0.0444044898896873	4.0
1.0	3.0	0.0	0.044651373410377795	4.703703703703703
1.0	2.0	0.0	0.03487725038842676	5.407407407407407
1.0	3.0	0.0	0.04538651418648265	5.296296296296297
1.0	2.0	0.0	0.031011362901249107	4.592592592592593
1.0	3.0	0.0	0.0470663027611517	5.037037037037037
1.0	3.0	0.0	0.048102572975200146	4.037037037037037
1.0	2.0	0.0	0.031523831745135115	5.518518518518518
1.0	2.0	0.0	0.03178300289134719	6.111111111111111
1.0	2.0	0.0	0.032352801862680844	6.333333333333333
1.0	2.0	0.0	0.032430612744721664	6.925925925925926
1.0	2.0	0.0	0.032729359833315534	4.333333333333333
1.0	2.0	0.0	0.03272761662880948	4.703703703703703
1.0	3.0	0.0	0.04809263560775583	5.148148148148148
1.0	2.0	0.0	0.033046000680857	5.814814814814815
1.0	2.0	0.0	0.03316259967105209	5.962962962962963
1.0	3.0	0.0	0.05015580901130135	6.481481481481482
1.0	2.0	0.0	0.033696288336975654	6.62962962962963
1.0	2.0	0.0	0.03378150426052695	7.296296296296297
1.0	1.0	0.0	0.02008341210265072	8.333333333333334
