Constant_feature	Degree	Clustering_coefficient	Pagerank	Aver_path_len
1.0	0.0	0.0	0.0	0.0
1.0	1.0	0.0	0.018558754675092572	4.72
1.0	1.0	0.0	0.01954426493939261	6.44
1.0	3.0	0.0	0.0464500428992797	4.04
1.0	3.0	0.0	0.05844791828424087	5.68
1.0	2.0	0.0	0.03487605626359677	4.0
1.0	2.0	0.0	0.0325885215896413	5.0
1.0	3.0	0.0	0.04600268730766148	3.76
1.0	3.0	0.0	0.046934592035162065	3.44
1.0	3.0	0.0	0.04858142112423103	3.6
1.0	3.0	0.0	0.04733955753878377	4.36
1.0	3.0	0.0	0.047139500462571676	4.44
1.0	2.0	0.0	0.03783635289201935	5.04
1.0	3.0	0.0	0.04804163138114319	4.04
1.0	2.0	0.0	0.03656563372860166	4.48
1.0	3.0	0.0	0.049040921572583496	3.76
1.0	2.0	0.0	0.033248373298627176	4.28
1.0	2.0	0.0	0.032949270473637035	4.6
1.0	2.0	0.0	0.03244584846490234	4.8
1.0	2.0	0.0	0.04175275506521389	6.56
1.0	2.0	0.0	0.04175275506521389	6.56
1.0	2.0	0.0	0.033659447811392684	5.08
1.0	2.0	0.0	0.033956428453653834	4.76
1.0	3.0	0.0	0.05232822043338373	5.48
1.0	2.0	0.0	0.034690696505787114	5.8
1.0	1.0	0.0	0.02263417386709338	7.52
1.0	1.0	0.0	0.02263417386709338	7.52
