Constant_feature	Degree	Clustering_coefficient	Pagerank	Aver_path_len
1.0	1.0	0.0	0.020856393057587963	5.956521739130435
1.0	1.0	0.0	0.021051331937981938	5.434782608695652
1.0	4.0	0.0	0.0707600380766841	4.260869565217392
1.0	3.0	0.0	0.05182089761234851	3.782608695652174
1.0	3.0	0.0	0.05104881748948893	3.4347826086956523
1.0	3.0	0.0	0.0510056183078643	3.260869565217391
1.0	3.0	0.0	0.05563213146178926	5.0
1.0	2.0	0.0	0.036173305401117364	4.086956521739131
1.0	2.0	0.0	0.03648712540267203	4.565217391304348
1.0	2.0	0.0	0.03574696841208697	3.739130434782609
1.0	2.0	0.0	0.0372754860986441	5.173913043478261
1.0	2.0	0.0	0.03562938194825355	3.9565217391304346
1.0	1.0	0.0	0.020087487774655934	5.217391304347826
1.0	3.0	0.0	0.05146430043024909	3.260869565217391
1.0	2.0	0.0	0.035886315568596186	3.9565217391304346
1.0	3.0	0.0	0.052285159324722566	3.782608695652174
1.0	2.0	0.0	0.03624220796237096	3.608695652173913
1.0	2.0	0.0	0.036737370176200546	4.130434782608695
1.0	3.0	0.0	0.05545773097250409	3.9565217391304346
1.0	3.0	0.0	0.05628028159936138	4.478260869565218
1.0	2.0	0.0	0.0402138063955364	4.6521739130434785
1.0	3.0	0.0	0.06470367995341984	5.434782608695652
1.0	1.0	0.0	0.023577082317931874	6.391304347826087
1.0	1.0	0.0	0.023577082317931874	6.391304347826087
