Constant_feature	Degree	Clustering_coefficient	Pagerank	Aver_path_len
1.0	1.0	0.0	0.020055829158669547	6.3076923076923075
1.0	1.0	0.0	0.020055829158669547	6.3076923076923075
1.0	3.0	0.0	0.05679462632517614	6.3076923076923075
1.0	2.0	0.0	0.03389186336386202	4.153846153846154
1.0	2.0	0.0	0.03178076172208902	4.461538461538462
1.0	1.0	0.0	0.0181212676511142	5.076923076923077
1.0	3.0	0.0	0.054505727934080324	5.346153846153846
1.0	2.0	0.0	0.037052871188462226	5.653846153846154
1.0	2.0	0.0	0.036247889236653064	5.076923076923077
1.0	2.0	0.0	0.035265805723321386	4.576923076923077
1.0	3.0	0.0	0.04643055053116476	3.6923076923076925
1.0	3.0	0.0	0.04772583602949251	3.8076923076923075
1.0	2.0	0.0	0.04046219780290259	7.1923076923076925
1.0	2.0	0.0	0.04046219780290259	7.1923076923076925
1.0	3.0	0.0	0.04663574723017356	3.9615384615384617
1.0	3.0	0.0	0.04805719463920577	4.115384615384615
1.0	3.0	0.0	0.047054678527707804	4.615384615384615
1.0	2.0	0.0	0.032984079029983356	4.384615384615385
1.0	3.0	0.0	0.04900918138565258	4.538461538461538
1.0	3.0	0.0	0.046951739037742836	4.884615384615385
1.0	1.0	0.0	0.0219120755832076	8.153846153846153
1.0	1.0	0.0	0.0219120755832076	8.153846153846153
1.0	2.0	0.0	0.033248482922582236	4.653846153846154
1.0	2.0	0.0	0.03299350275536497	5.423076923076923
1.0	2.0	0.0	0.032958912794358974	5.6923076923076925
1.0	2.0	0.0	0.03372046741493587	6.230769230769231
1.0	2.0	0.0	0.03370860946731669	6.5
