Constant_feature	Degree	Clustering_coefficient	Pagerank	Aver_path_len
1.0	1.0	0.0	0.013699147086079938	5.0
1.0	1.0	0.0	0.015213794621935162	7.228571428571429
1.0	1.0	0.0	0.015213794621935162	7.228571428571429
1.0	1.0	0.0	0.015213794621935162	7.228571428571429
1.0	1.0	0.0	0.015213794621935162	7.228571428571429
1.0	1.0	0.0	0.015213794621935162	7.228571428571429
1.0	1.0	0.0	0.015213794621935162	7.228571428571429
1.0	3.0	0.0	0.0340198863589017	3.9714285714285715
1.0	3.0	0.0	0.033810065105106896	5.428571428571429
1.0	2.0	0.0	0.02464825896545797	4.2
1.0	2.0	0.0	0.025573724801293746	6.714285714285714
1.0	3.0	0.0	0.033679938144567115	4.314285714285714
1.0	3.0	0.0	0.03372685892958455	4.885714285714286
1.0	3.0	0.0	0.034057038802775205	4.514285714285714
1.0	3.0	0.0	0.034001306214224376	5.085714285714285
1.0	3.0	0.0	0.03525879753912066	5.0
1.0	2.0	0.0	0.02378311457345708	5.771428571428571
1.0	2.0	0.0	0.023807871562674617	6.314285714285714
1.0	3.0	0.0	0.03640581211398508	4.0285714285714285
1.0	2.0	0.0	0.024193712575692663	6.485714285714286
1.0	2.0	0.0	0.024160762826441584	5.371428571428571
1.0	2.0	0.0	0.024141854086662348	5.942857142857143
1.0	2.0	0.0	0.02486388376061221	5.857142857142857
1.0	2.0	0.0	0.02486388376061221	5.857142857142857
1.0	2.0	0.0	0.024813836184416786	6.228571428571429
1.0	2.0	0.0	0.02480752261741488	6.8
1.0	3.0	0.0	0.03649912265673729	4.428571428571429
1.0	2.0	0.0	0.02557372480129375	6.714285714285714
1.0	2.0	0.0	0.02514195496908308	5.057142857142857
1.0	2.0	0.0	0.02514195496908308	5.057142857142857
1.0	2.0	0.0	0.025794410743195835	7.571428571428571
1.0	3.0	0.0	0.03805265332065683	5.457142857142857
1.0	3.0	0.0	0.03805265332065683	5.457142857142857
1.0	2.0	0.0	0.02560790840163232	6.085714285714285
1.0	4.0	0.0	0.055267786538484055	6.257142857142857
1.0	4.0	0.0	0.055267786538484055	6.257142857142857
