Constant_feature	Degree	Clustering_coefficient	Pagerank	Aver_path_len
1.0	4.0	0.0	0.06530816719998878	4.111111111111111
1.0	2.0	0.0	0.03141716963917257	4.148148148148148
1.0	1.0	0.0	0.017930994951404086	5.037037037037037
1.0	1.0	0.0	0.019621079509266275	6.2592592592592595
1.0	1.0	0.0	0.018266599184875904	5.074074074074074
1.0	1.0	0.0	0.018266599184875904	5.074074074074074
1.0	3.0	0.0	0.044236171712482245	3.7777777777777777
1.0	2.0	0.0	0.031987364976942774	3.740740740740741
1.0	2.0	0.0	0.03103201776037083	5.074074074074074
1.0	2.0	0.0	0.03155290873511953	5.074074074074074
1.0	2.0	0.0	0.03255925164911665	6.444444444444445
1.0	1.0	0.0	0.017969390682991346	6.592592592592593
1.0	3.0	0.0	0.04573485780689538	3.4444444444444446
1.0	3.0	0.0	0.04786591822641794	4.074074074074074
1.0	3.0	0.0	0.044700840939582084	3.4814814814814814
1.0	3.0	0.0	0.04811838528352372	4.407407407407407
1.0	2.0	0.0	0.035666121563345525	5.296296296296297
1.0	3.0	0.0	0.0446386917427271	4.2592592592592595
1.0	2.0	0.0	0.0308067980131801	4.518518518518518
1.0	3.0	0.0	0.045325472140503816	4.888888888888889
1.0	3.0	0.0	0.0482193999069292	4.703703703703703
1.0	3.0	0.0	0.04799298502868502	5.62962962962963
1.0	2.0	0.0	0.03327845081650852	5.518518518518518
1.0	2.0	0.0	0.03327845081650852	5.518518518518518
1.0	2.0	0.0	0.03242178645181447	5.814814814814815
1.0	2.0	0.0	0.033874128533282324	6.333333333333333
1.0	2.0	0.0	0.033874128533282324	6.333333333333333
1.0	2.0	0.0	0.03405586901020678	7.148148148148148
