Constant_feature	Degree	Clustering_coefficient	Pagerank	Aver_path_len
1.0	1.0	0.0	0.010778778129567613	10.708333333333334
1.0	1.0	0.0	0.010817811713677052	11.5625
1.0	2.0	0.0	0.017754327004135602	5.6875
1.0	2.0	0.0	0.018735473916360965	7.145833333333333
1.0	1.0	0.0	0.009960930480482917	6.270833333333333
1.0	1.0	0.0	0.010725682253292398	9.708333333333334
1.0	1.0	0.0	0.009865462887245019	6.5625
1.0	1.0	0.0	0.009896049846109395	6.5
1.0	1.0	0.0	0.009969763276223422	7.520833333333333
1.0	1.0	0.0	0.009972104936532427	7.458333333333333
1.0	2.0	0.0	0.020302342441774725	8.895833333333334
1.0	1.0	0.0	0.010612549000745618	8.395833333333334
1.0	1.0	0.0	0.01066787747369145	8.895833333333334
1.0	2.0	0.0	0.019043079417958325	6.25
1.0	2.0	0.0	0.019181596065457687	6.8125
1.0	4.0	0.0	0.03520223253526779	5.291666666666667
1.0	3.0	0.0	0.02548785790613791	5.083333333333333
1.0	2.0	0.0	0.01760684471541839	5.354166666666667
1.0	2.0	0.0	0.017560182869842435	5.4375
1.0	3.0	0.0	0.025110629511540007	5.229166666666667
1.0	3.0	0.0	0.025332097095145212	5.166666666666667
1.0	3.0	0.0	0.026893932761493107	6.333333333333333
1.0	2.0	0.0	0.01873547391636097	7.145833333333333
1.0	3.0	0.0	0.028758989267606765	7.916666666666667
1.0	3.0	0.0	0.02894740540627967	8.729166666666666
1.0	3.0	0.0	0.028758989267606762	7.916666666666667
1.0	3.0	0.0	0.027899555641052162	5.729166666666667
1.0	3.0	0.0	0.026083367390101954	5.583333333333333
1.0	3.0	0.0	0.026182938360587812	5.520833333333333
1.0	3.0	0.0	0.025431187050232187	5.9375
1.0	3.0	0.0	0.025457027557988853	5.875
1.0	1.0	0.0	0.010667877473691446	8.895833333333334
1.0	1.0	0.0	0.010411046575929367	6.708333333333333
1.0	3.0	0.0	0.026430855978666474	6.541666666666667
1.0	3.0	0.0	0.026436601881447294	6.479166666666667
1.0	3.0	0.0	0.02595655325977784	7.145833333333333
1.0	3.0	0.0	0.025949047316334593	7.083333333333333
1.0	3.0	0.0	0.027342149518536824	7.958333333333333
1.0	2.0	0.0	0.018198676892519375	7.979166666666667
1.0	2.0	0.0	0.018616623704464055	8.854166666666666
1.0	2.0	0.0	0.018608256557486245	8.791666666666666
1.0	3.0	0.0	0.0285734096383091	7.416666666666667
1.0	3.0	0.0	0.027829016587407898	8.104166666666666
1.0	1.0	0.0	0.011177139305358474	9.875
1.0	2.0	0.0	0.019127754022170648	8.916666666666666
1.0	2.0	0.0	0.01913222170714245	8.958333333333334
1.0	3.0	0.0	0.029125688900371264	9.729166666666666
1.0	2.0	0.0	0.019427050289839997	9.770833333333334
1.0	3.0	0.0	0.029257490294629842	10.583333333333334
