Constant_feature	Degree	Clustering_coefficient	Pagerank	Aver_path_len
1.0	1.0	0.0	0.018190213292629872	4.1923076923076925
1.0	1.0	0.0	0.018774815138315915	4.230769230769231
1.0	3.0	0.0	0.05049981810390547	3.4615384615384617
1.0	2.0	0.0	0.035316097249791144	6.961538461538462
1.0	4.0	0.0	0.06438303311266387	3.230769230769231
1.0	3.0	0.0	0.050238309720311486	3.269230769230769
1.0	3.0	0.0	0.04872993186296227	3.8076923076923075
1.0	3.0	0.0	0.04872993186296227	3.8076923076923075
1.0	2.0	0.0	0.033852640716519174	3.9615384615384617
1.0	2.0	0.0	0.036649411817953934	4.269230769230769
1.0	2.0	0.0	0.03393236953946102	4.615384615384615
1.0	2.0	0.0	0.03393236953946102	4.615384615384615
1.0	2.0	0.0	0.03393236953946102	4.615384615384615
1.0	2.0	0.0	0.03393236953946102	4.615384615384615
1.0	3.0	0.0	0.049993461188533955	4.538461538461538
1.0	2.0	0.0	0.03468950525664513	5.423076923076923
1.0	2.0	0.0	0.03468950525664513	5.423076923076923
1.0	2.0	0.0	0.03468950525664513	5.423076923076923
1.0	2.0	0.0	0.03468950525664513	5.423076923076923
1.0	2.0	0.0	0.03954417452441951	5.153846153846154
1.0	2.0	0.0	0.03492368295546725	6.230769230769231
1.0	2.0	0.0	0.03492368295546725	6.230769230769231
1.0	2.0	0.0	0.034508456304913976	5.346153846153846
1.0	2.0	0.0	0.034508456304913976	5.346153846153846
1.0	2.0	0.0	0.03512367653526952	6.153846153846154
1.0	2.0	0.0	0.03512367653526952	6.153846153846154
1.0	1.0	0.0	0.021499030633305015	6.115384615384615
