Constant_feature	Degree	Clustering_coefficient	Pagerank	Aver_path_len
1.0	3.0	0.0	0.04267659150479278	6.909090909090909
1.0	3.0	0.0	0.04267659150479278	6.909090909090909
1.0	3.0	0.0	0.04267659150479278	6.909090909090909
1.0	3.0	0.0	0.036710997138515014	4.181818181818182
1.0	3.0	0.0	0.0375233434693802	4.545454545454546
1.0	3.0	0.0	0.0375233434693802	4.545454545454546
1.0	3.0	0.0	0.0375233434693802	4.545454545454546
1.0	3.0	0.0	0.03972081116660664	6.181818181818182
1.0	3.0	0.0	0.03972081116660664	6.181818181818182
1.0	3.0	0.0	0.03972081116660664	6.181818181818182
1.0	2.0	0.0	0.026186310508018264	5.090909090909091
1.0	2.0	0.0	0.026186310508018264	5.090909090909091
1.0	2.0	0.0	0.026186310508018264	5.090909090909091
1.0	2.0	0.0	0.026186310508018264	5.090909090909091
1.0	2.0	0.0	0.026186310508018264	5.090909090909091
1.0	2.0	0.0	0.026186310508018264	5.090909090909091
1.0	2.0	0.0	0.02664205235628322	5.636363636363637
1.0	2.0	0.0	0.02664205235628322	5.636363636363637
1.0	2.0	0.0	0.02664205235628322	5.636363636363637
1.0	2.0	0.0	0.02664205235628322	5.636363636363637
1.0	2.0	0.0	0.02664205235628322	5.636363636363637
1.0	2.0	0.0	0.02664205235628322	5.636363636363637
1.0	2.0	0.0	0.03090886720579364	7.818181818181818
1.0	2.0	0.0	0.03090886720579364	7.818181818181818
1.0	2.0	0.0	0.03090886720579364	7.818181818181818
1.0	2.0	0.0	0.03090886720579364	7.818181818181818
1.0	2.0	0.0	0.03090886720579364	7.818181818181818
1.0	2.0	0.0	0.03090886720579364	7.818181818181818
1.0	1.0	0.0	0.016850564003095855	8.787878787878787
1.0	1.0	0.0	0.016850564003095855	8.787878787878787
1.0	1.0	0.0	0.016850564003095855	8.787878787878787
1.0	1.0	0.0	0.016850564003095855	8.787878787878787
1.0	1.0	0.0	0.016850564003095855	8.787878787878787
1.0	1.0	0.0	0.016850564003095855	8.787878787878787
