Constant_feature	Degree	Clustering_coefficient	Pagerank	Aver_path_len
1.0	2.0	0.0	0.036712781516663025	4.5
1.0	2.0	0.0	0.037244915237968496	5.0
1.0	2.0	0.0	0.03727489685044181	5.3076923076923075
1.0	2.0	0.0	0.0372455666406422	5.615384615384615
1.0	1.0	0.0	0.020883110954752388	6.230769230769231
1.0	2.0	0.0	0.03549106481873069	4.461538461538462
1.0	3.0	0.0	0.048691007879114	3.730769230769231
1.0	2.0	0.0	0.033064065570415274	3.9615384615384617
1.0	2.0	0.0	0.03278256906576496	3.8846153846153846
1.0	3.0	0.0	0.04713132629546474	3.423076923076923
1.0	3.0	0.0	0.04733507417999484	3.576923076923077
1.0	3.0	0.0	0.046611801193953986	3.269230769230769
1.0	3.0	0.0	0.04669526406999656	3.269230769230769
1.0	3.0	0.0	0.049356397569648006	3.6153846153846154
1.0	2.0	0.0	0.032966658770714516	4.076923076923077
1.0	2.0	0.0	0.03304573157566663	4.076923076923077
1.0	2.0	0.0	0.03280330989879239	3.923076923076923
1.0	3.0	0.0	0.050412570535217804	4.115384615384615
1.0	3.0	0.0	0.05047165681387849	4.423076923076923
1.0	3.0	0.0	0.05041621492656067	4.730769230769231
1.0	2.0	0.0	0.0335887921906205	4.576923076923077
1.0	3.0	0.0	0.05726146839225972	5.269230769230769
1.0	1.0	0.0	0.020883110954752388	6.230769230769231
1.0	1.0	0.0	0.02022432011965616	5.461538461538462
1.0	1.0	0.0	0.020463987770985913	5.961538461538462
1.0	1.0	0.0	0.02047738571842379	6.269230769230769
1.0	1.0	0.0	0.020464950488919772	6.576923076923077
