Constant_feature	Degree	Clustering_coefficient	Pagerank	Aver_path_len
1.0	2.0	0.0	0.04795810641617211	3.0555555555555554
1.0	1.0	0.0	0.02717644483690924	4.055555555555555
1.0	1.0	0.0	0.02694284903597179	3.8333333333333335
1.0	1.0	0.0	0.029355140691595453	5.0
1.0	1.0	0.0	0.027149822427297795	4.277777777777778
1.0	3.0	0.0	0.06981097891265015	2.8333333333333335
1.0	2.0	0.0	0.04958787201570357	3.9444444444444446
1.0	1.0	0.0	0.02770120748314261	5.5
1.0	4.0	0.0	0.09739282176971494	3.111111111111111
1.0	3.0	0.0	0.07226483685983506	2.888888888888889
1.0	3.0	0.0	0.07284979171619799	3.2222222222222223
1.0	3.0	0.0	0.0694681150415572	2.6666666666666665
1.0	2.0	0.0	0.053537594914779045	4.055555555555555
1.0	2.0	0.0	0.05363575545284842	3.9444444444444446
1.0	2.0	0.0	0.04849286183316941	3.4444444444444446
1.0	3.0	0.0	0.0729579612989105	3.3333333333333335
1.0	2.0	0.0	0.04952229134450427	4.055555555555555
1.0	1.0	0.0	0.029399353635743263	4.888888888888889
1.0	3.0	0.0	0.07479619431329698	4.555555555555555
