Constant_feature	Degree	Clustering_coefficient	Pagerank	Aver_path_len
1.0	1.0	0.0	0.01730247898797269	6.068965517241379
1.0	1.0	0.0	0.01730247898797269	6.068965517241379
1.0	2.0	0.0	0.029555727607945212	5.137931034482759
1.0	1.0	0.0	0.016691567290923096	6.689655172413793
1.0	1.0	0.0	0.017258882383372857	4.9655172413793105
1.0	1.0	0.0	0.018227992800178172	5.862068965517241
1.0	1.0	0.0	0.018227992800178172	5.862068965517241
1.0	1.0	0.0	0.017380880484397083	5.0344827586206895
1.0	1.0	0.0	0.01857175776254652	8.068965517241379
1.0	1.0	0.0	0.01857175776254652	8.068965517241379
1.0	3.0	0.0	0.049650235317824254	4.896551724137931
1.0	2.0	0.0	0.030939631269014264	4.275862068965517
1.0	3.0	0.0	0.05079278863889356	7.103448275862069
1.0	3.0	0.0	0.04288126137582126	4.413793103448276
1.0	3.0	0.0	0.04501770216723981	4.068965517241379
1.0	3.0	0.0	0.04247301940668119	4.9655172413793105
1.0	3.0	0.0	0.0429054951869527	5.620689655172414
1.0	3.0	0.0	0.04452755235479984	5.724137931034483
1.0	3.0	0.0	0.046420014629472775	4.0
1.0	2.0	0.0	0.02978686331689451	5.793103448275862
1.0	2.0	0.0	0.029937309690377806	6.448275862068965
1.0	2.0	0.0	0.030469681368562276	6.620689655172414
1.0	2.0	0.0	0.030516694459684753	7.275862068965517
1.0	3.0	0.0	0.046823438842262914	4.068965517241379
1.0	3.0	0.0	0.045193909453527165	4.551724137931035
1.0	3.0	0.0	0.046565765423604626	5.103448275862069
1.0	3.0	0.0	0.046565765423604626	5.103448275862069
1.0	3.0	0.0	0.04677348017597849	6.275862068965517
1.0	2.0	0.0	0.0313339373153851	5.724137931034483
1.0	2.0	0.0	0.0313339373153851	5.724137931034483
