Constant_feature	Degree	Clustering_coefficient	Pagerank	Aver_path_len
1.0	0.0	0.0	0.0	0.0
1.0	1.0	0.0	0.023571067451964887	5.318181818181818
1.0	1.0	0.0	0.023571067451964887	5.318181818181818
1.0	2.0	0.0	0.03977027693541682	3.4545454545454546
1.0	2.0	0.0	0.03724317171954039	3.909090909090909
1.0	2.0	0.0	0.048735342016441835	6.363636363636363
1.0	3.0	0.0	0.06407872765516004	4.363636363636363
1.0	3.0	0.0	0.055002962583381804	2.9545454545454546
1.0	3.0	0.0	0.054598916996737926	3.090909090909091
1.0	3.0	0.0	0.05459991107759518	3.3636363636363638
1.0	2.0	0.0	0.04204619155703712	4.045454545454546
1.0	2.0	0.0	0.0440056217701361	4.7272727272727275
1.0	3.0	0.0	0.05482407279965093	3.5
1.0	3.0	0.0	0.05482460086446109	3.772727272727273
1.0	3.0	0.0	0.05767284294581515	3.590909090909091
1.0	2.0	0.0	0.04608044749093486	5.5
1.0	2.0	0.0	0.03845043873495638	4.136363636363637
1.0	2.0	0.0	0.03852948335444268	4.2727272727272725
1.0	2.0	0.0	0.03852997505291392	4.545454545454546
1.0	2.0	0.0	0.03938411645425967	4.363636363636363
1.0	2.0	0.0	0.03940819586305788	4.7727272727272725
1.0	2.0	0.0	0.03938529162411811	4.909090909090909
1.0	2.0	0.0	0.03940895807119961	5.318181818181818
1.0	1.0	0.0	0.02627831952881267	7.318181818181818
