Constant_feature	Degree	Clustering_coefficient	Pagerank	Aver_path_len
1.0	2.0	0.0	0.04734733478395495	3.2777777777777777
1.0	1.0	0.0	0.026721297010289424	4.166666666666667
1.0	1.0	0.0	0.02711965535797845	4.611111111111111
1.0	1.0	0.0	0.02925775409851231	5.444444444444445
1.0	3.0	0.0	0.06625529293013585	2.9444444444444446
1.0	2.0	0.0	0.04671026631840926	3.6666666666666665
1.0	2.0	0.0	0.04811839873876117	4.722222222222222
1.0	1.0	0.0	0.026547317453048818	4.944444444444445
1.0	3.0	0.0	0.06786015988873556	2.7777777777777777
1.0	3.0	0.0	0.0715265751247448	3.2222222222222223
1.0	3.0	0.0	0.07285541048719561	3.6666666666666665
1.0	3.0	0.0	0.07242059307103077	3.6666666666666665
1.0	3.0	0.0	0.06610769339032548	2.7222222222222223
1.0	2.0	0.0	0.053321531528185626	4.5
1.0	2.0	0.0	0.04580116048472951	3.3333333333333335
1.0	3.0	0.0	0.06712882581183226	3.388888888888889
1.0	2.0	0.0	0.04601301258560178	3.6666666666666665
1.0	3.0	0.0	0.07095004113260875	4.0
1.0	2.0	0.0	0.04793767980391924	4.277777777777778
