Constant_feature	Degree	Clustering_coefficient	Pagerank	Aver_path_len
1.0	1.0	0.0	0.026979327070645678	5.833333333333333
1.0	0.0	0.0	0.0	0.0
1.0	1.0	0.0	0.029208150744552294	5.611111111111111
1.0	3.0	0.0	0.06942792218982763	3.3333333333333335
1.0	2.0	0.0	0.0454346181624463	3.4444444444444446
1.0	2.0	0.0	0.04542715719548884	3.5
1.0	3.0	0.0	0.07220140492359643	3.8333333333333335
1.0	2.0	0.0	0.049252492408900096	4.555555555555555
1.0	2.0	0.0	0.048287424053608426	4.055555555555555
1.0	2.0	0.0	0.04962277584430337	5.277777777777778
1.0	2.0	0.0	0.04932143923188059	4.777777777777778
1.0	2.0	0.0	0.046170429725496925	3.1666666666666665
1.0	2.0	0.0	0.0532095643624287	4.666666666666667
1.0	3.0	0.0	0.06692695990744033	3.111111111111111
1.0	3.0	0.0	0.0669766780125747	3.6666666666666665
1.0	3.0	0.0	0.0669524420498282	3.7222222222222223
1.0	2.0	0.0	0.04707246670176965	4.277777777777778
1.0	2.0	0.0	0.04700870250319439	4.333333333333333
1.0	3.0	0.0	0.07238670322749549	4.888888888888889
1.0	2.0	0.0	0.04813334168452151	4.944444444444445
