Constant_feature	Degree	Clustering_coefficient	Pagerank	Aver_path_len
1.0	1.0	0.0	0.0068332271892669666	13.397058823529411
1.0	1.0	0.0	0.007106204834989472	13.5
1.0	2.0	0.0	0.012554708077737238	9.632352941176471
1.0	2.0	0.0	0.013304544658250286	16.5
1.0	2.0	0.0	0.012918786418434127	9.367647058823529
1.0	1.0	0.0	0.00744986559064711	17.470588235294116
1.0	1.0	0.0	0.0073010137372101006	10.25
1.0	2.0	0.0	0.01278593771044845	9.235294117647058
1.0	2.0	0.0	0.01297826102841378	9.5
1.0	2.0	0.0	0.012758212906277253	10.161764705882353
1.0	1.0	0.0	0.007313284329815834	10.647058823529411
1.0	2.0	0.0	0.01292543009227454	11.044117647058824
1.0	2.0	0.0	0.012874694151156357	12.588235294117647
1.0	2.0	0.0	0.013920927070242738	12.279411764705882
1.0	2.0	0.0	0.01331005691928816	14.117647058823529
1.0	1.0	0.0	0.0074786630455159755	15.102941176470589
1.0	1.0	0.0	0.007587287930832447	15.911764705882353
1.0	1.0	0.0	0.007603696038920944	16.75
1.0	1.0	0.0	0.00813270556286889	16.86764705882353
1.0	1.0	0.0	0.008181446452323628	14.191176470588236
1.0	4.0	0.0	0.023928267598214287	12.411764705882353
1.0	3.0	0.0	0.017702883567964803	11.838235294117647
1.0	3.0	0.0	0.017732690539888043	11.294117647058824
1.0	4.0	0.0	0.024087810502408075	13.058823529411764
1.0	4.0	0.0	0.023916688646761206	10.838235294117647
1.0	3.0	0.0	0.0179469045058274	10.470588235294118
1.0	3.0	0.0	0.018856072393332497	12.514705882352942
1.0	2.0	0.0	0.012426173310453719	11.941176470588236
1.0	3.0	0.0	0.018051635533146718	13.823529411764707
1.0	2.0	0.0	0.012441847190372675	13.264705882352942
1.0	2.0	0.0	0.012332265869935407	11.470588235294118
1.0	2.0	0.0	0.01238324705057418	11.014705882352942
1.0	2.0	0.0	0.012463569589186804	13.970588235294118
1.0	2.0	0.0	0.012478750747882295	10.529411764705882
1.0	1.0	0.0	0.006868956059930698	14.044117647058824
1.0	2.0	0.0	0.012321219181534962	10.161764705882353
1.0	1.0	0.0	0.006830326648709996	11.823529411764707
1.0	2.0	0.0	0.012552598232961195	10.220588235294118
1.0	3.0	0.0	0.018291336393377332	9.852941176470589
1.0	3.0	0.0	0.01858024648247529	14.661764705882353
1.0	2.0	0.0	0.013010377257677109	15.588235294117647
1.0	2.0	0.0	0.01302392506275742	15.573529411764707
1.0	3.0	0.0	0.02000197562190474	16.485294117647058
1.0	3.0	0.0	0.018724845053338192	9.441176470588236
1.0	2.0	0.0	0.012918786418434127	9.367647058823529
1.0	3.0	0.0	0.01950465052610104	9.264705882352942
1.0	3.0	0.0	0.01950465052610104	9.264705882352942
1.0	3.0	0.0	0.01890679813334702	9.191176470588236
1.0	1.0	0.0	0.0073010137372101006	10.25
1.0	3.0	0.0	0.018884582705136998	9.308823529411764
1.0	2.0	0.0	0.012978261028413778	9.5
1.0	3.0	0.0	0.01954814519914868	9.661764705882353
1.0	3.0	0.0	0.019548145199148683	9.661764705882353
1.0	3.0	0.0	0.01891795015521705	9.852941176470589
1.0	1.0	0.0	0.007313284329815834	10.647058823529411
1.0	3.0	0.0	0.018774909169966627	10.5
1.0	2.0	0.0	0.0128218415299079	10.955882352941176
1.0	3.0	0.0	0.01912928976018742	11.382352941176471
1.0	3.0	0.0	0.018826126300833905	11.926470588235293
1.0	3.0	0.0	0.01947467337333673	11.470588235294118
1.0	1.0	0.0	0.00729234454260459	12.455882352941176
1.0	3.0	0.0	0.01926317829642292	13.279411764705882
1.0	3.0	0.0	0.020095662027006956	14.117647058823529
1.0	3.0	0.0	0.02046233071154377	14.926470588235293
1.0	3.0	0.0	0.020512444997968088	15.764705882352942
1.0	3.0	0.0	0.02027734035006773	14.926470588235293
1.0	3.0	0.0	0.022438035779674105	13.205882352941176
1.0	2.0	0.0	0.014850541964551793	15.882352941176471
1.0	1.0	0.0	0.008181446452323628	14.191176470588236
