Constant_feature	Degree	Clustering_coefficient	Pagerank	Aver_path_len
1.0	2.0	0.0	0.026813051228518747	2.5
1.0	2.0	0.0	0.026813051228518747	2.5
1.0	1.0	0.0	0.01337245503604708	3.1
1.0	1.0	0.0	0.01337245503604708	3.1
1.0	1.0	0.0	0.013435909537697091	3.4
1.0	1.0	0.0	0.013435909537697091	3.4
1.0	0.0	0.0	0.0	0.0
1.0	1.0	0.0	0.014075578403458223	3.3
1.0	1.0	0.0	0.014075578403458223	3.3
1.0	1.0	0.0	0.014075578403458223	3.3
1.0	1.0	0.0	0.014075578403458223	3.3
1.0	2.0	0.0	0.027015730284086298	2.625
1.0	2.0	0.0	0.027015730284086298	2.625
1.0	2.0	0.0	0.027015730284086298	2.625
1.0	2.0	0.0	0.027015730284086298	2.625
1.0	2.0	0.0	0.027663891564653202	3.0
1.0	2.0	0.0	0.027663891564653202	3.0
1.0	2.0	0.0	0.027663891564653202	3.0
1.0	2.0	0.0	0.027663891564653202	3.0
1.0	2.0	0.0	0.028906486586607306	3.625
1.0	2.0	0.0	0.028906486586607306	3.625
1.0	2.0	0.0	0.028906486586607306	3.625
1.0	2.0	0.0	0.028906486586607306	3.625
1.0	3.0	0.0	0.038586602007720114	2.4
1.0	3.0	0.0	0.038586602007720114	2.4
1.0	1.0	0.0	0.015507365950393828	4.5
1.0	1.0	0.0	0.015507365950393828	4.5
1.0	1.0	0.0	0.015507365950393828	4.5
1.0	1.0	0.0	0.015507365950393828	4.5
1.0	3.0	0.0	0.03583118095774314	1.9
1.0	3.0	0.0	0.03583118095774314	1.9
1.0	3.0	0.0	0.036242857421589905	2.2
1.0	3.0	0.0	0.036242857421589905	2.2
1.0	2.0	0.0	0.02418566601843711	2.2
1.0	2.0	0.0	0.02418566601843711	2.2
1.0	3.0	0.0	0.03645169116877014	2.5
1.0	3.0	0.0	0.03645169116877014	2.5
1.0	2.0	0.0	0.024349082289135945	2.5
1.0	2.0	0.0	0.024349082289135945	2.5
1.0	2.0	0.0	0.02439339875594294	2.8
1.0	2.0	0.0	0.02439339875594294	2.8
