Constant_feature	Degree	Clustering_coefficient	Pagerank	Aver_path_len
1.0	4.0	0.0	0.12750839301202602	3.466666666666667
1.0	2.0	0.0	0.05982463963663744	2.933333333333333
1.0	1.0	0.0	0.03126035889594983	3.6666666666666665
1.0	1.0	0.0	0.03493859057541874	4.4
1.0	1.0	0.0	0.03493859057541874	4.4
1.0	1.0	0.0	0.03383947554615001	4.666666666666667
1.0	4.0	0.0	0.10935329400717474	2.933333333333333
1.0	3.0	0.0	0.08126389260925893	2.533333333333333
1.0	3.0	0.0	0.08295504810921744	2.533333333333333
1.0	2.0	0.0	0.05581690201998442	3.066666666666667
1.0	2.0	0.0	0.055972219551204544	3.2666666666666666
1.0	2.0	0.0	0.056258579500348495	2.933333333333333
1.0	3.0	0.0	0.08336881816365731	2.7333333333333334
1.0	2.0	0.0	0.0564520730540134	2.8666666666666667
1.0	2.0	0.0	0.06131053416812103	3.7333333333333334
1.0	1.0	0.0	0.03493859057541874	4.4
