Constant_feature	Degree	Clustering_coefficient	Pagerank	Aver_path_len
1.0	2.0	0.0	0.03736404353101852	3.391304347826087
1.0	3.0	0.0	0.05639050091493156	4.695652173913044
1.0	4.0	0.0	0.07761400665300525	4.260869565217392
1.0	4.0	0.0	0.07113704153162992	3.130434782608696
1.0	2.0	0.0	0.037634831579877064	3.739130434782609
1.0	3.0	0.0	0.05810398956938296	4.3478260869565215
1.0	2.0	0.0	0.03906018813678533	4.956521739130435
1.0	2.0	0.0	0.03760287766122963	3.8260869565217392
1.0	1.0	0.0	0.021629404361049712	5.217391304347826
1.0	1.0	0.0	0.021629404361049712	5.217391304347826
1.0	3.0	0.0	0.05432652905658812	3.652173913043478
1.0	1.0	0.0	0.02159745044240228	5.304347826086956
1.0	2.0	0.0	0.03820518714173513	3.739130434782609
1.0	2.0	0.0	0.03795028686821332	4.434782608695652
1.0	2.0	0.0	0.03795028686821332	4.434782608695652
1.0	2.0	0.0	0.03827540280185737	4.173913043478261
1.0	2.0	0.0	0.03888756605938338	5.478260869565218
1.0	2.0	0.0	0.03888756605938338	5.478260869565218
1.0	2.0	0.0	0.0395654895121858	6.260869565217392
1.0	2.0	0.0	0.0395654895121858	6.260869565217392
1.0	2.0	0.0	0.0397748924727677	7.043478260869565
1.0	2.0	0.0	0.03885519789392158	5.217391304347826
1.0	2.0	0.0	0.03885519789392158	5.217391304347826
1.0	2.0	0.0	0.0391371691172816	6.0
