Constant_feature	Degree	Clustering_coefficient	Pagerank	Aver_path_len
1.0	2.0	0.0	0.03125	8.258064516129032
1.0	2.0	0.0	0.03125	8.258064516129032
1.0	2.0	0.0	0.03125	8.258064516129032
1.0	2.0	0.0	0.03125	8.258064516129032
1.0	2.0	0.0	0.03125	8.258064516129032
1.0	2.0	0.0	0.03125	8.258064516129032
1.0	2.0	0.0	0.03125	8.258064516129032
1.0	2.0	0.0	0.03125	8.258064516129032
1.0	2.0	0.0	0.03125	8.258064516129032
1.0	2.0	0.0	0.03125	8.258064516129032
1.0	2.0	0.0	0.03125	8.258064516129032
1.0	2.0	0.0	0.03125	8.258064516129032
1.0	2.0	0.0	0.03125	8.258064516129032
1.0	2.0	0.0	0.03125	8.258064516129032
1.0	2.0	0.0	0.03125	8.258064516129032
1.0	2.0	0.0	0.03125	8.258064516129032
1.0	2.0	0.0	0.03125	8.258064516129032
1.0	2.0	0.0	0.03125	8.258064516129032
1.0	2.0	0.0	0.03125	8.258064516129032
1.0	2.0	0.0	0.03125	8.258064516129032
1.0	2.0	0.0	0.03125	8.258064516129032
1.0	2.0	0.0	0.03125	8.258064516129032
1.0	2.0	0.0	0.03125	8.258064516129032
1.0	2.0	0.0	0.03125	8.258064516129032
1.0	2.0	0.0	0.03125	8.258064516129032
1.0	2.0	0.0	0.03125	8.258064516129032
1.0	2.0	0.0	0.03125	8.258064516129032
1.0	2.0	0.0	0.03125	8.258064516129032
1.0	2.0	0.0	0.03125	8.258064516129032
1.0	2.0	0.0	0.03125	8.258064516129032
1.0	2.0	0.0	0.03125	8.258064516129032
1.0	2.0	0.0	0.03125	8.258064516129032
