Constant_feature	Degree	Clustering_coefficient	Pagerank	Aver_path_len
1.0	2.0	0.0	0.04049707424498261	3.909090909090909
1.0	2.0	0.0	0.04049707424498261	3.909090909090909
1.0	2.0	0.0	0.04239210404984549	3.6818181818181817
1.0	2.0	0.0	0.04239210404984549	3.6818181818181817
1.0	1.0	0.0	0.02472839063769754	5.409090909090909
1.0	1.0	0.0	0.02472839063769754	5.409090909090909
1.0	2.0	0.0	0.044968080057392903	4.818181818181818
1.0	2.0	0.0	0.044968080057392903	4.818181818181818
1.0	2.0	0.0	0.047894504420318826	5.681818181818182
1.0	2.0	0.0	0.047894504420318826	5.681818181818182
1.0	1.0	0.0	0.02589965574476319	6.636363636363637
1.0	1.0	0.0	0.02589965574476319	6.636363636363637
1.0	3.0	0.0	0.05887960763370644	3.0
1.0	3.0	0.0	0.058879607633706435	3.0
1.0	3.0	0.0	0.05930321525967608	3.3636363636363638
1.0	3.0	0.0	0.05930321525967608	3.3636363636363638
1.0	2.0	0.0	0.0423754478182649	4.045454545454546
1.0	2.0	0.0	0.0423754478182649	4.045454545454546
1.0	2.0	0.0	0.040794328982840314	4.090909090909091
1.0	3.0	0.0	0.0679363650042343	4.454545454545454
1.0	3.0	0.0	0.0679363650042343	4.454545454545454
1.0	1.0	0.0	0.02472839063769754	5.409090909090909
1.0	1.0	0.0	0.02472839063769754	5.409090909090909
