Constant_feature	Degree	Clustering_coefficient	Pagerank	Aver_path_len
1.0	1.0	0.0	0.03245435019920093	5.9411764705882355
1.0	2.0	0.0	0.05054496867604927	3.4705882352941178
1.0	1.0	0.0	0.02838159256751133	4.647058823529412
1.0	2.0	0.0	0.054736339050385	3.7058823529411766
1.0	2.0	0.0	0.05708622353388617	4.294117647058823
1.0	1.0	0.0	0.03245435019920093	5.9411764705882355
1.0	3.0	0.0	0.07272991949899711	3.1176470588235294
1.0	3.0	0.0	0.07201167665027414	2.8823529411764706
1.0	3.0	0.0	0.07581423589539535	3.7058823529411766
1.0	3.0	0.0	0.07608547290144926	3.7058823529411766
1.0	3.0	0.0	0.0733974258511858	2.8823529411764706
1.0	2.0	0.0	0.050263635001628205	3.588235294117647
1.0	2.0	0.0	0.0514859238307697	4.411764705882353
1.0	2.0	0.0	0.051045524056563665	3.7058823529411766
1.0	2.0	0.0	0.05134212209311289	4.176470588235294
1.0	1.0	0.0	0.028300134304227054	4.647058823529412
1.0	2.0	0.0	0.052206599851430995	3.235294117647059
1.0	3.0	0.0	0.0896595058387321	5.0
