Constant_feature	Degree	Clustering_coefficient	Pagerank	Aver_path_len
1.0	4.0	0.0	0.06937379426312434	7.241379310344827
1.0	2.0	0.0	0.03310431413167831	6.482758620689655
1.0	1.0	0.0	0.018943275099407634	8.206896551724139
1.0	1.0	0.0	0.018943275099407634	8.206896551724139
1.0	1.0	0.0	0.018943275099407634	8.206896551724139
1.0	3.0	0.0	0.04720111710402858	5.793103448275862
1.0	2.0	0.0	0.03219215621560487	6.0
1.0	2.0	0.0	0.03219215621560487	6.0
1.0	2.0	0.0	0.03266039833155756	6.275862068965517
1.0	2.0	0.0	0.03266039833155756	6.275862068965517
1.0	2.0	0.0	0.03298177505316356	6.620689655172414
1.0	2.0	0.0	0.03298177505316356	6.620689655172414
1.0	2.0	0.0	0.033222617805299295	7.0344827586206895
1.0	2.0	0.0	0.033222617805299295	7.0344827586206895
1.0	2.0	0.0	0.033440988623269115	7.517241379310345
1.0	2.0	0.0	0.033440988623269115	7.517241379310345
1.0	2.0	0.0	0.033681436087826616	8.068965517241379
1.0	2.0	0.0	0.033681436087826616	8.068965517241379
1.0	2.0	0.0	0.034000809289076235	8.689655172413794
1.0	2.0	0.0	0.034000809289076235	8.689655172413794
1.0	2.0	0.0	0.03446719609236226	9.379310344827585
1.0	2.0	0.0	0.03446719609236226	9.379310344827585
1.0	2.0	0.0	0.03518663728076325	10.137931034482758
1.0	2.0	0.0	0.03518663728076325	10.137931034482758
1.0	2.0	0.0	0.036317021853085565	10.96551724137931
1.0	2.0	0.0	0.036317021853085565	10.96551724137931
1.0	2.0	0.0	0.03811120640300533	11.862068965517242
1.0	2.0	0.0	0.03811120640300533	11.862068965517242
1.0	1.0	0.0	0.020483231566459408	12.827586206896552
1.0	1.0	0.0	0.020483231566459408	12.827586206896552
