Constant_feature	Degree	Clustering_coefficient	Pagerank	Aver_path_len
1.0	2.0	0.0	0.03428207640736505	4.44
1.0	2.0	0.0	0.03379394969617451	3.8
1.0	1.0	0.0	0.01970750733008607	6.08
1.0	2.0	0.0	0.034572511825805514	5.48
1.0	1.0	0.0	0.019780469412440257	7.16
1.0	4.0	0.0	0.06477514876970117	3.72
1.0	2.0	0.0	0.03428207640736505	4.44
1.0	2.0	0.0	0.03362843621594746	3.72
1.0	3.0	0.0	0.049809898199561616	4.28
1.0	3.0	0.0	0.052871070076170215	5.12
1.0	3.0	0.0	0.05287107007617021	5.12
1.0	2.0	0.0	0.03487654466304298	5.08
1.0	2.0	0.0	0.03487654466304298	5.08
1.0	1.0	0.0	0.01970750733008607	6.08
1.0	3.0	0.0	0.04938621985752629	3.96
1.0	2.0	0.0	0.03575046037282377	5.88
1.0	2.0	0.0	0.03575046037282377	5.88
1.0	2.0	0.0	0.03602129146126014	6.68
1.0	2.0	0.0	0.03345349549370649	4.36
1.0	2.0	0.0	0.03394895307746221	4.6
1.0	3.0	0.0	0.04930910240518993	4.76
1.0	3.0	0.0	0.04949732691254026	5.4
1.0	2.0	0.0	0.0339736960895627	5.0
1.0	2.0	0.0	0.03460522974486519	6.12
1.0	2.0	0.0	0.03535210006834044	6.84
1.0	3.0	0.0	0.05311685307093963	6.2
