Constant_feature	Degree	Clustering_coefficient	Pagerank	Aver_path_len
1.0	0.0	0.0	0.0	0.0
1.0	2.0	0.0	0.030007852181066906	5.035714285714286
1.0	2.0	0.0	0.030178547561819858	4.928571428571429
1.0	2.0	0.0	0.02958207516386168	5.535714285714286
1.0	1.0	0.0	0.01790627699390529	6.714285714285714
1.0	1.0	0.0	0.017168539284115526	7.035714285714286
1.0	2.0	0.0	0.03350800597135094	6.357142857142857
1.0	3.0	0.0	0.05608754829154266	8.607142857142858
1.0	3.0	0.0	0.045170161533189056	5.285714285714286
1.0	2.0	0.0	0.03058061945664281	5.178571428571429
1.0	3.0	0.0	0.04335876186569654	4.785714285714286
1.0	3.0	0.0	0.04323267965519511	4.678571428571429
1.0	3.0	0.0	0.04819562441762327	5.75
1.0	2.0	0.0	0.03467253806618701	7.035714285714286
1.0	3.0	0.0	0.04301857674106627	4.75
1.0	2.0	0.0	0.03587520724064067	7.785714285714286
1.0	2.0	0.0	0.029323171612592947	4.714285714285714
1.0	2.0	0.0	0.029862711062494145	4.821428571428571
1.0	2.0	0.0	0.029791637004075555	4.857142857142857
1.0	3.0	0.0	0.043227314847695375	5.0
1.0	2.0	0.0	0.030136725165095937	5.607142857142857
1.0	3.0	0.0	0.0438858632206651	6.0
1.0	3.0	0.0	0.0442426417890762	6.607142857142857
1.0	3.0	0.0	0.04573464206055939	6.071428571428571
1.0	1.0	0.0	0.020273478263195026	9.571428571428571
1.0	1.0	0.0	0.020273478263195026	9.571428571428571
1.0	2.0	0.0	0.030783223587660266	6.821428571428571
1.0	2.0	0.0	0.030908162618549055	7.428571428571429
1.0	2.0	0.0	0.03152609925099634	8.25
1.0	2.0	0.0	0.03148783683024598	7.642857142857143
