Constant_feature	Degree	Clustering_coefficient	Pagerank	Aver_path_len
1.0	2.0	0.0	0.05417742127363382	4.894736842105263
1.0	1.0	0.0	0.02524810582061003	4.473684210526316
1.0	3.0	0.0	0.06417008117989836	2.6842105263157894
1.0	2.0	0.0	0.04313391520232077	3.3157894736842106
1.0	2.0	0.0	0.044705703443736804	3.4210526315789473
1.0	2.0	0.0	0.04590995927664586	4.157894736842105
1.0	1.0	0.0	0.025661853456035826	4.894736842105263
1.0	3.0	0.0	0.06327217573112481	3.0
1.0	2.0	0.0	0.04448876768767193	3.9473684210526314
1.0	3.0	0.0	0.063413013367557	3.210526315789474
1.0	2.0	0.0	0.045479182843865366	4.684210526315789
1.0	2.0	0.0	0.045463264511576396	4.473684210526316
1.0	2.0	0.0	0.04444089025080948	3.736842105263158
1.0	3.0	0.0	0.06347821665943179	2.789473684210526
1.0	2.0	0.0	0.0469862436517613	3.3157894736842106
1.0	3.0	0.0	0.0637026023796659	3.0
1.0	2.0	0.0	0.05052441791742156	4.052631578947368
1.0	3.0	0.0	0.0674924015969024	3.526315789473684
1.0	3.0	0.0	0.06887155992253298	3.9473684210526314
1.0	1.0	0.0	0.029380223826797287	5.842105263157895
