Constant_feature	Degree	Clustering_coefficient	Pagerank	Aver_path_len
1.0	1.0	0.0	0.0137719759370641	7.7894736842105265
1.0	2.0	0.0	0.022409302413649655	6.2631578947368425
1.0	1.0	0.0	0.01284622625005087	6.2105263157894735
1.0	1.0	0.0	0.014046682037010054	9.842105263157896
1.0	3.0	0.0	0.03221804538287896	5.052631578947368
1.0	2.0	0.0	0.022212149488943102	7.0
1.0	3.0	0.0	0.035040688112738305	6.947368421052632
1.0	2.0	0.0	0.024383447476357716	8.105263157894736
1.0	3.0	0.0	0.03315837239259404	5.894736842105263
1.0	3.0	0.0	0.031355646064673864	5.526315789473684
1.0	2.0	0.0	0.022177035188792715	5.684210526315789
1.0	3.0	0.0	0.0313074529538989	5.052631578947368
1.0	3.0	0.0	0.03150652465185216	5.7631578947368425
1.0	3.0	0.0	0.031546363379169655	6.131578947368421
1.0	2.0	0.0	0.024906322109091245	6.815789473684211
1.0	2.0	0.0	0.02149121694747824	5.421052631578948
1.0	3.0	0.0	0.03357224295751923	6.605263157894737
1.0	3.0	0.0	0.03178369718553395	5.657894736842105
1.0	3.0	0.0	0.03427393021749416	5.2368421052631575
1.0	2.0	0.0	0.02263120014508351	7.2368421052631575
1.0	1.0	0.0	0.01263579023294487	7.578947368421052
1.0	2.0	0.0	0.023294789353588342	5.526315789473684
1.0	2.0	0.0	0.022912453946247968	6.921052631578948
1.0	2.0	0.0	0.023219217072610446	5.868421052631579
1.0	3.0	0.0	0.03390762958656005	6.2631578947368425
1.0	3.0	0.0	0.03421154781295843	7.631578947368421
1.0	2.0	0.0	0.023073260020272754	6.842105263157895
1.0	3.0	0.0	0.03445365093333824	7.394736842105263
1.0	2.0	0.0	0.02341325481478971	7.526315789473684
1.0	2.0	0.0	0.023709052349131045	8.5
1.0	2.0	0.0	0.023709052349131045	8.5
1.0	1.0	0.0	0.013076489375442047	7.921052631578948
1.0	2.0	0.0	0.024178981411682076	9.368421052631579
1.0	2.0	0.0	0.024178981411682076	9.368421052631579
1.0	2.0	0.0	0.024326185947541594	10.236842105263158
1.0	3.0	0.0	0.03827018238496596	8.868421052631579
1.0	2.0	0.0	0.02687983646289617	9.736842105263158
1.0	2.0	0.0	0.02851386625235372	10.657894736842104
1.0	1.0	0.0	0.015397256989988678	11.631578947368421
