Constant_feature	Degree	Clustering_coefficient	Pagerank	Aver_path_len
1.0	1.0	0.0	0.018992232319855428	5.923076923076923
1.0	1.0	0.0	0.019423103389746878	7.384615384615385
1.0	2.0	0.0	0.03309647044501207	4.6923076923076925
1.0	4.0	0.0	0.06769737942826932	3.8076923076923075
1.0	1.0	0.0	0.018730751470795004	5.384615384615385
1.0	1.0	0.0	0.01893512489460579	4.769230769230769
1.0	1.0	0.0	0.01893512489460579	4.769230769230769
1.0	1.0	0.0	0.0205566518877068	7.076923076923077
1.0	1.0	0.0	0.0205566518877068	7.076923076923077
1.0	3.0	0.0	0.04799279226914058	3.6538461538461537
1.0	2.0	0.0	0.03333283516036857	3.6923076923076925
1.0	3.0	0.0	0.047539983982561304	3.8846153846153846
1.0	3.0	0.0	0.04848306274946647	4.3076923076923075
1.0	2.0	0.0	0.03362423087313439	4.961538461538462
1.0	3.0	0.0	0.05008979057405371	4.423076923076923
1.0	3.0	0.0	0.04969578398216025	4.153846153846154
1.0	3.0	0.0	0.05096254485130923	4.961538461538462
1.0	2.0	0.0	0.033842445020673705	5.038461538461538
1.0	2.0	0.0	0.03408496675253377	4.730769230769231
1.0	2.0	0.0	0.0342751878681273	4.961538461538462
1.0	2.0	0.0	0.03471163200589861	5.6923076923076925
1.0	2.0	0.0	0.03465197950763626	5.769230769230769
1.0	3.0	0.0	0.05239893643697849	6.423076923076923
1.0	3.0	0.0	0.05157037311860022	5.3076923076923075
1.0	2.0	0.0	0.03480304268944808	5.538461538461538
1.0	2.0	0.0	0.03483769921419602	6.115384615384615
1.0	3.0	0.0	0.05617922232540892	6.115384615384615
