Constant_feature	Degree	Clustering_coefficient	Pagerank	Aver_path_len
1.0	1.0	0.0	0.018125730650813573	7.111111111111111
1.0	2.0	0.0	0.03445381178169324	6.0
1.0	1.0	0.0	0.020204437031658033	7.777777777777778
1.0	2.0	0.0	0.03136990356826156	5.407407407407407
1.0	3.0	0.0	0.043527490703854116	3.7037037037037037
1.0	3.0	0.0	0.04320805566165165	3.7037037037037037
1.0	3.0	0.0	0.043100907947640044	3.8518518518518516
1.0	4.0	0.0	0.05845668385573953	4.185185185185185
1.0	4.0	0.0	0.059389357057064454	3.8518518518518516
1.0	2.0	0.0	0.030288563415353485	4.037037037037037
1.0	2.0	0.0	0.030354569394251702	4.185185185185185
1.0	2.0	0.0	0.030331416752488325	4.074074074074074
1.0	2.0	0.0	0.02980814420166498	4.444444444444445
1.0	3.0	0.0	0.04479940416255315	4.222222222222222
1.0	2.0	0.0	0.03129060894535869	4.37037037037037
1.0	3.0	0.0	0.04414758711713423	4.666666666666667
1.0	3.0	0.0	0.04435549694997258	4.814814814814815
1.0	2.0	0.0	0.030659444271195695	4.222222222222222
1.0	1.0	0.0	0.016724379869436982	5.148148148148148
1.0	1.0	0.0	0.016934539170076587	4.814814814814815
1.0	2.0	0.0	0.0312600953560566	4.7407407407407405
1.0	2.0	0.0	0.03190101454687725	4.888888888888889
1.0	3.0	0.0	0.04750006949574798	5.2592592592592595
1.0	2.0	0.0	0.03139148350641993	5.555555555555555
1.0	2.0	0.0	0.032251860042669354	6.296296296296297
1.0	3.0	0.0	0.04851460468055472	6.148148148148148
1.0	3.0	0.0	0.0554459028321531	6.814814814814815
1.0	1.0	0.0	0.020204437031658033	7.777777777777778
