Constant_feature	Degree	Clustering_coefficient	Pagerank	Aver_path_len
1.0	2.0	0.0	0.023001494781225523	5.5675675675675675
1.0	1.0	0.0	0.012867052188399728	6.054054054054054
1.0	2.0	0.0	0.022689597401924586	6.378378378378378
1.0	2.0	0.0	0.022690722242806625	6.4324324324324325
1.0	2.0	0.0	0.026592262937109826	6.783783783783784
1.0	2.0	0.0	0.026592262937109826	6.783783783783784
1.0	1.0	0.0	0.013582127364023587	7.54054054054054
1.0	1.0	0.0	0.014515329989331702	8.513513513513514
1.0	1.0	0.0	0.014515329989331702	8.513513513513514
1.0	2.0	0.0	0.02232076759469293	4.72972972972973
1.0	3.0	0.0	0.03961026652946773	7.54054054054054
1.0	3.0	0.0	0.03179587783258777	4.297297297297297
1.0	3.0	0.0	0.03185205433618003	4.243243243243243
1.0	3.0	0.0	0.031485742962539115	4.135135135135135
1.0	3.0	0.0	0.031582490874485496	4.243243243243243
1.0	3.0	0.0	0.031198872079705606	4.081081081081081
1.0	3.0	0.0	0.031223125985789323	4.135135135135135
1.0	2.0	0.0	0.0225212089020536	5.162162162162162
1.0	3.0	0.0	0.03411787910718288	5.081081081081081
1.0	3.0	0.0	0.03313274572588142	4.5675675675675675
1.0	2.0	0.0	0.021675283137111503	4.783783783783784
1.0	2.0	0.0	0.02168418957879836	4.837837837837838
1.0	3.0	0.0	0.03228145826214848	5.486486486486487
1.0	3.0	0.0	0.03228432493508796	5.54054054054054
1.0	2.0	0.0	0.02339339623762727	5.27027027027027
1.0	2.0	0.0	0.02339339623762727	5.27027027027027
1.0	3.0	0.0	0.03405088568904038	5.27027027027027
1.0	3.0	0.0	0.036076825390381165	5.864864864864865
1.0	3.0	0.0	0.036076825390381165	5.864864864864865
1.0	2.0	0.0	0.02305271666838282	6.864864864864865
1.0	3.0	0.0	0.03649980345953861	6.5675675675675675
1.0	2.0	0.0	0.023698750437873197	5.972972972972973
1.0	2.0	0.0	0.023797642591657744	6.135135135135135
1.0	3.0	0.0	0.03617689286737355	6.675675675675675
1.0	2.0	0.0	0.024337629320409195	6.837837837837838
1.0	2.0	0.0	0.024435343861613435	7.54054054054054
1.0	1.0	0.0	0.014598712086559263	7.756756756756757
1.0	1.0	0.0	0.014598712086559263	7.756756756756757
