Constant_feature	Degree	Clustering_coefficient	Pagerank	Aver_path_len
1.0	1.0	0.0	0.010620568180304487	13.89090909090909
1.0	1.0	0.0	0.010620568180304487	13.89090909090909
1.0	1.0	0.0	0.010525107547110136	12.472727272727273
1.0	1.0	0.0	0.010525107547110136	12.472727272727273
1.0	2.0	0.0	0.01841908761153355	11.963636363636363
1.0	2.0	0.0	0.01841908761153355	11.963636363636363
1.0	1.0	0.0	0.008736310344197966	8.50909090909091
1.0	1.0	0.0	0.008736310344197966	8.50909090909091
1.0	1.0	0.0	0.009031763595315793	10.036363636363637
1.0	1.0	0.0	0.009031763595315793	10.036363636363637
1.0	1.0	0.0	0.009476397355492848	10.072727272727272
1.0	1.0	0.0	0.009476397355492848	10.072727272727272
1.0	2.0	0.0	0.016128056215351162	7.418181818181818
1.0	2.0	0.0	0.01612805621535116	7.418181818181818
1.0	2.0	0.0	0.01719781501494959	10.327272727272728
1.0	2.0	0.0	0.01719781501494959	10.327272727272728
1.0	2.0	0.0	0.017129751081218406	8.618181818181819
1.0	2.0	0.0	0.017129751081218406	8.618181818181819
1.0	3.0	0.0	0.02865323720585033	12.836363636363636
1.0	3.0	0.0	0.02865323720585033	12.836363636363636
1.0	2.0	0.0	0.01813868884511638	10.545454545454545
1.0	2.0	0.0	0.01813868884511638	10.545454545454545
1.0	3.0	0.0	0.022235608701145826	6.872727272727273
1.0	3.0	0.0	0.022235608701145826	6.872727272727273
1.0	3.0	0.0	0.02276188861891506	7.090909090909091
1.0	3.0	0.0	0.022761888618915063	7.090909090909091
1.0	3.0	0.0	0.02283193531866709	8.181818181818182
1.0	3.0	0.0	0.02283193531866709	8.181818181818182
1.0	3.0	0.0	0.023168615880271852	7.527272727272727
1.0	3.0	0.0	0.023168615880271852	7.527272727272727
1.0	2.0	0.0	0.015662413170547146	7.3090909090909095
1.0	2.0	0.0	0.015662413170547142	7.3090909090909095
1.0	2.0	0.0	0.016696521208402634	7.781818181818182
1.0	2.0	0.0	0.016696521208402634	7.781818181818182
1.0	3.0	0.0	0.02537646099827778	9.636363636363637
1.0	3.0	0.0	0.02537646099827778	9.636363636363637
1.0	3.0	0.0	0.02599247244641661	11.054545454545455
1.0	3.0	0.0	0.02599247244641661	11.054545454545455
1.0	2.0	0.0	0.017008268872660603	8.181818181818182
1.0	2.0	0.0	0.0170082688726606	8.181818181818182
1.0	3.0	0.0	0.024153494697114322	9.054545454545455
1.0	3.0	0.0	0.024153494697114322	9.054545454545455
1.0	2.0	0.0	0.018181037789210715	11.927272727272728
1.0	2.0	0.0	0.018181037789210715	11.927272727272728
1.0	3.0	0.0	0.025637461681091277	9.090909090909092
1.0	3.0	0.0	0.025637461681091277	9.090909090909092
1.0	2.0	0.0	0.016421384621742446	9.927272727272728
1.0	2.0	0.0	0.016421384621742446	9.927272727272728
1.0	2.0	0.0	0.019419410576788643	11.49090909090909
1.0	2.0	0.0	0.019419410576788643	11.49090909090909
1.0	1.0	0.0	0.010382518357981652	13.818181818181818
1.0	1.0	0.0	0.010382518357981652	13.818181818181818
1.0	1.0	0.0	0.010382518357981652	13.818181818181818
1.0	1.0	0.0	0.010382518357981652	13.818181818181818
1.0	2.0	0.0	0.019631205706343885	12.909090909090908
1.0	2.0	0.0	0.019631205706343885	12.909090909090908
