Constant_feature	Degree	Clustering_coefficient	Pagerank	Aver_path_len
1.0	1.0	0.0	0.02510392906173322	3.8947368421052633
1.0	2.0	0.0	0.05304956953487608	4.631578947368421
1.0	1.0	0.0	0.027064228070529453	4.7368421052631575
1.0	4.0	0.0	0.0902960398741312	3.1578947368421053
1.0	2.0	0.0	0.04520562050176874	3.263157894736842
1.0	2.0	0.0	0.04419876376401906	3.1578947368421053
1.0	3.0	0.0	0.0628536902677671	2.9473684210526314
1.0	3.0	0.0	0.06701236767282676	2.9473684210526314
1.0	3.0	0.0	0.0636758230755812	2.8421052631578947
1.0	1.0	0.0	0.025316233785487904	4.105263157894737
1.0	3.0	0.0	0.06287053233062198	3.263157894736842
1.0	3.0	0.0	0.07354496367816196	3.789473684210526
1.0	2.0	0.0	0.04381369170632532	3.3684210526315788
1.0	3.0	0.0	0.063619514613643	3.789473684210526
1.0	2.0	0.0	0.0438012895893664	3.6842105263157894
1.0	2.0	0.0	0.044288375926656014	4.0
1.0	2.0	0.0	0.04454798682204586	4.526315789473684
1.0	2.0	0.0	0.0453918378770954	4.7368421052631575
1.0	2.0	0.0	0.045473966857907326	5.2631578947368425
1.0	1.0	0.0	0.02887157498945577	5.578947368421052
