Constant_feature	Degree	Clustering_coefficient	Pagerank	Aver_path_len
1.0	1.0	0.0	0.02060293178332816	4.6521739130434785
1.0	2.0	0.0	0.0441895132190029	5.391304347826087
1.0	1.0	0.0	0.02254284894113553	5.478260869565218
1.0	3.0	0.0	0.053362333223172354	4.130434782608695
1.0	2.0	0.0	0.03617667584463146	3.869565217391304
1.0	3.0	0.0	0.053588597821913664	4.0
1.0	3.0	0.0	0.05333873037973366	3.391304347826087
1.0	3.0	0.0	0.056590062006144276	4.608695652173913
1.0	3.0	0.0	0.05478707579944535	3.6956521739130435
1.0	3.0	0.0	0.057725071686278384	5.304347826086956
1.0	2.0	0.0	0.03742092305546495	4.826086956521739
1.0	2.0	0.0	0.03656821048636204	3.391304347826087
1.0	2.0	0.0	0.03832365950457069	5.434782608695652
1.0	3.0	0.0	0.0546693445106254	3.4782608695652173
1.0	1.0	0.0	0.0211436916632049	5.565217391304348
1.0	1.0	0.0	0.02148420006628577	6.260869565217392
1.0	3.0	0.0	0.05637904132622022	3.8260869565217392
1.0	3.0	0.0	0.058122585163554105	4.521739130434782
1.0	2.0	0.0	0.03806978583889786	4.260869565217392
1.0	2.0	0.0	0.039105626856426864	5.304347826086956
1.0	2.0	0.0	0.038897039285952784	4.956521739130435
1.0	3.0	0.0	0.06125659493103884	4.521739130434782
1.0	1.0	0.0	0.02160268336797351	5.478260869565218
1.0	1.0	0.0	0.02405277323863605	6.3478260869565215
