Constant_feature	Degree	Clustering_coefficient	Pagerank	Aver_path_len
1.0	1.0	0.0	0.025402411362538617	3.6842105263157894
1.0	1.0	0.0	0.02587772501703106	4.315789473684211
1.0	2.0	0.0	0.04639881853724667	3.473684210526316
1.0	2.0	0.0	0.045602371318046626	3.473684210526316
1.0	2.0	0.0	0.04943016173815643	3.473684210526316
1.0	2.0	0.0	0.049430161738156425	3.473684210526316
1.0	2.0	0.0	0.053351461680863466	4.315789473684211
1.0	2.0	0.0	0.05335146168086347	4.315789473684211
1.0	1.0	0.0	0.029007650524548755	5.2631578947368425
1.0	1.0	0.0	0.029007650524548755	5.2631578947368425
1.0	4.0	0.0	0.09076819010562712	2.736842105263158
1.0	3.0	0.0	0.06800760491913425	2.736842105263158
1.0	3.0	0.0	0.06574317463086608	2.8421052631578947
1.0	3.0	0.0	0.06959150343546258	3.3684210526315788
1.0	3.0	0.0	0.06606709883199635	3.263157894736842
1.0	2.0	0.0	0.04593652412029679	4.0
1.0	2.0	0.0	0.04593652412029679	4.0
1.0	2.0	0.0	0.046927898484974875	4.7368421052631575
1.0	2.0	0.0	0.046927898484974875	4.7368421052631575
1.0	2.0	0.0	0.047233708744369884	5.473684210526316
