Constant_feature	Degree	Clustering_coefficient	Pagerank	Aver_path_len
1.0	0.0	0.0	0.0	0.0
1.0	1.0	0.0	0.017083109675640445	5.142857142857143
1.0	2.0	0.0	0.03443575494231531	6.321428571428571
1.0	1.0	0.0	0.018546708705557212	6.214285714285714
1.0	1.0	0.0	0.018546708705557212	6.214285714285714
1.0	3.0	0.0	0.04421108637116015	4.0
1.0	2.0	0.0	0.029695890455104228	4.0
1.0	2.0	0.0	0.029071158684716054	4.214285714285714
1.0	3.0	0.0	0.05543025885233656	6.857142857142857
1.0	3.0	0.0	0.05032970430988292	5.25
1.0	3.0	0.0	0.04161405432406323	3.5
1.0	3.0	0.0	0.042667591587904174	3.6785714285714284
1.0	2.0	0.0	0.03184049068445307	4.607142857142857
1.0	3.0	0.0	0.04204401087644992	3.6785714285714284
1.0	2.0	0.0	0.033619022289042344	5.285714285714286
1.0	3.0	0.0	0.04251178784114711	3.8214285714285716
1.0	3.0	0.0	0.042490361824777424	4.071428571428571
1.0	3.0	0.0	0.045450532867535566	4.178571428571429
1.0	2.0	0.0	0.03520584483191358	6.035714285714286
1.0	2.0	0.0	0.029934841732871337	4.285714285714286
1.0	3.0	0.0	0.042900945612382446	4.392857142857143
1.0	3.0	0.0	0.04498644826587715	4.428571428571429
1.0	2.0	0.0	0.030415743937239177	4.607142857142857
1.0	2.0	0.0	0.030133350543237743	4.75
1.0	2.0	0.0	0.030271322887834844	5.071428571428571
1.0	3.0	0.0	0.04645659140423804	5.428571428571429
1.0	2.0	0.0	0.031008369475273977	5.75
1.0	1.0	0.0	0.02007723742150754	7.821428571428571
1.0	1.0	0.0	0.02007723742150754	7.821428571428571
1.0	1.0	0.0	0.01894383346847361	7.285714285714286
