Constant_feature	Degree	Clustering_coefficient	Pagerank	Aver_path_len
1.0	0.0	0.0	0.0	0.0
1.0	1.0	0.0	0.009939098412747548	10.125
1.0	1.0	0.0	0.009939098412747548	10.125
1.0	1.0	0.0	0.0100015707927305	10.291666666666666
1.0	1.0	0.0	0.0100015707927305	10.291666666666666
1.0	3.0	0.0	0.02626077028422336	8.666666666666666
1.0	3.0	0.0	0.02626077028422336	8.666666666666666
1.0	2.0	0.0	0.019652780286487474	8.104166666666666
1.0	2.0	0.0	0.019652780286487474	8.104166666666666
1.0	2.0	0.0	0.02005816944958365	7.916666666666667
1.0	3.0	0.0	0.02465549405867215	10.229166666666666
1.0	3.0	0.0	0.02465549405867215	10.229166666666666
1.0	3.0	0.0	0.02487747870332868	9.583333333333334
1.0	3.0	0.0	0.02487747870332868	9.583333333333334
1.0	3.0	0.0	0.025384191879696563	9.75
1.0	3.0	0.0	0.025384191879696563	9.75
1.0	3.0	0.0	0.025124362330377743	10.958333333333334
1.0	3.0	0.0	0.025124362330377743	10.958333333333334
1.0	3.0	0.0	0.025136641320897744	10.3125
1.0	3.0	0.0	0.025136641320897744	10.3125
1.0	3.0	0.0	0.02632632122599718	9.145833333333334
1.0	3.0	0.0	0.02632632122599718	9.145833333333334
1.0	2.0	0.0	0.018578897492888588	8.4375
1.0	2.0	0.0	0.018578897492888588	8.4375
1.0	3.0	0.0	0.026534552379319738	9.3125
1.0	3.0	0.0	0.026534552379319738	9.3125
1.0	3.0	0.0	0.025376400404495843	11.041666666666666
1.0	3.0	0.0	0.025376400404495843	11.041666666666666
1.0	2.0	0.0	0.017190306052449367	11.6875
1.0	2.0	0.0	0.017190306052449367	11.6875
1.0	2.0	0.0	0.01924592659346293	8.25
1.0	2.0	0.0	0.01924592659346293	8.25
1.0	2.0	0.0	0.017744935325686335	10.645833333333334
1.0	2.0	0.0	0.017744935325686335	10.645833333333334
1.0	2.0	0.0	0.017666994971538584	11.854166666666666
1.0	2.0	0.0	0.017666994971538584	11.854166666666666
1.0	2.0	0.0	0.017823928445043307	11.208333333333334
1.0	2.0	0.0	0.017823928445043307	11.208333333333334
1.0	2.0	0.0	0.01989368574971353	8.0
1.0	2.0	0.0	0.01989368574971353	8.0
1.0	2.0	0.0	0.0179769341102991	11.375
1.0	2.0	0.0	0.0179769341102991	11.375
1.0	2.0	0.0	0.017906367562157105	11.9375
1.0	2.0	0.0	0.017906367562157105	11.9375
1.0	2.0	0.0	0.0200182649724772	7.9375
1.0	2.0	0.0	0.0200182649724772	7.9375
1.0	2.0	0.0	0.018314217087132087	12.104166666666666
1.0	2.0	0.0	0.018314217087132087	12.104166666666666
1.0	2.0	0.0	0.018340794833385455	12.833333333333334
1.0	2.0	0.0	0.018340794833385455	12.833333333333334
