Constant_feature	Degree	Clustering_coefficient	Pagerank	Aver_path_len
1.0	2.0	0.0	0.0363012165287833	3.6956521739130435
1.0	1.0	0.0	0.020591543528216884	4.739130434782608
1.0	1.0	0.0	0.024365448608988198	6.3478260869565215
1.0	1.0	0.0	0.024365448608988198	6.3478260869565215
1.0	3.0	0.0	0.05796817451890266	3.739130434782609
1.0	3.0	0.0	0.05238303607717583	3.4347826086956523
1.0	2.0	0.0	0.03734829317893691	4.0
1.0	2.0	0.0	0.03676721750455976	3.9130434782608696
1.0	3.0	0.0	0.054074407807215556	3.3043478260869565
1.0	3.0	0.0	0.052364809857994035	3.217391304347826
1.0	2.0	0.0	0.0417564645847997	4.521739130434782
1.0	2.0	0.0	0.0417564645847997	4.521739130434782
1.0	3.0	0.0	0.05213650324383054	3.217391304347826
1.0	2.0	0.0	0.0448846621570565	5.391304347826087
1.0	2.0	0.0	0.0448846621570565	5.391304347826087
1.0	3.0	0.0	0.05474892093164106	3.782608695652174
1.0	3.0	0.0	0.05383429409990951	3.9565217391304346
1.0	3.0	0.0	0.05653309864148943	4.0
1.0	2.0	0.0	0.03772633618171878	4.739130434782608
1.0	2.0	0.0	0.03772633618171878	4.739130434782608
1.0	1.0	0.0	0.021126346395723528	4.956521739130435
1.0	2.0	0.0	0.03868577590198446	5.521739130434782
1.0	2.0	0.0	0.03868577590198446	5.521739130434782
1.0	2.0	0.0	0.038984762816525464	6.304347826086956
