Constant_feature	Degree	Clustering_coefficient	Pagerank	Aver_path_len
1.0	2.0	0.0	0.02945576737314209	3.642857142857143
1.0	2.0	0.0	0.030269995923481115	4.321428571428571
1.0	2.0	0.0	0.0330888808335429	4.678571428571429
1.0	1.0	0.0	0.0170466509051505	4.964285714285714
1.0	1.0	0.0	0.016725604371935144	4.785714285714286
1.0	1.0	0.0	0.016841565267450467	5.142857142857143
1.0	1.0	0.0	0.01945575545560429	6.464285714285714
1.0	4.0	0.0	0.054735428441316535	3.0
1.0	3.0	0.0	0.04139402242912699	3.1785714285714284
1.0	3.0	0.0	0.043053539755165474	3.2142857142857144
1.0	4.0	0.0	0.055562151179201894	3.5
1.0	3.0	0.0	0.04243530337627556	3.3214285714285716
1.0	4.0	0.0	0.06084681078159701	3.607142857142857
1.0	2.0	0.0	0.02938550224288466	3.8214285714285716
1.0	2.0	0.0	0.029173499357053562	3.9285714285714284
1.0	2.0	0.0	0.02894548634207953	4.25
1.0	2.0	0.0	0.029811564241214526	3.7142857142857144
1.0	3.0	0.0	0.04544606011267892	3.9285714285714284
1.0	3.0	0.0	0.04532717535311719	4.0
1.0	3.0	0.0	0.04331803634148783	4.857142857142857
1.0	2.0	0.0	0.029572075161730133	4.535714285714286
1.0	3.0	0.0	0.04425879316396385	3.8214285714285716
1.0	3.0	0.0	0.04464467942493628	4.178571428571429
1.0	3.0	0.0	0.045124003570207204	4.857142857142857
1.0	1.0	0.0	0.017139390901012713	4.571428571428571
1.0	1.0	0.0	0.017139390901012713	4.571428571428571
1.0	1.0	0.0	0.0169854711568512	5.821428571428571
1.0	3.0	0.0	0.053361640181175354	5.5
1.0	1.0	0.0	0.01945575545560429	6.464285714285714
