Constant_feature	Degree	Clustering_coefficient	Pagerank	Aver_path_len
1.0	1.0	0.0	0.03728623302464543	3.4615384615384617
1.0	1.0	0.0	0.03677556717236864	3.3076923076923075
1.0	1.0	0.0	0.03677556717236864	3.3076923076923075
1.0	2.0	0.0	0.06548685912076992	2.8461538461538463
1.0	1.0	0.0	0.03728623302464543	3.4615384615384617
1.0	3.0	0.0	0.0946344424108949	2.230769230769231
1.0	3.0	0.0	0.09463444241089491	2.230769230769231
1.0	3.0	0.0	0.0987740578580975	2.3846153846153846
1.0	3.0	0.0	0.1004772148489011	2.5384615384615383
1.0	3.0	0.0	0.09877405785809751	2.3846153846153846
1.0	3.0	0.0	0.10047721484890107	2.5384615384615383
1.0	2.0	0.0	0.06548685912076993	2.8461538461538463
1.0	2.0	0.0	0.06656562556432243	3.4615384615384617
1.0	2.0	0.0	0.06656562556432244	3.4615384615384617
