Constant_feature	Degree	Clustering_coefficient	Pagerank	Aver_path_len
1.0	1.0	0.0	0.010681570416279533	6.6
1.0	1.0	0.0	0.010748849732611325	7.4
1.0	2.0	0.0	0.01930814208902266	5.6
1.0	1.0	0.0	0.01094669135344991	6.5777777777777775
1.0	2.0	0.0	0.02209266930978966	7.911111111111111
1.0	1.0	0.0	0.011180975665549023	7.2444444444444445
1.0	1.0	0.0	0.012048308855609055	8.177777777777777
1.0	1.0	0.0	0.010467940953781873	5.977777777777778
1.0	1.0	0.0	0.010472306377803503	6.2444444444444445
1.0	3.0	0.0	0.02576062459068628	4.4
1.0	2.0	0.0	0.017733513450057928	5.2
1.0	3.0	0.0	0.027727212939736096	5.333333333333333
1.0	3.0	0.0	0.03266277425015977	7.6
1.0	3.0	0.0	0.027363820466097425	4.888888888888889
1.0	3.0	0.0	0.02924172532554155	5.6
1.0	3.0	0.0	0.03002452347937902	6.266666666666667
1.0	3.0	0.0	0.025051470205309595	4.2
1.0	3.0	0.0	0.0300475852232053	6.977777777777778
1.0	3.0	0.0	0.02975186004453598	6.266666666666667
1.0	3.0	0.0	0.025220166278674353	4.333333333333333
1.0	3.0	0.0	0.026207382781873772	4.777777777777778
1.0	3.0	0.0	0.025277061378068427	4.466666666666667
1.0	3.0	0.0	0.025992806546633145	4.7555555555555555
1.0	3.0	0.0	0.02577808224532162	4.466666666666667
1.0	3.0	0.0	0.02535941353372672	4.6
1.0	3.0	0.0	0.02581352461084646	4.733333333333333
1.0	2.0	0.0	0.021942313632664932	7.2
1.0	3.0	0.0	0.026195626731261773	5.288888888888889
1.0	3.0	0.0	0.02764571759683069	5.0
1.0	3.0	0.0	0.027660322971944845	5.266666666666667
1.0	3.0	0.0	0.0265871037210923	5.5777777777777775
1.0	3.0	0.0	0.0283598996870691	5.622222222222222
1.0	2.0	0.0	0.018644516656157475	5.644444444444445
1.0	2.0	0.0	0.019911298550495143	6.044444444444444
1.0	2.0	0.0	0.019354566290072817	6.511111111111111
1.0	2.0	0.0	0.019274115843878496	6.488888888888889
1.0	2.0	0.0	0.01874884875353874	6.177777777777778
1.0	3.0	0.0	0.028584628737673798	6.4222222222222225
1.0	2.0	0.0	0.020934946334911365	6.8
1.0	1.0	0.0	0.012115267378389654	8.88888888888889
1.0	2.0	0.0	0.01937113689641272	7.022222222222222
1.0	2.0	0.0	0.019465399512201685	7.311111111111111
1.0	2.0	0.0	0.023413147672115435	8.533333333333333
1.0	2.0	0.0	0.023413147672115435	8.533333333333333
1.0	1.0	0.0	0.01270849662871171	9.511111111111111
1.0	1.0	0.0	0.01270849662871171	9.511111111111111
