Constant_feature	Degree	Clustering_coefficient	Pagerank	Aver_path_len
1.0	1.0	0.0	0.026467600159326823	4.684210526315789
1.0	2.0	0.0	0.047005688248881655	3.9473684210526314
1.0	2.0	0.0	0.04796693885844062	3.736842105263158
1.0	2.0	0.0	0.04777549469957678	3.8421052631578947
1.0	2.0	0.0	0.04706774818287028	5.2105263157894735
1.0	3.0	0.0	0.06845866782537846	4.2631578947368425
1.0	3.0	0.0	0.07153713237029782	5.526315789473684
1.0	2.0	0.0	0.046999736370553255	4.894736842105263
1.0	2.0	0.0	0.04701707796450829	5.0
1.0	2.0	0.0	0.047940638155951884	6.2631578947368425
1.0	2.0	0.0	0.04772996458371203	5.631578947368421
1.0	1.0	0.0	0.026461648280998423	6.473684210526316
1.0	3.0	0.0	0.07063701934703787	4.052631578947368
1.0	3.0	0.0	0.06855114284615381	4.473684210526316
1.0	3.0	0.0	0.07155723415017534	3.736842105263158
1.0	2.0	0.0	0.04706774818287028	5.2105263157894735
1.0	1.0	0.0	0.026190770117387872	5.0
1.0	2.0	0.0	0.04778177982213705	5.947368421052632
1.0	2.0	0.0	0.04800419001160418	6.684210526315789
1.0	2.0	0.0	0.04778177982213705	5.947368421052632
