Constant_feature	Degree	Clustering_coefficient	Pagerank	Aver_path_len
1.0	2.0	0.0	0.0382649872018191	3.8636363636363638
1.0	2.0	0.0	0.044612823214639524	7.0
1.0	1.0	0.0	0.021896152178448248	5.136363636363637
1.0	2.0	0.0	0.03853673293621178	4.045454545454546
1.0	2.0	0.0	0.038823891582273826	4.181818181818182
1.0	1.0	0.0	0.021910116124053605	5.136363636363637
1.0	3.0	0.0	0.05667779385892642	3.8636363636363638
1.0	3.0	0.0	0.05758597204734735	4.363636363636363
1.0	3.0	0.0	0.05638012402837628	3.8181818181818183
1.0	3.0	0.0	0.058122574552549884	4.681818181818182
1.0	3.0	0.0	0.05849482473578109	4.181818181818182
1.0	3.0	0.0	0.05854139374177168	4.181818181818182
1.0	2.0	0.0	0.039882955324496254	4.954545454545454
1.0	2.0	0.0	0.039882955324496254	4.954545454545454
1.0	3.0	0.0	0.060942713945510846	6.136363636363637
1.0	2.0	0.0	0.04057955677740664	5.545454545454546
1.0	2.0	0.0	0.04057955677740664	5.545454545454546
1.0	2.0	0.0	0.04025203919921328	5.454545454545454
1.0	2.0	0.0	0.04025203919921328	5.454545454545454
1.0	2.0	0.0	0.04103786651865504	6.2272727272727275
1.0	2.0	0.0	0.04103786651865504	6.2272727272727275
1.0	2.0	0.0	0.041282345960246464	7.0
1.0	1.0	0.0	0.02442271825250145	7.954545454545454
