Constant_feature	Degree	Clustering_coefficient	Pagerank	Aver_path_len
1.0	2.0	0.0	0.0010248080339790128	4.2727272727272725
1.0	1.0	0.0	0.0005316227833319608	4.545454545454546
1.0	1.0	0.0	0.0005388680554313065	4.545454545454546
1.0	1.0	0.0	0.0006033150634940478	5.909090909090909
1.0	3.0	0.0	0.0013415999203656177	3.3636363636363638
1.0	3.0	0.3333333333333333	0.0013801253144716536	4.681818181818182
1.0	2.0	0.0	0.0009183844746744384	3.409090909090909
1.0	3.0	0.0	0.0014044832535021745	3.6818181818181817
1.0	2.0	0.0	0.0009419645817630086	3.9545454545454546
1.0	2.0	1.0	0.0009524019172199181	5.590909090909091
1.0	2.0	1.0	0.0009524019172199181	5.590909090909091
1.0	2.0	0.0	0.0009552158469239211	4.2727272727272725
1.0	3.0	0.0	0.0013470670404054043	3.3181818181818183
1.0	3.0	0.0	0.0013458897341805877	3.272727272727273
1.0	3.0	0.0	0.0013776251640653986	3.909090909090909
1.0	3.0	0.0	0.0013487943824333848	3.272727272727273
1.0	3.0	0.0	0.0014395395851688009	3.909090909090909
1.0	3.0	0.0	0.0014059311906853046	3.590909090909091
1.0	3.0	0.0	0.0014305921859466986	3.590909090909091
1.0	1.0	0.0	0.0005417072061853828	4.863636363636363
1.0	3.0	0.0	0.001644053010307338	4.954545454545454
1.0	2.0	0.0	0.0011801193202141296	5.818181818181818
1.0	1.0	0.0	0.0006404713572182993	6.7727272727272725
1.0	1.0	0.0	0.0005443402044514383	4.777777777777778
1.0	1.0	0.0	0.0005328892914815391	3.7777777777777777
1.0	1.0	0.0	0.0005402342215917044	3.7777777777777777
1.0	3.0	0.3333333333333333	0.0013817197571017975	3.7222222222222223
1.0	3.0	0.0	0.0013562903162112803	3.0
1.0	2.0	0.0	0.000927154069987188	3.0555555555555554
1.0	2.0	1.0	0.0009532799754476179	4.611111111111111
1.0	2.0	1.0	0.0009532799754476179	4.611111111111111
1.0	2.0	0.0	0.0009549456981679224	3.7222222222222223
1.0	3.0	0.0	0.0014484881691253046	3.8333333333333335
1.0	3.0	0.0	0.001368458660139292	3.1666666666666665
1.0	2.0	0.0	0.0009740942418169879	4.333333333333333
1.0	3.0	0.0	0.0013539563444441574	2.6666666666666665
1.0	3.0	0.0	0.0013802638135922344	3.0
1.0	3.0	0.0	0.0013563878935730245	2.6666666666666665
1.0	3.0	0.0	0.0014425103964573935	3.0
1.0	3.0	0.0	0.0014101773013923166	2.8333333333333335
1.0	3.0	0.0	0.0014351321001511272	2.8333333333333335
1.0	1.0	0.0	0.0005425995452707703	3.9444444444444446
1.0	2.0	0.0	0.0009552476004362072	3.3333333333333335
1.0	2.0	0.0	0.0009875050224566763	3.2777777777777777
1.0	1.0	0.0	0.0005572924226782973	4.166666666666667
1.0	1.0	0.0	0.0005656499687133865	4.611111111111111
1.0	1.0	0.0	0.0006102452272347605	5.444444444444445
1.0	2.0	0.0	0.0009743579282251258	3.6666666666666665
1.0	2.0	0.0	0.0010037590903638222	4.722222222222222
1.0	1.0	0.0	0.0005537708700302974	4.944444444444445
1.0	3.0	0.0	0.0014918685217744853	3.2222222222222223
1.0	3.0	0.0	0.0015194593574636137	3.6666666666666665
1.0	3.0	0.0	0.001415274492182974	2.7777777777777777
1.0	3.0	0.0	0.0015105062742697055	3.6666666666666665
1.0	3.0	0.0	0.001378823278987743	2.7222222222222223
1.0	2.0	0.0	0.00111207107444461	4.5
1.0	3.0	0.0	0.001381607935935536	2.9444444444444446
1.0	3.0	0.0	0.0014002477030915623	3.388888888888889
1.0	2.0	0.0	0.0009595495437292786	3.6666666666666665
1.0	3.0	0.0	0.0014794026205407682	4.0
1.0	2.0	0.0	0.0009995630432918668	4.277777777777778
1.0	1.0	0.0	0.0005661115380506011	8.547619047619047
1.0	2.0	0.0	0.0009714173765359283	4.857142857142857
1.0	1.0	0.0	0.0005672384848198805	6.571428571428571
1.0	1.0	0.0	0.0005346572157337583	5.976190476190476
1.0	1.0	0.0	0.0005553345877846022	7.261904761904762
1.0	2.0	0.0	0.0010663823600227688	5.571428571428571
1.0	1.0	0.0	0.0005348314024607584	5.666666666666667
1.0	1.0	0.0	0.0005643002300259037	6.333333333333333
1.0	1.0	0.0	0.0005528978294223152	7.261904761904762
1.0	2.0	0.0	0.001109882001791559	7.9523809523809526
1.0	1.0	0.0	0.0005539791578594367	6.904761904761905
1.0	4.0	0.0	0.0020178274270161796	7.571428571428571
1.0	2.0	0.0	0.0009845000771264672	6.833333333333333
1.0	3.0	0.0	0.0013878083563568986	6.0476190476190474
1.0	2.0	0.0	0.0010116766417517787	7.071428571428571
1.0	3.0	0.0	0.0013986108585108017	5.5476190476190474
1.0	4.0	0.0	0.0020279367674305077	5.595238095238095
1.0	3.0	0.0	0.0013503109218450653	4.5
1.0	3.0	0.0	0.0014778108518610999	6.285714285714286
1.0	2.0	0.0	0.0009820912545679737	5.261904761904762
1.0	3.0	0.0	0.0013565932415458065	5.0
1.0	3.0	0.0	0.001410198459272605	5.0
1.0	2.0	0.0	0.0009366945827605733	5.5476190476190474
1.0	3.0	0.0	0.0013487700835256794	4.142857142857143
1.0	3.0	0.0	0.001381155968309979	4.595238095238095
1.0	3.0	0.0	0.0013530791562746324	4.190476190476191
1.0	3.0	0.0	0.0013535935243139514	4.238095238095238
1.0	1.0	0.0	0.0005661115380506011	8.547619047619047
1.0	2.0	0.0	0.0010217692307623594	5.595238095238095
1.0	3.0	0.0	0.0014161272513875374	4.642857142857143
1.0	2.0	0.0	0.0009441465245232066	4.9523809523809526
1.0	1.0	0.0	0.0005672384848198805	6.571428571428571
1.0	3.0	0.0	0.0014159139038739219	4.690476190476191
1.0	2.0	0.0	0.0009440640252187024	5.095238095238095
1.0	3.0	0.0	0.0013984828476239547	5.190476190476191
1.0	3.0	0.0	0.0013962241088186535	5.5476190476190474
1.0	3.0	0.0	0.0015106139523234376	5.357142857142857
1.0	3.0	0.0	0.0014792061199307904	6.285714285714286
1.0	3.0	0.0	0.001478764222885285	5.928571428571429
1.0	3.0	0.0	0.0015036214154716258	7.023809523809524
1.0	2.0	0.0	0.0010057201657975297	6.666666666666667
1.0	1.0	0.0	0.0005886403352381095	6.5476190476190474
1.0	1.0	0.0	0.000608543672169565	8.928571428571429
1.0	0.0	0.0	0.0	0.0
1.0	2.0	0.0	0.0011206260885465236	5.095238095238095
1.0	2.0	0.0	0.0011206260885465236	5.095238095238095
1.0	2.0	0.0	0.001122375164717169	5.476190476190476
1.0	2.0	0.0	0.0010035542998077988	3.9523809523809526
1.0	2.0	0.0	0.0010017450514893792	3.761904761904762
1.0	3.0	0.0	0.0014679052246004227	3.6666666666666665
1.0	3.0	0.0	0.0014762182129915017	4.238095238095238
1.0	2.0	0.0	0.0010084064959478465	4.0476190476190474
1.0	2.0	0.0	0.0010084064959478465	4.0476190476190474
1.0	3.0	0.0	0.0015468732455706444	5.9523809523809526
1.0	3.0	0.0	0.001526852365538098	4.238095238095238
1.0	3.0	0.0	0.001526852365538098	4.238095238095238
1.0	3.0	0.0	0.0015313777333234076	4.619047619047619
1.0	2.0	0.0	0.0011300695446135405	6.809523809523809
1.0	2.0	0.0	0.001016949161487321	4.809523809523809
1.0	2.0	0.0	0.001016949161487321	4.809523809523809
1.0	2.0	0.0	0.0010310864478423605	5.380952380952381
1.0	2.0	0.0	0.0010310864478423605	5.380952380952381
1.0	1.0	0.0	0.000618518136568907	7.761904761904762
1.0	1.0	0.0	0.0006139070619304756	6.0476190476190474
1.0	1.0	0.0	0.0006139070619304756	6.0476190476190474
1.0	1.0	0.0	0.0006149946420854423	6.428571428571429
1.0	2.0	0.0	0.0011206260885465236	5.095238095238095
1.0	2.0	0.0	0.0011206260885465236	5.095238095238095
1.0	2.0	0.0	0.001122375164717169	5.476190476190476
1.0	2.0	0.0	0.0010035542998077988	3.9523809523809526
1.0	2.0	0.0	0.0010017450514893792	3.761904761904762
1.0	3.0	0.0	0.0014679052246004227	3.6666666666666665
1.0	3.0	0.0	0.0014762182129915017	4.238095238095238
1.0	2.0	0.0	0.0010084064959478465	4.0476190476190474
1.0	2.0	0.0	0.0010084064959478465	4.0476190476190474
1.0	3.0	0.0	0.0015468732455706444	5.9523809523809526
1.0	3.0	0.0	0.001526852365538098	4.238095238095238
1.0	3.0	0.0	0.001526852365538098	4.238095238095238
1.0	3.0	0.0	0.0015313777333234076	4.619047619047619
1.0	2.0	0.0	0.0011300695446135405	6.809523809523809
1.0	2.0	0.0	0.001016949161487321	4.809523809523809
1.0	2.0	0.0	0.001016949161487321	4.809523809523809
1.0	2.0	0.0	0.0010310864478423605	5.380952380952381
1.0	2.0	0.0	0.0010310864478423605	5.380952380952381
1.0	1.0	0.0	0.000618518136568907	7.761904761904762
1.0	1.0	0.0	0.0006139070619304756	6.0476190476190474
1.0	1.0	0.0	0.0006139070619304756	6.0476190476190474
1.0	1.0	0.0	0.0006149946420854423	6.428571428571429
1.0	0.0	0.0	0.0	0.0
1.0	2.0	0.0	0.0011210952386494612	4.8
1.0	2.0	0.0	0.0011210952386494612	4.8
1.0	2.0	0.0	0.0011222843184580033	5.15
1.0	2.0	0.0	0.0010057107195055998	3.85
1.0	3.0	0.0	0.0014684323399697832	3.45
1.0	2.0	0.0	0.0010039647842234067	3.6
1.0	2.0	0.0	0.00100922431146633	3.8
1.0	2.0	0.0	0.00100922431146633	3.8
1.0	3.0	0.0	0.001484666083388324	4.2
1.0	3.0	0.0	0.001526809299475053	3.95
1.0	3.0	0.0	0.001526809299475053	3.95
1.0	3.0	0.0	0.0015320880824974943	4.3
1.0	2.0	0.0	0.0010225124505968569	4.85
1.0	2.0	0.0	0.0010225124505968569	4.85
1.0	3.0	0.0	0.0015678815160883957	6.15
1.0	2.0	0.0	0.0010417389999851407	5.5
1.0	2.0	0.0	0.0010417389999851407	5.5
1.0	1.0	0.0	0.0005808867023374994	7.1
1.0	1.0	0.0	0.0006138657453563059	5.75
1.0	1.0	0.0	0.0006138657453563059	5.75
1.0	1.0	0.0	0.0006151850199924143	6.1
1.0	2.0	0.0	0.0011210952386494612	4.8
1.0	2.0	0.0	0.0011210952386494612	4.8
1.0	2.0	0.0	0.0011222843184580033	5.15
1.0	2.0	0.0	0.0010057107195055998	3.85
1.0	3.0	0.0	0.0014684323399697832	3.45
1.0	2.0	0.0	0.0010039647842234067	3.6
1.0	2.0	0.0	0.00100922431146633	3.8
1.0	2.0	0.0	0.00100922431146633	3.8
1.0	3.0	0.0	0.001484666083388324	4.2
1.0	3.0	0.0	0.001526809299475053	3.95
1.0	3.0	0.0	0.001526809299475053	3.95
1.0	3.0	0.0	0.0015320880824974943	4.3
1.0	2.0	0.0	0.0010225124505968569	4.85
1.0	2.0	0.0	0.0010225124505968569	4.85
1.0	3.0	0.0	0.0015678815160883957	6.15
1.0	2.0	0.0	0.0010417389999851407	5.5
1.0	2.0	0.0	0.0010417389999851407	5.5
1.0	1.0	0.0	0.0005808867023374994	7.1
1.0	1.0	0.0	0.0006138657453563059	5.75
1.0	1.0	0.0	0.0006138657453563059	5.75
1.0	1.0	0.0	0.0006151850199924143	6.1
1.0	1.0	0.0	0.0005153819134966611	5.756756756756757
1.0	2.0	0.0	0.0009329679628766504	5.324324324324325
1.0	2.0	0.0	0.0009301530792797323	5.8108108108108105
1.0	1.0	0.0	0.0005710827510503753	6.1891891891891895
1.0	2.0	0.0	0.0010067209769488868	8.162162162162161
1.0	2.0	0.0	0.000980738234168237	7.108108108108108
1.0	1.0	0.0	0.0005299651845381208	6.783783783783784
1.0	1.0	0.0	0.0005550882130742621	7.54054054054054
1.0	1.0	0.0	0.0005638567669363258	9.108108108108109
1.0	4.0	0.0	0.0018022806612257984	4.783783783783784
1.0	3.0	0.0	0.001331398914557227	4.513513513513513
1.0	3.0	0.0	0.0013280341599821513	4.351351351351352
1.0	4.0	0.0	0.0018100434520862095	5.1891891891891895
1.0	4.0	0.0	0.001783740199226135	4.297297297297297
1.0	3.0	0.0	0.001340361679475535	4.783783783783784
1.0	2.0	0.0	0.0009292298427963567	4.756756756756757
1.0	2.0	0.0	0.000934942495162693	5.027027027027027
1.0	3.0	0.0	0.0013615764654227858	5.756756756756757
1.0	2.0	0.0	0.0009270558447974848	5.0
1.0	2.0	0.0	0.0009386736751621472	5.513513513513513
1.0	2.0	0.0	0.0009295984004191087	4.945945945945946
1.0	2.0	0.0	0.0009406049055512499	6.0
1.0	2.0	0.0	0.0009138057723754134	4.5675675675675675
1.0	2.0	0.0	0.0009153723113097258	5.054054054054054
1.0	1.0	0.0	0.0005169528320690728	6.162162162162162
1.0	3.0	0.0	0.0013449298100341657	4.837837837837838
1.0	3.0	0.0	0.0013423053455256055	5.324324324324325
1.0	2.0	0.0	0.0010244769970872976	5.216216216216216
1.0	3.0	0.0	0.0014044605535641645	6.45945945945946
1.0	4.0	0.0	0.0018702854182853848	5.8108108108108105
1.0	3.0	0.0	0.0013886624625614303	6.297297297297297
1.0	2.0	0.0	0.0009841172889876481	7.324324324324325
1.0	2.0	0.0	0.0009851886386245527	7.297297297297297
1.0	3.0	0.0	0.0014821737575782504	6.5675675675675675
1.0	3.0	0.0	0.0015135808529544712	8.135135135135135
1.0	2.0	0.0	0.0010088429872362307	7.378378378378378
1.0	3.0	0.0	0.0015102288870284945	7.864864864864865
1.0	1.0	0.0	0.0005635242582453934	8.837837837837839
1.0	2.0	0.0	0.0011113969571795823	5.793103448275862
1.0	2.0	0.0	0.0011094838421032856	5.9655172413793105
1.0	1.0	0.0	0.0005654416939730364	5.931034482758621
1.0	2.0	0.0	0.0011161361214345575	6.413793103448276
1.0	2.0	0.0	0.0011149511138742133	6.655172413793103
1.0	3.0	0.0	0.0013660159535095078	4.862068965517241
1.0	3.0	0.0	0.0013664999511168675	4.827586206896552
1.0	2.0	0.0	0.0009562662535676856	5.689655172413793
1.0	2.0	0.0	0.0009704787808200072	6.137931034482759
1.0	2.0	0.0	0.0009563830868324305	5.724137931034483
1.0	2.0	0.0	0.0009248655364369257	4.206896551724138
1.0	2.0	0.0	0.0009250881351989268	4.241379310344827
1.0	3.0	0.0	0.0013520422091258138	3.586206896551724
1.0	3.0	0.0	0.0013506952798363304	3.6206896551724137
1.0	3.0	0.0	0.0013997964111109728	3.8620689655172415
1.0	3.0	0.0	0.0013986954182002406	3.9655172413793105
1.0	2.0	0.0	0.0009828563143340406	4.413793103448276
1.0	2.0	0.0	0.000985895482919456	4.482758620689655
1.0	2.0	0.0	0.0009808429175873074	4.517241379310345
1.0	2.0	0.0	0.000982236382221145	4.655172413793103
1.0	3.0	0.0	0.0015064830280994408	4.896551724137931
1.0	3.0	0.0	0.0015166578526984622	4.9655172413793105
1.0	3.0	0.0	0.00150533393281205	5.068965517241379
1.0	2.0	0.0	0.0010066823681501205	5.206896551724138
1.0	3.0	0.0	0.001521078010872856	5.517241379310345
1.0	3.0	0.0	0.0015160335556877404	5.758620689655173
1.0	1.0	0.0	0.0006091867344134982	6.758620689655173
1.0	1.0	0.0	0.0006090546199715136	6.931034482758621
1.0	1.0	0.0	0.000612772759679048	7.379310344827586
1.0	1.0	0.0	0.0006114945212603862	7.620689655172414
1.0	1.0	0.0	0.0005445848934154704	4.925925925925926
1.0	2.0	0.0	0.0010924084420644094	5.2592592592592595
1.0	2.0	0.0	0.0010937269888152603	5.2592592592592595
1.0	2.0	0.0	0.0010963751010499524	5.518518518518518
1.0	3.0	0.0	0.001351391371012502	4.666666666666667
1.0	3.0	0.0	0.0013519139734277275	4.703703703703703
1.0	3.0	0.0	0.0013139980971276634	3.4814814814814814
1.0	2.0	0.0	0.0009097953196149818	4.074074074074074
1.0	2.0	0.0	0.0009489218364504819	5.555555555555555
1.0	2.0	0.0	0.0009490549964750363	5.518518518518518
1.0	2.0	0.0	0.0009638564969171624	5.962962962962963
1.0	3.0	0.0	0.0013153872783444815	3.5185185185185186
1.0	2.0	0.0	0.0009095188541811874	4.111111111111111
1.0	3.0	0.0	0.0013367150903930423	3.3333333333333335
1.0	3.0	0.0	0.0013375948640564758	3.5185185185185186
1.0	3.0	0.0	0.0013448487159300922	3.3333333333333335
1.0	3.0	0.0	0.0013500342096444478	3.3703703703703702
1.0	2.0	0.0	0.0009519190675356167	3.8518518518518516
1.0	2.0	0.0	0.0009539856065955527	4.185185185185185
1.0	2.0	0.0	0.000955741470984409	3.8518518518518516
1.0	3.0	0.0	0.0014479052673487224	3.962962962962963
1.0	3.0	0.0	0.0014725059841464586	4.37037037037037
1.0	3.0	0.0	0.001472834278892935	4.37037037037037
1.0	2.0	0.0	0.0009824852498761991	4.777777777777778
1.0	3.0	0.0	0.0014810193080919422	4.62962962962963
1.0	1.0	0.0	0.0006016608895526268	6.222222222222222
1.0	1.0	0.0	0.0006016365342514612	6.222222222222222
1.0	1.0	0.0	0.0006036353571626516	6.481481481481482
1.0	1.0	0.0	0.0005227268925440474	5.620689655172414
1.0	2.0	0.0	0.0010928654321082194	5.586206896551724
1.0	2.0	0.0	0.0010930750473509758	5.586206896551724
1.0	2.0	0.0	0.0010926707138840287	5.551724137931035
1.0	2.0	0.0	0.001093426883117637	5.551724137931035
1.0	3.0	0.0	0.0013650465757293546	4.689655172413793
1.0	4.0	0.0	0.0018350851094569823	4.655172413793103
1.0	3.0	0.0	0.0013187562213261062	3.586206896551724
1.0	2.0	0.0	0.0009147334475814806	4.137931034482759
1.0	2.0	0.0	0.0009603460901634048	5.517241379310345
1.0	2.0	0.0	0.0009568361848259634	5.551724137931035
1.0	2.0	0.0	0.0009724895280142319	5.9655172413793105
1.0	3.0	0.0	0.0013198941136436514	3.5517241379310347
1.0	2.0	0.0	0.0009188058709538526	4.103448275862069
1.0	3.0	0.0	0.001336893351948888	3.586206896551724
1.0	3.0	0.0	0.0013378927268349976	3.5517241379310347
1.0	3.0	0.0	0.0013439198005249452	3.586206896551724
1.0	3.0	0.0	0.0013436725397394011	3.5517241379310347
1.0	2.0	0.0	0.000952637670242928	4.137931034482759
1.0	2.0	0.0	0.0009525969696348236	4.103448275862069
1.0	2.0	0.0	0.0009546423042650837	4.137931034482759
1.0	2.0	0.0	0.0009550145120735622	4.103448275862069
1.0	3.0	0.0	0.0014718198092371953	4.689655172413793
1.0	3.0	0.0	0.0014731833384341744	4.689655172413793
1.0	3.0	0.0	0.0014724339473884112	4.655172413793103
1.0	3.0	0.0	0.0014728751611884072	4.655172413793103
1.0	1.0	0.0	0.0006014321019506424	6.551724137931035
1.0	1.0	0.0	0.0006017854812946173	6.551724137931035
1.0	1.0	0.0	0.0006016189120661645	6.517241379310345
1.0	1.0	0.0	0.0006016684875032701	6.517241379310345
1.0	1.0	0.0	0.0005267657207848801	5.481481481481482
1.0	2.0	0.0	0.0011102063912486982	5.666666666666667
1.0	2.0	0.0	0.001115074578169446	6.333333333333333
1.0	2.0	0.0	0.001117547711682099	6.814814814814815
1.0	3.0	0.0	0.001379287503702059	4.481481481481482
1.0	4.0	0.0	0.0018530526759232885	4.518518518518518
1.0	2.0	0.0	0.0009672099237964798	5.37037037037037
1.0	2.0	0.0	0.0009639287601414452	5.333333333333333
1.0	2.0	0.0	0.0009302757678330921	3.962962962962963
1.0	2.0	0.0	0.0009787780377615658	5.777777777777778
1.0	3.0	0.0	0.0013564023468993877	3.4444444444444446
1.0	2.0	0.0	0.0009342693185356815	4.0
1.0	3.0	0.0	0.0013580338026581724	3.4814814814814814
1.0	3.0	0.0	0.0014007375442800698	3.740740740740741
1.0	3.0	0.0	0.0014040171406433893	3.925925925925926
1.0	2.0	0.0	0.0009821553074100585	4.2592592592592595
1.0	2.0	0.0	0.0009836051138733023	4.407407407407407
1.0	2.0	0.0	0.0009851384779399185	4.592592592592593
1.0	2.0	0.0	0.0009851384779399185	4.592592592592593
1.0	3.0	0.0	0.001505814824791862	4.777777777777778
1.0	2.0	0.0	0.001007114351203698	4.925925925925926
1.0	3.0	0.0	0.0015172079265945155	5.444444444444445
1.0	2.0	0.0	0.0010095158850917782	5.2592592592592595
1.0	2.0	0.0	0.0010095158850917782	5.2592592592592595
1.0	3.0	0.0	0.0015211022178298792	5.925925925925926
1.0	1.0	0.0	0.0006091256121789473	6.62962962962963
1.0	1.0	0.0	0.0006118007319702117	7.296296296296297
1.0	1.0	0.0	0.0006126335073833283	7.777777777777778
1.0	0.0	0.0	0.0	0.0
1.0	2.0	0.0	0.0009593883734885097	4.6923076923076925
1.0	2.0	0.0	0.0009154440463981269	4.384615384615385
1.0	3.0	0.0	0.0015042523680442092	5.8076923076923075
1.0	3.0	0.0	0.0013318165810522124	3.6538461538461537
1.0	3.0	0.0	0.0013442058663656904	4.038461538461538
1.0	3.0	0.0	0.0014033704600388578	4.0
1.0	3.0	0.0	0.001327218357757812	3.6538461538461537
1.0	3.0	0.0	0.0014077542378173324	4.384615384615385
1.0	3.0	0.0	0.0013861753766106644	4.346153846153846
1.0	3.0	0.0	0.001388134970897215	4.730769230769231
1.0	3.0	0.0	0.0013426242243565656	4.153846153846154
1.0	2.0	0.0	0.0009776690830775444	5.076923076923077
1.0	2.0	0.0	0.0009229562337122174	3.923076923076923
1.0	1.0	0.0	0.0005305318138792474	4.961538461538462
1.0	2.0	0.0	0.0009758947786707038	5.461538461538462
1.0	1.0	0.0	0.0005323910203966871	5.346153846153846
1.0	2.0	0.0	0.0009383809421987708	4.423076923076923
1.0	2.0	0.0	0.0010010279041946903	6.1923076923076925
1.0	3.0	0.0	0.0013822200764198557	4.1923076923076925
1.0	2.0	0.0	0.00094720206550027	4.6923076923076925
1.0	1.0	0.0	0.0005614765183858534	6.769230769230769
1.0	3.0	0.0	0.0014471597190641224	5.269230769230769
1.0	2.0	0.0	0.0010079890980805232	6.076923076923077
1.0	2.0	0.0	0.0010079890980805232	6.076923076923077
1.0	2.0	0.0	0.0010288067720046782	6.884615384615385
1.0	2.0	0.0	0.0010288067720046782	6.884615384615385
1.0	2.0	0.0	0.001036873944027138	7.6923076923076925
1.0	2.0	0.0	0.0010706002778989117	5.0
1.0	1.0	0.0	0.0007552045231437618	1.6666666666666667
1.0	1.0	0.0	0.0007552045231437618	1.6666666666666667
1.0	2.0	0.0	0.0009242311849338961	3.727272727272727
1.0	3.0	0.0	0.0015059576177387283	4.863636363636363
1.0	3.0	0.0	0.0013434292526600339	3.0454545454545454
1.0	3.0	0.0	0.0013531385491381354	3.3181818181818183
1.0	3.0	0.0	0.0014095230765018712	3.272727272727273
1.0	3.0	0.0	0.0013505187399378464	3.227272727272727
1.0	3.0	0.0	0.0014127673277464481	3.5454545454545454
1.0	3.0	0.0	0.0013897383322693372	3.5
1.0	3.0	0.0	0.00139133523682591	3.772727272727273
1.0	3.0	0.0	0.0013631717958007	3.6363636363636362
1.0	2.0	0.0	0.0009792040890410983	4.181818181818182
1.0	2.0	0.0	0.0009536651365911279	3.727272727272727
1.0	1.0	0.0	0.0005324078329691734	4.2272727272727275
1.0	2.0	0.0	0.000977405730317079	4.454545454545454
1.0	1.0	0.0	0.0005338852438614133	4.5
1.0	2.0	0.0	0.0009593245929676658	4.136363636363637
1.0	3.0	0.0	0.0014608109317572483	4.2272727272727275
1.0	2.0	0.0	0.001002179318733365	5.136363636363637
1.0	2.0	0.0	0.0009803648986870315	4.636363636363637
1.0	1.0	0.0	0.0005619667074049832	5.818181818181818
1.0	2.0	0.0	0.0011593624902218502	5.863636363636363
1.0	1.0	0.0	0.000631992975183853	6.818181818181818
1.0	1.0	0.0	0.0007552045231437618	1.6666666666666667
1.0	3.0	0.0	0.0021251657939057077	1.0
1.0	0.0	0.0	0.0	0.0
1.0	2.0	0.0	0.0010706002778989117	5.0
1.0	2.0	0.0	0.0009242311849338961	3.727272727272727
1.0	3.0	0.0	0.0015059576177387283	4.863636363636363
1.0	3.0	0.0	0.0013434292526600339	3.0454545454545454
1.0	3.0	0.0	0.0013531385491381354	3.3181818181818183
1.0	3.0	0.0	0.0014095230765018712	3.272727272727273
1.0	3.0	0.0	0.0013505187399378464	3.227272727272727
1.0	3.0	0.0	0.0014127673277464481	3.5454545454545454
1.0	3.0	0.0	0.0013897383322693372	3.5
1.0	3.0	0.0	0.00139133523682591	3.772727272727273
1.0	3.0	0.0	0.0013631717958007	3.6363636363636362
1.0	2.0	0.0	0.0009792040890410983	4.181818181818182
1.0	2.0	0.0	0.0009536651365911279	3.727272727272727
1.0	1.0	0.0	0.0005324078329691734	4.2272727272727275
1.0	2.0	0.0	0.000977405730317079	4.454545454545454
1.0	1.0	0.0	0.0005338852438614133	4.5
1.0	2.0	0.0	0.0009593245929676658	4.136363636363637
1.0	3.0	0.0	0.0014608109317572483	4.2272727272727275
1.0	2.0	0.0	0.001002179318733365	5.136363636363637
1.0	2.0	0.0	0.0009803648986870315	4.636363636363637
1.0	1.0	0.0	0.0005619667074049832	5.818181818181818
1.0	2.0	0.0	0.0011593624902218502	5.863636363636363
1.0	1.0	0.0	0.000631992975183853	6.818181818181818
1.0	1.0	0.0	0.0005478562324754068	3.8421052631578947
1.0	1.0	0.0	0.0006348163705989023	5.526315789473684
1.0	3.0	0.0	0.0013747306656383533	2.6842105263157894
1.0	2.0	0.0	0.0009393088258270196	3.3157894736842106
1.0	1.0	0.0	0.0005997790215212551	4.7368421052631575
1.0	3.0	0.0	0.0014830689069510832	3.0
1.0	3.0	0.0	0.0013835640642181023	2.8421052631578947
1.0	3.0	0.0	0.001371779078688621	3.0526315789473686
1.0	3.0	0.0	0.0014960416854186923	3.1578947368421053
1.0	3.0	0.0	0.0014594263506943286	2.8947368421052633
1.0	3.0	0.0	0.001464164928199479	2.9473684210526314
1.0	3.0	0.0	0.0013809140160629411	3.3684210526315788
1.0	2.0	0.0	0.0010794285627970844	3.736842105263158
1.0	1.0	0.0	0.0005588937250775188	4.105263157894737
1.0	2.0	0.0	0.0009679117109767266	3.789473684210526
1.0	2.0	0.0	0.000970978829145174	4.105263157894737
1.0	2.0	0.0	0.0011675640771942454	4.578947368421052
1.0	2.0	0.0	0.0009921958960563753	4.526315789473684
1.0	2.0	0.0	0.0009932458076966748	4.842105263157895
1.0	2.0	0.0	0.0010882280614469809	3.789473684210526
1.0	2.0	0.0	0.0009583690367613209	5.363636363636363
1.0	2.0	0.0	0.0009584702520728746	5.7272727272727275
1.0	1.0	0.0	0.0005410190552190366	4.7272727272727275
1.0	2.0	0.0	0.000932337729204675	3.5
1.0	3.0	0.0	0.001649078530875889	5.363636363636363
1.0	3.0	0.0	0.0013555288994965815	3.5454545454545454
1.0	3.0	0.0	0.0013673998842869493	3.909090909090909
1.0	3.0	0.0	0.001381984105675266	3.3636363636363638
1.0	3.0	0.0	0.0014152923488372985	3.590909090909091
1.0	3.0	0.0	0.001369227672464027	4.545454545454546
1.0	3.0	0.0	0.0013714495178900102	4.909090909090909
1.0	2.0	0.0	0.0009280186213832738	4.045454545454546
1.0	2.0	0.0	0.0009306034312301133	4.409090909090909
1.0	3.0	0.0	0.0014353944285848295	3.772727272727273
1.0	2.0	0.0	0.0009563872158303523	3.727272727272727
1.0	2.0	0.0	0.0009848738303012401	4.090909090909091
1.0	3.0	0.0	0.0015083249804900118	4.590909090909091
1.0	2.0	0.0	0.0009888244094673302	4.363636363636363
1.0	2.0	0.0	0.0009723390336193544	5.954545454545454
1.0	2.0	0.0	0.0010166025583785666	5.363636363636363
1.0	2.0	0.0	0.0010142523222700752	4.863636363636363
1.0	1.0	0.0	0.0006056017374243164	6.318181818181818
1.0	1.0	0.0	0.0006056017374243164	6.318181818181818
1.0	2.0	0.0	0.0009584064100356031	5.142857142857143
1.0	2.0	0.0	0.0009586337078332672	5.476190476190476
1.0	1.0	0.0	0.0005410355931319071	4.571428571428571
1.0	2.0	0.0	0.0011153931682145162	5.571428571428571
1.0	2.0	0.0	0.000932634059279757	3.380952380952381
1.0	3.0	0.0	0.0013564879278424923	3.380952380952381
1.0	3.0	0.0	0.0013674216620650245	3.7142857142857144
1.0	3.0	0.0	0.0013844037524976239	3.2857142857142856
1.0	3.0	0.0	0.001369633499199237	4.333333333333333
1.0	3.0	0.0	0.001371446057489678	4.666666666666667
1.0	2.0	0.0	0.0009280339426636126	3.857142857142857
1.0	2.0	0.0	0.0009309887501265785	4.190476190476191
1.0	3.0	0.0	0.0014365029891197242	3.619047619047619
1.0	2.0	0.0	0.000956680985857629	3.619047619047619
1.0	3.0	0.0	0.0014179959577665133	3.5714285714285716
1.0	2.0	0.0	0.0009724334689393662	5.714285714285714
1.0	2.0	0.0	0.000989962803382618	4.142857142857143
1.0	2.0	0.0	0.000992097593427143	4.333333333333333
1.0	3.0	0.0	0.0015181099454639891	4.714285714285714
1.0	2.0	0.0	0.001016828863934495	4.904761904761905
1.0	2.0	0.0	0.0010221415269067622	5.476190476190476
1.0	1.0	0.0	0.0006120138331759244	6.523809523809524
1.0	2.0	1.0	0.0009757972888608738	6.275862068965517
1.0	1.0	0.0	0.0005445136188554384	5.482758620689655
1.0	2.0	0.0	0.0009352089846459548	3.689655172413793
1.0	1.0	0.0	0.0005967537128258694	6.379310344827586
1.0	1.0	0.0	0.0005444404107227702	5.137931034482759
1.0	1.0	0.0	0.0005347942541448574	4.793103448275862
1.0	1.0	0.0	0.0005361055524668871	5.206896551724138
1.0	1.0	0.0	0.0005541962694505884	5.9655172413793105
1.0	3.0	0.3333333333333333	0.0014225957874706072	5.344827586206897
1.0	4.0	0.0	0.001934315596804636	4.517241379310345
1.0	2.0	1.0	0.0009757972888608738	6.275862068965517
1.0	3.0	0.0	0.0013976840460740358	3.9655172413793105
1.0	2.0	0.0	0.001081103837849117	5.413793103448276
1.0	3.0	0.0	0.0013481029662498032	3.3448275862068964
1.0	2.0	0.0	0.0009644715722654444	4.517241379310345
1.0	3.0	0.0	0.0013826756982171708	3.896551724137931
1.0	3.0	0.0	0.001352016783604664	3.413793103448276
1.0	3.0	0.0	0.0014458365102184522	4.172413793103448
1.0	3.0	0.0	0.001369041586474131	3.8275862068965516
1.0	3.0	0.0	0.0014392707728328603	4.310344827586207
1.0	2.0	0.0	0.00095441062299792	4.379310344827586
1.0	3.0	0.0	0.0014130110696230567	3.8275862068965516
1.0	3.0	0.0	0.0013989178435592146	4.241379310344827
1.0	3.0	0.0	0.0014249183840697507	4.241379310344827
1.0	3.0	0.0	0.001395129410880699	4.655172413793103
1.0	1.0	0.0	0.0005425964325579695	5.275862068965517
1.0	3.0	0.0	0.0014775179985353556	5.0
1.0	2.0	0.0	0.0009814967556028877	5.482758620689655
1.0	2.0	0.0	0.0010062267369228576	5.827586206896552
1.0	2.0	0.0	0.0010018974313826979	6.241379310344827
1.0	1.0	0.0	0.0006099961622041674	3.9166666666666665
1.0	1.0	0.0	0.0005746363987587258	3.9166666666666665
1.0	2.0	0.0	0.0012017227641686445	3.75
1.0	1.0	0.0	0.0006159779183469819	3.9166666666666665
1.0	2.0	0.0	0.0010288182312250369	2.9166666666666665
1.0	3.0	0.0	0.0015290449093457795	2.4166666666666665
1.0	3.0	0.0	0.001504791369439951	2.3333333333333335
1.0	3.0	0.0	0.0016580528255129086	3.0
1.0	3.0	0.0	0.0015402875776441497	3.0
1.0	2.0	0.0	0.001070159750813293	2.5833333333333335
1.0	1.0	0.0	0.0006099961622041674	3.9166666666666665
1.0	3.0	0.0	0.0016786011197972414	3.0
1.0	1.0	0.0	0.0006479477413841799	4.666666666666667
1.0	1.0	0.0	0.0005550005111283227	5.166666666666667
1.0	1.0	0.0	0.0005575420982280369	4.966666666666667
1.0	2.0	0.0	0.0010899591125782685	4.7
1.0	2.0	0.0	0.0011065643629977954	5.2
1.0	2.0	0.0	0.0011079647106088976	5.533333333333333
1.0	2.0	0.0	0.001119678608570705	5.733333333333333
1.0	1.0	0.0	0.0005674148733843101	5.566666666666666
1.0	1.0	0.0	0.0006203476985850526	6.4
1.0	2.0	0.0	0.0010557285463807483	4.6
1.0	3.0	0.0	0.0014494228932956988	3.8333333333333335
1.0	2.0	0.0	0.0009845669118555308	4.1
1.0	2.0	0.0	0.0009754571175817112	4.1
1.0	3.0	0.0	0.0014103996498620343	3.466666666666667
1.0	3.0	0.0	0.0014117626159946767	3.7
1.0	3.0	0.0	0.0013904026184796616	3.3666666666666667
1.0	3.0	0.0	0.0013915227755587466	3.3
1.0	3.0	0.0	0.0014677216384640526	3.8
1.0	3.0	0.0	0.0014827358652079684	4.2
1.0	3.0	0.0	0.0014918079591382195	4.0
1.0	2.0	0.0	0.0009812444168751315	3.933333333333333
1.0	3.0	0.0	0.0014980530158253136	4.3
1.0	3.0	0.0	0.001503822500424751	4.633333333333334
1.0	3.0	0.0	0.0015260225721973751	4.6
1.0	3.0	0.0	0.0016986279536369629	5.433333333333334
1.0	2.0	0.0	0.0010089821045741346	4.5
1.0	3.0	0.0	0.0015251945498471328	4.833333333333333
1.0	1.0	0.0	0.0006203476985850526	6.4
1.0	1.0	0.0	0.0006005774262682373	5.666666666666667
1.0	1.0	0.0	0.0006073235420603422	6.166666666666667
1.0	1.0	0.0	0.0006087927860739817	6.5
1.0	1.0	0.0	0.0006135509315928427	6.7
1.0	2.0	0.0	0.001114505840879378	6.6571428571428575
1.0	2.0	0.0	0.0010866849522603306	5.8
1.0	2.0	0.0	0.0011026702234008582	6.428571428571429
1.0	2.0	0.0	0.0011034162056245168	6.714285714285714
1.0	1.0	0.0	0.0005631781029425242	6.3428571428571425
1.0	1.0	0.0	0.0006053005165786552	8.028571428571428
1.0	1.0	0.0	0.0006053005165786552	8.028571428571428
1.0	2.0	0.0	0.0009695481109816639	4.542857142857143
1.0	3.0	0.0	0.0016477044179384003	7.057142857142857
1.0	3.0	0.0	0.0013924916054497225	4.142857142857143
1.0	2.0	0.0	0.0009588904496989814	4.571428571428571
1.0	2.0	0.0	0.0009599950681283726	4.771428571428571
1.0	3.0	0.0	0.0013791412003897254	4.057142857142857
1.0	3.0	0.0	0.0013942775190154788	4.6571428571428575
1.0	3.0	0.0	0.0013787678555157393	4.371428571428571
1.0	3.0	0.0	0.0013753843052522407	4.114285714285714
1.0	3.0	0.0	0.0014598293505750438	4.885714285714286
1.0	2.0	0.0	0.0009761423581486888	5.285714285714286
1.0	2.0	0.0	0.0009850640071771015	5.0
1.0	2.0	0.0	0.0009771602020305812	4.714285714285714
1.0	2.0	0.0	0.0009736264687865254	4.8
1.0	3.0	0.0	0.001492013617980395	5.514285714285714
1.0	3.0	0.0	0.0014929074226076723	5.8
1.0	3.0	0.0	0.0014577291443427472	5.514285714285714
1.0	3.0	0.0	0.0015103867245953913	5.371428571428571
1.0	2.0	0.0	0.001002437758975182	5.457142857142857
1.0	3.0	0.0	0.0015162962946892514	5.742857142857143
1.0	3.0	0.0	0.0015066983577606407	6.2
1.0	2.0	0.0	0.0010128650635536644	6.371428571428571
1.0	1.0	0.0	0.0005987186246611812	6.771428571428571
1.0	2.0	0.0	0.0010263294848919355	7.057142857142857
1.0	2.0	0.0	0.0010301562535496261	7.228571428571429
1.0	1.0	0.0	0.0006060423390805686	7.4
1.0	2.0	0.0	0.001037525246583721	7.914285714285715
1.0	1.0	0.0	0.0006062205132518126	7.685714285714286
1.0	1.0	0.0	0.0006116081461559645	7.628571428571429
1.0	2.0	0.0	0.0011146599277585085	6.454545454545454
1.0	1.0	0.0	0.0005792271374900209	9.06060606060606
1.0	2.0	0.0	0.0010867446328644322	5.545454545454546
1.0	2.0	0.0	0.0011027456219930532	6.151515151515151
1.0	2.0	0.0	0.0011034274326670597	6.454545454545454
1.0	1.0	0.0	0.0005631882580879586	6.181818181818182
1.0	2.0	0.0	0.0009728910551077499	4.575757575757576
1.0	3.0	0.0	0.0013933328788603978	4.090909090909091
1.0	2.0	0.0	0.0009599444337109932	4.484848484848484
1.0	2.0	0.0	0.0009601362995764199	4.636363636363637
1.0	3.0	0.0	0.0013803029882509107	3.9393939393939394
1.0	3.0	0.0	0.0013947515475581495	4.454545454545454
1.0	3.0	0.0	0.0013790099371441351	4.151515151515151
1.0	3.0	0.0	0.0013755853816154967	3.9393939393939394
1.0	3.0	0.0	0.001459982881266815	4.636363636363637
1.0	2.0	0.0	0.0009761893014722481	5.0606060606060606
1.0	2.0	0.0	0.0009772480832531871	4.575757575757576
1.0	2.0	0.0	0.0009882115824112218	5.121212121212121
1.0	2.0	0.0	0.000973854552097868	4.606060606060606
1.0	3.0	0.0	0.0014920691332402972	5.242424242424242
1.0	3.0	0.0	0.0014930970984238024	5.545454545454546
1.0	3.0	0.0	0.0015108528622864792	5.212121212121212
1.0	3.0	0.0	0.0014709672246000591	5.7272727272727275
1.0	2.0	0.0	0.0010025733633860017	5.242424242424242
1.0	3.0	0.0	0.0015163768620303478	5.545454545454546
1.0	2.0	0.0	0.0010169093516410508	6.515151515151516
1.0	2.0	0.0	0.0010169093516410508	6.515151515151516
1.0	1.0	0.0	0.0005987543446028257	6.515151515151516
1.0	2.0	0.0	0.0010373146307836561	7.303030303030303
1.0	2.0	0.0	0.0010373146307836561	7.303030303030303
1.0	1.0	0.0	0.0006060533967425309	7.121212121212121
1.0	1.0	0.0	0.000606269950504839	7.424242424242424
1.0	3.0	0.0	0.0015631084000321998	8.090909090909092
1.0	1.0	0.0	0.0006116200544790157	7.424242424242424
1.0	2.0	0.0	0.0011145646417386826	6.588235294117647
1.0	2.0	0.0	0.001086708442609165	5.705882352941177
1.0	2.0	0.0	0.001102698067788429	6.323529411764706
1.0	2.0	0.0	0.0011034193352356014	6.617647058823529
1.0	1.0	0.0	0.0005631768996960726	6.294117647058823
1.0	2.0	0.0	0.0009708771587154245	4.588235294117647
1.0	1.0	0.0	0.000615759836852283	9.0
1.0	3.0	0.0	0.0013927134100195629	4.147058823529412
1.0	2.0	0.0	0.0009593177034751802	4.5588235294117645
1.0	2.0	0.0	0.0009600221993076436	4.735294117647059
1.0	3.0	0.0	0.0013796120245063844	4.029411764705882
1.0	3.0	0.0	0.0013944655083598298	4.588235294117647
1.0	3.0	0.0	0.0013788594233578519	4.294117647058823
1.0	3.0	0.0	0.0013754388020465525	4.0588235294117645
1.0	3.0	0.0	0.0014598847005132774	4.794117647058823
1.0	2.0	0.0	0.000976154402900376	5.205882352941177
1.0	2.0	0.0	0.000977172779123576	4.676470588235294
1.0	2.0	0.0	0.0009860692880723065	5.088235294117647
1.0	2.0	0.0	0.0009737180682457538	4.735294117647059
1.0	3.0	0.0	0.0014920344159101858	5.411764705882353
1.0	3.0	0.0	0.0014929807642982873	5.705882352941177
1.0	3.0	0.0	0.00151057372990967	5.323529411764706
1.0	3.0	0.0	0.0014628742278740162	5.647058823529412
1.0	2.0	0.0	0.0010024851834985096	5.382352941176471
1.0	3.0	0.0	0.0015163217502450284	5.676470588235294
1.0	2.0	0.0	0.0010098605146794198	6.382352941176471
1.0	2.0	0.0	0.0010130883421874649	6.5
1.0	1.0	0.0	0.0005987312973334895	6.676470588235294
1.0	3.0	0.0	0.0015351670666817795	7.117647058823529
1.0	2.0	0.0	0.0010306321792177943	7.235294117647059
1.0	1.0	0.0	0.000606046857161015	7.294117647058823
1.0	1.0	0.0	0.0006062394669969405	7.588235294117647
1.0	2.0	0.0	0.0010348115979037789	7.970588235294118
1.0	1.0	0.0	0.0006116118792830089	7.5588235294117645
1.0	2.0	0.0	0.0011252274634543466	8.029411764705882
1.0	2.0	0.0	0.0011145164007251998	6.861111111111111
1.0	2.0	0.0	0.0010866718031404372	6.027777777777778
1.0	2.0	0.0	0.0011026708456088484	6.666666666666667
1.0	2.0	0.0	0.0011033873335030628	6.944444444444445
1.0	1.0	0.0	0.0005631340761155352	6.527777777777778
1.0	2.0	0.0	0.0011221454118090024	7.833333333333333
1.0	2.0	0.0	0.0011221454118090024	7.833333333333333
1.0	2.0	0.0	0.0009696452196558914	4.638888888888889
1.0	3.0	0.0	0.0013918530803859127	4.277777777777778
1.0	2.0	0.0	0.0009589879612937075	4.722222222222222
1.0	2.0	0.0	0.0009598122318710416	4.944444444444445
1.0	3.0	0.0	0.001379246698584046	4.222222222222222
1.0	3.0	0.0	0.0013943100030956676	4.861111111111111
1.0	3.0	0.0	0.0013787320396337083	4.583333333333333
1.0	3.0	0.0	0.0013752397386055778	4.305555555555555
1.0	3.0	0.0	0.0014598130339491867	5.111111111111111
1.0	2.0	0.0	0.0009760859883666243	5.5
1.0	2.0	0.0	0.0009770115316831062	4.888888888888889
1.0	2.0	0.0	0.000983785680920785	5.055555555555555
1.0	2.0	0.0	0.0009736307525326454	5.0
1.0	3.0	0.0	0.0014919817866439538	5.75
1.0	3.0	0.0	0.0014929217656908084	6.027777777777778
1.0	3.0	0.0	0.0014573581992291067	5.527777777777778
1.0	3.0	0.0	0.0015104432135867251	5.555555555555555
1.0	2.0	0.0	0.0010024152199472676	5.666666666666667
1.0	3.0	0.0	0.0015162249603710195	5.944444444444445
1.0	2.0	0.0	0.0010063310117639861	6.277777777777778
1.0	2.0	0.0	0.0010063310117639861	6.277777777777778
1.0	1.0	0.0	0.0005987143028200245	7.0
1.0	3.0	0.0	0.001529260534085141	6.916666666666667
1.0	3.0	0.0	0.001529260534085141	6.916666666666667
1.0	2.0	0.0	0.0010279286605936022	7.666666666666667
1.0	1.0	0.0	0.0006060344043317519	7.638888888888889
1.0	1.0	0.0	0.0006062255002942944	7.916666666666667
1.0	1.0	0.0	0.0006115890484817944	7.833333333333333
1.0	1.0	0.0	0.0006144318569447963	8.805555555555555
1.0	1.0	0.0	0.0006144318569447963	8.805555555555555
1.0	2.0	0.0	0.0011144994099894748	7.105263157894737
1.0	2.0	0.0	0.0010866523702405782	6.315789473684211
1.0	2.0	0.0	0.0011026616729561275	6.973684210526316
1.0	2.0	0.0	0.0011033689329166554	7.2368421052631575
1.0	1.0	0.0	0.0005631135410121104	6.7368421052631575
1.0	2.0	0.0	0.0011074997433697137	6.894736842105263
1.0	2.0	0.0	0.0011189698587937124	7.552631578947368
1.0	2.0	0.0	0.001122776186247083	8.31578947368421
1.0	2.0	0.0	0.0009691144845100562	4.684210526315789
1.0	3.0	0.0	0.0013914934941764601	4.394736842105263
1.0	2.0	0.0	0.0009588462331160441	4.868421052631579
1.0	2.0	0.0	0.0009597216695759916	5.131578947368421
1.0	3.0	0.0	0.001379088726850086	4.394736842105263
1.0	3.0	0.0	0.001394245643499795	5.105263157894737
1.0	3.0	0.0	0.0013786729773029162	4.842105263157895
1.0	3.0	0.0	0.0013751567267779193	4.526315789473684
1.0	3.0	0.0	0.0014597852738562715	5.394736842105263
1.0	2.0	0.0	0.000982836312534833	5.026315789473684
1.0	2.0	0.0	0.0009760530547635647	5.7631578947368425
1.0	2.0	0.0	0.0009769407961891091	5.078947368421052
1.0	2.0	0.0	0.0009735899014759975	5.2368421052631575
1.0	3.0	0.0	0.0014919529565301467	6.052631578947368
1.0	3.0	0.0	0.0014929002818050167	6.315789473684211
1.0	3.0	0.0	0.0014549955779004982	5.421052631578948
1.0	3.0	0.0	0.0015103910228431892	5.7631578947368425
1.0	2.0	0.0	0.0010023878231964717	5.921052631578948
1.0	3.0	0.0	0.0015161760932023368	6.184210526315789
1.0	3.0	0.0	0.0015024084605924515	5.973684210526316
1.0	2.0	0.0	0.0010067628338228272	6.184210526315789
1.0	3.0	0.0	0.0015229481680833676	6.631578947368421
1.0	2.0	0.0	0.0010220438337536781	6.842105263157895
1.0	1.0	0.0	0.0005987079686260598	7.2894736842105265
1.0	3.0	0.0	0.0015327381825125613	7.394736842105263
1.0	1.0	0.0	0.0006060268588288373	7.947368421052632
1.0	1.0	0.0	0.0006062210000398235	8.210526315789474
1.0	1.0	0.0	0.0006115762861723	8.078947368421053
1.0	1.0	0.0	0.000608444745579382	7.868421052631579
1.0	1.0	0.0	0.0006130003519833677	8.526315789473685
1.0	1.0	0.0	0.0006153293369088663	9.289473684210526
1.0	2.0	0.0	0.0011145530390068792	6.742857142857143
1.0	2.0	0.0	0.0010866767396553157	5.885714285714286
1.0	2.0	0.0	0.0011026878687608929	6.514285714285714
1.0	2.0	0.0	0.0011033753864308677	6.8
1.0	1.0	0.0	0.0005631135986189821	6.428571428571429
1.0	1.0	0.0	0.000608567816638634	8.8
1.0	1.0	0.0	0.000608567816638634	8.8
1.0	2.0	0.0	0.000970305178664312	4.628571428571429
1.0	3.0	0.0	0.0016607494760745327	7.828571428571428
1.0	3.0	0.0	0.0013916655327517148	4.228571428571429
1.0	2.0	0.0	0.0009592309628568751	4.6571428571428575
1.0	2.0	0.0	0.0009597419338734913	4.857142857142857
1.0	3.0	0.0	0.0013795139540920926	4.142857142857143
1.0	3.0	0.0	0.0013944156022078517	4.742857142857143
1.0	3.0	0.0	0.00137875839037326	4.457142857142857
1.0	3.0	0.0	0.0013752030089680437	4.2
1.0	3.0	0.0	0.0014598363589389514	4.9714285714285715
1.0	2.0	0.0	0.0009760659311750164	5.371428571428571
1.0	2.0	0.0	0.0009769504819871068	4.8
1.0	2.0	0.0	0.000983665883908831	5.085714285714285
1.0	2.0	0.0	0.0009736752037883265	4.885714285714286
1.0	3.0	0.0	0.0014919767616251344	5.6
1.0	3.0	0.0	0.001492967644313749	5.885714285714286
1.0	3.0	0.0	0.0015105604497890272	5.457142857142857
1.0	3.0	0.0	0.00145957782036963	5.6
1.0	2.0	0.0	0.0010024307290063179	5.542857142857143
1.0	3.0	0.0	0.0015162041590619235	5.828571428571428
1.0	2.0	0.0	0.0010039359532613736	6.285714285714286
1.0	2.0	0.0	0.0010091867835220454	6.457142857142857
1.0	1.0	0.0	0.0005987199992678281	6.857142857142857
1.0	3.0	0.0	0.0015241431443370945	6.9714285714285715
1.0	2.0	0.0	0.001027689782122968	7.142857142857143
1.0	1.0	0.0	0.0006060327872721537	7.485714285714286
1.0	1.0	0.0	0.0006062385027537884	7.771428571428571
1.0	2.0	0.0	0.0010284476934830295	7.828571428571428
1.0	1.0	0.0	0.0006115818944362602	7.714285714285714
1.0	2.0	0.0	0.001114567372755215	6.647058823529412
1.0	2.0	0.0	0.001086706459348347	5.764705882352941
1.0	2.0	0.0	0.0011027002084875873	6.382352941176471
1.0	2.0	0.0	0.001103416807998918	6.676470588235294
1.0	1.0	0.0	0.0005631755706332461	6.352941176470588
1.0	2.0	0.0	0.0009708543971924023	4.647058823529412
1.0	1.0	0.0	0.0006175904303348497	9.794117647058824
1.0	3.0	0.0	0.0013927173461129251	4.205882352941177
1.0	2.0	0.0	0.0009593115528582154	4.617647058823529
1.0	2.0	0.0	0.0009600217788125224	4.794117647058823
1.0	3.0	0.0	0.0013796051201912342	4.088235294117647
1.0	3.0	0.0	0.0013944654258466846	4.647058823529412
1.0	3.0	0.0	0.0013788561060916185	4.352941176470588
1.0	3.0	0.0	0.001375440324317672	4.117647058823529
1.0	3.0	0.0	0.001459886998217756	4.852941176470588
1.0	2.0	0.0	0.0009761523551068486	5.264705882352941
1.0	2.0	0.0	0.000977171767345863	4.735294117647059
1.0	2.0	0.0	0.0009860769545740567	5.147058823529412
1.0	2.0	0.0	0.0009737151484658826	4.794117647058823
1.0	3.0	0.0	0.0014920310613803765	5.470588235294118
1.0	3.0	0.0	0.0014929836230620948	5.764705882352941
1.0	3.0	0.0	0.001510575185193448	5.382352941176471
1.0	3.0	0.0	0.001462793107310134	5.705882352941177
1.0	2.0	0.0	0.0010024870634307336	5.4411764705882355
1.0	3.0	0.0	0.0015163171366646016	5.735294117647059
1.0	2.0	0.0	0.0010114759521513278	6.4411764705882355
1.0	2.0	0.0	0.0010114759521513278	6.4411764705882355
1.0	1.0	0.0	0.0005987321148466964	6.735294117647059
1.0	2.0	0.0	0.0010269540502776974	7.176470588235294
1.0	2.0	0.0	0.0010269540502776974	7.176470588235294
1.0	1.0	0.0	0.0006060457360492334	7.352941176470588
1.0	1.0	0.0	0.0006062406870157626	7.647058823529412
1.0	3.0	0.0	0.0015426266259990112	7.911764705882353
1.0	1.0	0.0	0.0006116100940987491	7.617647058823529
1.0	2.0	0.0	0.0011275848645979543	8.823529411764707
1.0	2.0	0.0	0.0011145081677535413	6.828571428571428
1.0	2.0	0.0	0.0010866830967346509	5.9714285714285715
1.0	2.0	0.0	0.0011026721852312874	6.6
1.0	2.0	0.0	0.0011034130614612282	6.885714285714286
1.0	1.0	0.0	0.000563173846779341	6.514285714285714
1.0	1.0	0.0	0.0006100595760604484	9.571428571428571
1.0	1.0	0.0	0.0006100595760604484	9.571428571428571
1.0	2.0	0.0	0.000969515771312759	4.714285714285714
1.0	3.0	0.0	0.0016632623893007006	8.6
1.0	3.0	0.0	0.0013924501493156017	4.314285714285714
1.0	2.0	0.0	0.0009588852448592766	4.742857142857143
1.0	2.0	0.0	0.0009599814321202162	4.942857142857143
1.0	3.0	0.0	0.0013791356079071641	4.228571428571429
1.0	3.0	0.0	0.0013942767177566573	4.828571428571428
1.0	3.0	0.0	0.0013787617832659652	4.542857142857143
1.0	3.0	0.0	0.0013753741787454227	4.285714285714286
1.0	3.0	0.0	0.0014598295560571	5.057142857142857
1.0	2.0	0.0	0.0009761369613523435	5.457142857142857
1.0	2.0	0.0	0.0009771485468366577	4.885714285714286
1.0	2.0	0.0	0.0009849834278977392	5.171428571428572
1.0	2.0	0.0	0.0009736233172274076	4.9714285714285715
1.0	3.0	0.0	0.001492009891447878	5.685714285714286
1.0	3.0	0.0	0.0014929103304052302	5.9714285714285715
1.0	3.0	0.0	0.0015103892807251532	5.542857142857143
1.0	3.0	0.0	0.0014575661009159737	5.685714285714286
1.0	2.0	0.0	0.0010024368579668527	5.628571428571429
1.0	3.0	0.0	0.0015162875575101987	5.914285714285715
1.0	2.0	0.0	0.0010085035797488067	6.371428571428571
1.0	2.0	0.0	0.0010085035797488067	6.371428571428571
1.0	1.0	0.0	0.0005987189507596875	6.942857142857143
1.0	2.0	0.0	0.0010204907686815249	7.057142857142857
1.0	2.0	0.0	0.0010204907686815249	7.057142857142857
1.0	3.0	0.0	0.0015309030338823612	7.742857142857143
1.0	1.0	0.0	0.000606041475397802	7.571428571428571
1.0	1.0	0.0	0.0006062218978971358	7.857142857142857
1.0	1.0	0.0	0.0006116056022280422	7.8
1.0	2.0	0.0	0.0011177719898458754	5.48
1.0	1.0	0.0	0.0005976073809724503	5.6
1.0	2.0	0.0	0.0010883553765525958	4.36
1.0	2.0	0.0	0.0011039674779873146	4.84
1.0	2.0	0.0	0.0011044636508428735	5.16
1.0	1.0	0.0	0.0005660061768966817	5.44
1.0	3.0	0.0	0.0014547676834943972	3.76
1.0	2.0	0.0	0.000966223071968483	3.76
1.0	3.0	0.0	0.0014071090036782649	3.44
1.0	3.0	0.0	0.0014007746722817845	3.48
1.0	3.0	0.0	0.0013854395439481294	3.16
1.0	3.0	0.0	0.0013884798518665647	3.16
1.0	2.0	0.0	0.001083770183086378	4.64
1.0	3.0	0.0	0.0014635694885298317	3.48
1.0	2.0	0.0	0.0009785191587709445	3.96
1.0	2.0	0.0	0.0009882594825694464	3.96
1.0	2.0	0.0	0.000979622335793565	3.72
1.0	3.0	0.0	0.0014941115650956734	3.96
1.0	3.0	0.0	0.0014955413556457565	4.28
1.0	3.0	0.0	0.0015200188687320938	4.48
1.0	2.0	0.0	0.001007090067973661	4.24
1.0	3.0	0.0	0.0015226275560326066	4.6
1.0	1.0	0.0	0.0005995855918756982	5.32
1.0	1.0	0.0	0.0006064996581989824	5.8
1.0	1.0	0.0	0.0006068415990406697	6.12
1.0	1.0	0.0	0.0006130430700097316	6.44
1.0	2.0	0.0	0.0011139894706097024	7.055555555555555
1.0	2.0	0.0	0.0010850961150945361	6.277777777777778
1.0	2.0	0.0	0.0011009459679945997	6.916666666666667
1.0	2.0	0.0	0.0011014719452961843	6.833333333333333
1.0	2.0	0.0	0.0010040457877490735	5.472222222222222
1.0	1.0	0.0	0.0005619759525030759	5.972222222222222
1.0	1.0	0.0	0.0005626364956921302	6.722222222222222
1.0	1.0	0.0	0.0006093463652406896	9.222222222222221
1.0	1.0	0.0	0.0006093463652406896	9.222222222222221
1.0	3.0	0.0	0.0016651115305691378	8.25
1.0	3.0	0.0	0.0013849385785845135	4.333333333333333
1.0	2.0	0.0	0.0009399092505528006	4.638888888888889
1.0	3.0	0.0	0.0013758741153341632	4.416666666666667
1.0	3.0	0.0	0.001380895633528802	4.75
1.0	3.0	0.0	0.0013728894819809516	4.833333333333333
1.0	3.0	0.0	0.0013713154635056498	4.527777777777778
1.0	2.0	0.0	0.0009776200855658162	4.638888888888889
1.0	3.0	0.0	0.001455974140414382	5.361111111111111
1.0	2.0	0.0	0.0009710502664986385	5.388888888888889
1.0	2.0	0.0	0.0009752764459574207	5.083333333333333
1.0	2.0	0.0	0.0009721573640792559	5.222222222222222
1.0	3.0	0.0	0.0014892857393343313	6.0
1.0	3.0	0.0	0.0014884240184261728	5.916666666666667
1.0	3.0	0.0	0.0015068923813243418	5.0
1.0	3.0	0.0	0.0015092036035249156	5.75
1.0	2.0	0.0	0.0010013331306814519	5.888888888888889
1.0	3.0	0.0	0.0015149632501621092	6.138888888888889
1.0	1.0	0.0	0.0005978061215273882	7.25
1.0	3.0	0.0	0.0014733930943029653	6.0
1.0	1.0	0.0	0.0006054586123371309	7.888888888888889
1.0	1.0	0.0	0.0006051697332998469	7.805555555555555
1.0	1.0	0.0	0.0006112907450598421	8.027777777777779
1.0	2.0	0.0	0.0010104477527094029	6.694444444444445
1.0	2.0	0.0	0.0010161131581473244	6.861111111111111
1.0	3.0	0.0	0.001528725517123207	7.388888888888889
1.0	2.0	0.0	0.0010316836746332321	7.555555555555555
1.0	2.0	0.0	0.0010326517562813072	8.25
