Constant_feature	Degree	Clustering_coefficient	Pagerank	Aver_path_len
1.0	2.0	0.0	0.03166058929295415	8.142857142857142
1.0	2.0	0.0	0.031172483444713444	6.25
1.0	1.0	0.0	0.017426478628032427	6.321428571428571
1.0	1.0	0.0	0.01744117684182865	6.642857142857143
1.0	2.0	0.0	0.03095529968509919	5.357142857142857
1.0	2.0	0.0	0.030994439309271572	5.678571428571429
1.0	2.0	0.0	0.030815785973931177	5.285714285714286
1.0	3.0	0.0	0.04504785170483372	5.035714285714286
1.0	3.0	0.0	0.04522610473933911	6.0
1.0	3.0	0.0	0.04659338271748854	5.357142857142857
1.0	3.0	0.0	0.04664352158051698	5.678571428571429
1.0	2.0	0.0	0.030424393550261636	5.0
1.0	3.0	0.0	0.04487470673508157	5.035714285714286
1.0	2.0	0.0	0.030750384345217617	6.607142857142857
1.0	2.0	0.0	0.03141564630757901	6.785714285714286
1.0	3.0	0.0	0.046470651089607164	7.392857142857143
1.0	3.0	0.0	0.045286280005962125	5.785714285714286
1.0	2.0	0.0	0.030815785973931177	5.285714285714286
1.0	3.0	0.0	0.04578034327960874	7.285714285714286
1.0	2.0	0.0	0.030902282095907917	5.535714285714286
1.0	2.0	0.0	0.030902282095907917	5.535714285714286
1.0	2.0	0.0	0.03209216228821556	8.214285714285714
1.0	2.0	0.0	0.03209216228821556	8.214285714285714
1.0	2.0	0.0	0.03166058929295415	8.142857142857142
1.0	2.0	0.0	0.03267629944565634	9.035714285714286
1.0	2.0	0.0	0.03267629944565634	9.035714285714286
1.0	2.0	0.0	0.032855255043368066	9.857142857142858
1.0	2.0	0.0	0.03217368139943002	9.0
1.0	2.0	0.0	0.03217368139943002	9.0
