Constant_feature	Degree	Clustering_coefficient	Pagerank	Aver_path_len
1.0	2.0	1.0	0.029153444829510156	3.6296296296296298
1.0	1.0	0.0	0.017272999382691216	4.148148148148148
1.0	1.0	0.0	0.01743822626056879	4.407407407407407
1.0	1.0	0.0	0.017351053766115912	4.296296296296297
1.0	1.0	0.0	0.017153246510784093	4.37037037037037
1.0	1.0	0.0	0.017156140788655724	4.62962962962963
1.0	2.0	1.0	0.03203102472764441	5.555555555555555
1.0	1.0	0.0	0.017774450311831384	4.888888888888889
1.0	1.0	0.0	0.017915264083885492	5.481481481481482
1.0	4.0	0.16666666666666666	0.056780103511301416	3.037037037037037
1.0	4.0	0.16666666666666666	0.05691777198581561	3.2962962962962963
1.0	3.0	0.0	0.045672816688648005	3.185185185185185
1.0	3.0	0.0	0.04622168154275574	3.4444444444444446
1.0	4.0	0.0	0.0612416200353341	3.3333333333333335
1.0	3.0	0.0	0.04716736242521927	3.5925925925925926
1.0	3.0	0.0	0.04527430611515926	3.4074074074074074
1.0	3.0	0.0	0.0452808092595581	3.6666666666666665
1.0	3.0	0.0	0.04496018650061038	3.7777777777777777
1.0	3.0	0.0	0.047343997543406346	3.925925925925926
1.0	3.0	0.0	0.0448791034966259	4.037037037037037
1.0	1.0	0.0	0.01772134530679492	4.555555555555555
1.0	3.0	0.3333333333333333	0.04665223159508506	4.666666666666667
1.0	3.0	0.3333333333333333	0.04821289581902759	5.518518518518518
1.0	3.0	0.0	0.04781529380695592	4.518518518518518
1.0	2.0	0.0	0.03163012502945932	4.851851851851852
1.0	2.0	0.0	0.03251085606454688	5.333333333333333
1.0	2.0	0.0	0.03243637030962052	5.592592592592593
1.0	1.0	0.0	0.018035272302388206	6.481481481481482
