Constant_feature	Degree	Clustering_coefficient	Pagerank	Aver_path_len
1.0	1.0	0.0	0.022781997814352174	5.739130434782608
1.0	3.0	0.0	0.05188042759762317	3.8260869565217392
1.0	2.0	0.0	0.034647143390320226	4.043478260869565
1.0	3.0	0.0	0.06583087156830728	5.565217391304348
1.0	3.0	0.0	0.05090259148506055	3.3043478260869565
1.0	2.0	0.0	0.035835975270433806	3.4782608695652173
1.0	3.0	0.0	0.054658604514466996	3.652173913043478
1.0	3.0	0.0	0.050155773949262794	3.4782608695652173
1.0	2.0	0.0	0.036466221947963985	4.0
1.0	2.0	0.0	0.03562663594224788	4.217391304347826
1.0	3.0	0.0	0.05042137100943807	3.869565217391304
1.0	3.0	0.0	0.05578788592656421	4.173913043478261
1.0	2.0	0.0	0.03532560951028123	4.391304347826087
1.0	2.0	0.0	0.039180150665378305	4.173913043478261
1.0	3.0	0.0	0.051040193083765124	4.3478260869565215
1.0	3.0	0.0	0.05144665861523005	4.434782608695652
1.0	1.0	0.0	0.020902498260691134	5.130434782608695
1.0	3.0	0.0	0.062048548900672865	4.782608695652174
1.0	2.0	0.0	0.03625080453587818	5.130434782608695
1.0	2.0	0.0	0.03639266347683147	5.217391304347826
1.0	2.0	0.0	0.03727160673670811	5.913043478260869
1.0	2.0	0.0	0.03731552386466298	6.0
1.0	1.0	0.0	0.023915120966929618	6.521739130434782
1.0	1.0	0.0	0.023915120966929618	6.521739130434782
