Constant_feature	Degree	Clustering_coefficient	Pagerank	Aver_path_len
1.0	2.0	0.0	0.022064488376459346	5.225
1.0	1.0	0.0	0.012244564863911088	7.65
1.0	1.0	0.0	0.012295341328579852	6.85
1.0	1.0	0.0	0.012423854805789197	7.475
1.0	1.0	0.0	0.012019730670308603	7.95
1.0	2.0	0.0	0.02130358875061926	8.05
1.0	2.0	0.0	0.021354341243334053	8.65
1.0	1.0	0.0	0.01186026506971662	8.0
1.0	2.0	0.0	0.022728525414136308	7.75
1.0	2.0	0.0	0.022848608392778635	6.55
1.0	1.0	0.0	0.012852774610809935	9.4
1.0	1.0	0.0	0.012720623393689678	8.725
1.0	1.0	0.0	0.012865250811126175	10.125
1.0	1.0	0.0	0.012870733415396875	6.5
1.0	1.0	0.0	0.013750166404834726	10.325
1.0	2.0	0.0	0.021261259813228982	6.55
1.0	3.0	0.0	0.029975963708317337	5.325
1.0	3.0	0.0	0.03080467091539638	5.95
1.0	3.0	0.0	0.031216608197068993	5.15
1.0	3.0	0.0	0.03268563857260506	6.675
1.0	3.0	0.0	0.03285511100630865	5.875
1.0	3.0	0.0	0.033282171879449624	6.5
1.0	3.0	0.0	0.029766982878176258	5.75
1.0	3.0	0.0	0.030371146988533475	6.35
1.0	3.0	0.0	0.031935478409060546	6.975
1.0	2.0	0.0	0.02049797806051931	6.475
1.0	3.0	0.0	0.03140405483752807	7.025
1.0	2.0	0.0	0.022799365896729342	5.35
1.0	3.0	0.0	0.030429189928368638	7.15
1.0	3.0	0.0	0.030598496889016866	7.75
1.0	3.0	0.0	0.034774446309803406	5.525
1.0	3.0	0.0	0.03471514773743259	8.425
1.0	3.0	0.0	0.03426932155118813	7.75
1.0	3.0	0.0	0.03475142714562535	9.15
1.0	3.0	0.0	0.033231919412865726	7.025
1.0	3.0	0.0	0.03440502871089231	8.425
1.0	2.0	0.0	0.023311534251232446	5.8
1.0	3.0	0.0	0.0348051928307713	6.125
1.0	2.0	0.0	0.021635076372669627	8.8
1.0	2.0	0.0	0.025134104919641364	9.35
1.0	1.0	0.0	0.012879825226079472	7.1
