Constant_feature	Degree	Clustering_coefficient	Pagerank	Aver_path_len
1.0	1.0	0.0	0.03912457353282435	5.285714285714286
1.0	1.0	0.0	0.03704302217654054	4.428571428571429
1.0	1.0	0.0	0.03912457353282435	5.285714285714286
1.0	1.0	0.0	0.03704302217654054	4.428571428571429
1.0	2.0	0.0	0.06417583488987996	2.857142857142857
1.0	2.0	0.0	0.0666489419768719	3.2142857142857144
1.0	3.0	0.0	0.09172673308362747	2.642857142857143
1.0	2.0	0.0	0.06911615818016936	3.7142857142857144
1.0	3.0	0.0	0.09303518889057641	2.857142857142857
1.0	2.0	0.0	0.06282016658967376	3.2857142857142856
1.0	2.0	0.0	0.0632778187869472	3.5
1.0	2.0	0.0	0.0636363375273262	3.9285714285714284
1.0	2.0	0.0	0.06377716615197304	4.142857142857143
1.0	3.0	0.0	0.1081944943365433	4.357142857142857
1.0	3.0	0.0	0.10125596816768173	3.5
