Constant_feature	Degree	Clustering_coefficient	Pagerank	Aver_path_len
1.0	2.0	0.0	0.05673021007762827	4.176470588235294
1.0	2.0	0.0	0.052380762162836034	3.3529411764705883
1.0	2.0	0.0	0.05315660223306136	5.823529411764706
1.0	2.0	0.0	0.052502556678288216	3.4705882352941178
1.0	3.0	0.0	0.07558145662369249	3.7058823529411766
1.0	3.0	0.0	0.07588041997538607	4.0588235294117645
1.0	3.0	0.0	0.07733062537122021	3.3529411764705883
1.0	2.0	0.0	0.052030887416128054	4.411764705882353
1.0	2.0	0.0	0.052030887416128054	4.411764705882353
1.0	2.0	0.0	0.05216695066617352	4.764705882352941
1.0	2.0	0.0	0.05216695066617352	4.764705882352941
1.0	2.0	0.0	0.05299180730828581	5.470588235294118
1.0	2.0	0.0	0.05299180730828581	5.470588235294118
1.0	2.0	0.0	0.05324923825300464	6.176470588235294
1.0	2.0	0.0	0.05194636520831385	3.7058823529411766
1.0	2.0	0.0	0.05288903317108878	5.117647058823529
1.0	2.0	0.0	0.05288903317108878	5.117647058823529
1.0	1.0	0.0	0.031084406293216314	5.117647058823529
