Constant_feature	Degree	Clustering_coefficient	Pagerank	Aver_path_len
1.0	1.0	0.0	0.02258876814434513	5.3478260869565215
1.0	1.0	0.0	0.02258876814434513	5.3478260869565215
1.0	2.0	0.0	0.038107168647078735	3.347826086956522
1.0	3.0	0.0	0.06676561046333385	5.3478260869565215
1.0	2.0	0.0	0.03569075703090041	3.9565217391304346
1.0	3.0	0.0	0.061408183059884075	4.391304347826087
1.0	3.0	0.0	0.06042467710329716	3.869565217391304
1.0	2.0	0.0	0.042324819791866614	4.565217391304348
1.0	3.0	0.0	0.05270727721920644	2.9130434782608696
1.0	3.0	0.0	0.05232227035860528	3.0869565217391304
1.0	3.0	0.0	0.05232312488107398	3.347826086956522
1.0	1.0	0.0	0.022294574290425893	4.826086956521739
1.0	3.0	0.0	0.05253867890652064	3.5217391304347827
1.0	3.0	0.0	0.052539103522389295	3.782608695652174
1.0	3.0	0.0	0.05526889692720198	3.608695652173913
1.0	2.0	0.0	0.0368474742068752	4.130434782608695
1.0	2.0	0.0	0.036923590634435975	4.304347826086956
1.0	1.0	0.0	0.02419691216810739	6.304347826086956
1.0	1.0	0.0	0.02419691216810739	6.304347826086956
1.0	2.0	0.0	0.03692402226437149	4.565217391304348
1.0	2.0	0.0	0.037742646009966685	4.391304347826087
1.0	2.0	0.0	0.037765745699899184	4.826086956521739
1.0	2.0	0.0	0.03774365935341353	4.913043478260869
1.0	2.0	0.0	0.0377663590043483	5.3478260869565215
