Constant_feature	Degree	Clustering_coefficient	Pagerank	Aver_path_len
1.0	1.0	0.0	0.0246549667206924	5.095238095238095
1.0	1.0	0.0	0.0246549667206924	5.095238095238095
1.0	2.0	0.0	0.04201165526489147	3.380952380952381
1.0	2.0	0.0	0.03898136707602186	3.6666666666666665
1.0	3.0	0.0	0.06703389637017666	4.142857142857143
1.0	1.0	0.0	0.027179155701824855	6.619047619047619
1.0	3.0	0.0	0.057775873247435855	2.8095238095238093
1.0	3.0	0.0	0.05720350697231096	2.9047619047619047
1.0	3.0	0.0	0.057212685493175014	3.1904761904761907
1.0	2.0	0.0	0.04474306564132416	4.0476190476190474
1.0	3.0	0.0	0.057389994664378524	3.2857142857142856
1.0	3.0	0.0	0.05739535135951918	3.5714285714285716
1.0	2.0	0.0	0.047312703631561814	4.809523809523809
1.0	3.0	0.0	0.060358840855806076	3.380952380952381
1.0	2.0	0.0	0.040257732089102584	3.9523809523809526
1.0	2.0	0.0	0.040317033869191	4.0476190476190474
1.0	2.0	0.0	0.05029992756250136	5.666666666666667
1.0	2.0	0.0	0.04032140450880643	4.333333333333333
1.0	2.0	0.0	0.04120790007255068	4.142857142857143
1.0	2.0	0.0	0.04123077792683804	4.523809523809524
1.0	2.0	0.0	0.04121869103948908	4.714285714285714
1.0	2.0	0.0	0.041238503211709285	5.095238095238095
