Constant_feature	Degree	Clustering_coefficient	Pagerank	Aver_path_len
1.0	1.0	0.0	0.02301903015682719	7.7727272727272725
1.0	1.0	0.0	0.02301903015682719	7.7727272727272725
1.0	2.0	0.0	0.04106942920144245	5.2272727272727275
1.0	2.0	0.0	0.04106942920144245	5.2272727272727275
1.0	2.0	0.0	0.04091478311102097	6.2272727272727275
1.0	2.0	0.0	0.04091478311102097	6.2272727272727275
1.0	2.0	0.0	0.04169023422669786	7.5
1.0	2.0	0.0	0.04169023422669786	7.5
1.0	1.0	0.0	0.02301903015682719	7.7727272727272725
1.0	1.0	0.0	0.02301903015682719	7.7727272727272725
1.0	2.0	0.0	0.04235913739772841	4.818181818181818
1.0	2.0	0.0	0.04223569527427817	4.863636363636363
1.0	2.0	0.0	0.04223569527427817	4.863636363636363
1.0	2.0	0.0	0.04183431752648828	5.0
1.0	2.0	0.0	0.04183431752648828	5.0
1.0	3.0	0.0	0.05965115166916059	5.545454545454546
1.0	3.0	0.0	0.05965115166916059	5.545454545454546
1.0	2.0	0.0	0.04091478311102098	6.2272727272727275
1.0	2.0	0.0	0.04091478311102098	6.2272727272727275
1.0	3.0	0.0	0.062235988433686044	6.818181818181818
1.0	3.0	0.0	0.062235988433686044	6.818181818181818
1.0	3.0	0.0	0.06223598843368604	6.818181818181818
1.0	3.0	0.0	0.06223598843368604	6.818181818181818
