Constant_feature	Degree	Clustering_coefficient	Pagerank	Aver_path_len
1.0	4.0	0.0	0.07641392219914042	3.3043478260869565
1.0	4.0	0.0	0.07641392219914042	3.3043478260869565
1.0	2.0	0.0	0.039203332518182935	4.043478260869565
1.0	2.0	0.0	0.039203332518182935	4.043478260869565
1.0	1.0	0.0	0.021360322409582144	4.260869565217392
1.0	1.0	0.0	0.021360322409582144	4.260869565217392
1.0	1.0	0.0	0.021360322409582144	4.260869565217392
1.0	1.0	0.0	0.021360322409582144	4.260869565217392
1.0	3.0	0.0	0.051030720141561924	2.652173913043478
1.0	3.0	0.0	0.05386360360740718	2.739130434782609
1.0	3.0	0.0	0.05117690505815936	3.0434782608695654
1.0	3.0	0.0	0.05117690505815936	3.0434782608695654
1.0	3.0	0.0	0.05122778011356461	3.4347826086956523
1.0	3.0	0.0	0.05122778011356461	3.4347826086956523
1.0	2.0	0.0	0.036292833917487013	3.8260869565217392
1.0	2.0	0.0	0.036292833917487013	3.8260869565217392
1.0	2.0	0.0	0.03631145950838731	4.217391304347826
1.0	2.0	0.0	0.03631145950838731	4.217391304347826
1.0	2.0	0.0	0.039650851275475685	4.695652173913044
1.0	2.0	0.0	0.039650851275475685	4.695652173913044
1.0	2.0	0.0	0.03727511635641194	4.608695652173913
1.0	2.0	0.0	0.03727511635641194	4.608695652173913
1.0	2.0	0.0	0.037279992359541866	5.0
1.0	2.0	0.0	0.037279992359541866	5.0
