Constant_feature	Degree	Clustering_coefficient	Pagerank	Aver_path_len
1.0	1.0	0.0	0.012645954222521422	5.333333333333333
1.0	1.0	0.0	0.012327266976035315	5.0256410256410255
1.0	1.0	0.0	0.013589165209310729	6.333333333333333
1.0	2.0	0.0	0.02317703769366012	4.923076923076923
1.0	1.0	0.0	0.013724915623607094	6.948717948717949
1.0	1.0	0.0	0.012936562976477127	6.410256410256411
1.0	1.0	0.0	0.013836034819981455	8.512820512820513
1.0	1.0	0.0	0.013058788644087056	7.846153846153846
1.0	2.0	0.0	0.023728671744581167	5.205128205128205
1.0	2.0	0.0	0.022093743223528018	4.666666666666667
1.0	1.0	0.0	0.012547306002607613	5.461538461538462
1.0	3.0	0.0	0.03961963150732036	6.846153846153846
1.0	4.0	0.0	0.04445998076056373	4.487179487179487
1.0	4.0	0.0	0.04509425450510953	4.358974358974359
1.0	4.0	0.0	0.04367574366252855	4.051282051282051
1.0	3.0	0.0	0.03349147149788464	4.487179487179487
1.0	3.0	0.0	0.03231667386923011	4.153846153846154
1.0	3.0	0.0	0.03696483671207243	5.358974358974359
1.0	1.0	0.0	0.012645954222521422	5.333333333333333
1.0	2.0	0.0	0.02275752034506728	4.461538461538462
1.0	1.0	0.0	0.013589165209310729	6.333333333333333
1.0	3.0	0.0	0.03741497471500017	5.9743589743589745
1.0	3.0	0.0	0.03299526364326795	5.230769230769231
1.0	2.0	0.0	0.02278099900389896	5.948717948717949
1.0	2.0	0.0	0.022893577011134716	6.102564102564102
1.0	3.0	0.0	0.03479105541137205	5.435897435897436
1.0	1.0	0.0	0.01438542468095795	7.82051282051282
1.0	1.0	0.0	0.01438542468095795	7.82051282051282
1.0	3.0	0.0	0.034606743133873165	6.666666666666667
1.0	2.0	0.0	0.023321378192799072	6.82051282051282
1.0	3.0	0.0	0.03405414026465124	6.051282051282051
1.0	2.0	0.0	0.023377092140896238	7.538461538461538
1.0	3.0	0.0	0.03778764516784475	7.538461538461538
1.0	3.0	0.0	0.035199137222771834	6.871794871794871
1.0	3.0	0.0	0.035199137222771834	6.871794871794871
1.0	1.0	0.0	0.013836034819981455	8.512820512820513
1.0	2.0	0.0	0.023838120645589152	7.743589743589744
1.0	1.0	0.0	0.013058788644087056	7.846153846153846
1.0	2.0	0.0	0.023838120645589152	7.743589743589744
1.0	2.0	0.0	0.023956263324549264	8.564102564102564
