Constant_feature	Degree	Clustering_coefficient	Pagerank	Aver_path_len
1.0	2.0	0.0	0.0564327633598964	3.0625
1.0	1.0	0.0	0.034833059073318795	5.5
1.0	3.0	0.0	0.07816184677533333	2.5
1.0	3.0	0.0	0.07813914174724405	2.8125
1.0	3.0	0.0	0.07813914174724405	2.8125
1.0	2.0	0.0	0.06022822526924009	3.75
1.0	2.0	0.0	0.05423277646025508	3.5
1.0	2.0	0.0	0.05423277646025508	3.5
1.0	2.0	0.0	0.05423277646025508	3.5
1.0	2.0	0.0	0.05423277646025508	3.5
1.0	2.0	0.0	0.06433396040553731	4.5625
1.0	2.0	0.0	0.05535075277474231	4.1875
1.0	2.0	0.0	0.05535075277474231	4.1875
1.0	2.0	0.0	0.05535075277474231	4.1875
1.0	2.0	0.0	0.05535075277474231	4.1875
1.0	2.0	0.0	0.05569887234109812	4.875
1.0	2.0	0.0	0.05569887234109812	4.875
