Constant_feature	Degree	Clustering_coefficient	Pagerank	Aver_path_len
1.0	2.0	0.0	0.030517121342248904	4.222222222222222
1.0	1.0	0.0	0.018216056519165764	5.962962962962963
1.0	2.0	0.0	0.03030152939398778	4.0
1.0	3.0	0.0	0.04478744250088604	3.740740740740741
1.0	2.0	0.0	0.030252596371325265	3.7037037037037037
1.0	3.0	0.0	0.04415200965250269	3.5185185185185186
1.0	3.0	0.0	0.04622728341623852	4.2592592592592595
1.0	3.0	0.0	0.044435690489150845	3.814814814814815
1.0	3.0	0.0	0.04503409795068658	4.333333333333333
1.0	3.0	0.0	0.044948390316342714	4.222222222222222
1.0	2.0	0.0	0.030468195759514132	4.333333333333333
1.0	3.0	0.0	0.04521910470231013	4.851851851851852
1.0	2.0	0.0	0.030907734357730258	4.481481481481482
1.0	3.0	0.0	0.04547745224545896	5.518518518518518
1.0	3.0	0.0	0.04881818182382959	5.0
1.0	2.0	0.0	0.03239175991295486	5.074074074074074
1.0	2.0	0.0	0.03112281592626184	5.0
1.0	2.0	0.0	0.03165473925532421	5.148148148148148
1.0	2.0	0.0	0.031625571402208535	5.037037037037037
1.0	2.0	0.0	0.0317649736660207	5.666666666666667
1.0	2.0	0.0	0.03329260391995806	5.814814814814815
1.0	2.0	0.0	0.03322346275144797	5.888888888888889
1.0	2.0	0.0	0.03185455069465628	6.333333333333333
1.0	2.0	0.0	0.03238579816445762	5.962962962962963
1.0	2.0	0.0	0.032376098995216325	5.851851851851852
1.0	2.0	0.0	0.03350539665028894	6.62962962962963
1.0	2.0	0.0	0.03250555554095662	6.481481481481482
1.0	2.0	0.0	0.032533786278869575	7.148148148148148
