Constant_feature	Degree	Clustering_coefficient	Pagerank	Aver_path_len
1.0	1.0	0.0	0.018186248923050003	4.769230769230769
1.0	1.0	0.0	0.018812655221901675	4.961538461538462
1.0	1.0	0.0	0.019553631219131555	7.653846153846154
1.0	3.0	0.0	0.046887812546925485	3.3846153846153846
1.0	2.0	0.0	0.031689173620164324	4.076923076923077
1.0	2.0	0.0	0.03287932302255353	3.6538461538461537
1.0	3.0	0.0	0.046355197117885126	3.576923076923077
1.0	3.0	0.0	0.04712523627040967	4.3076923076923075
1.0	3.0	0.0	0.04693142795195407	4.5
1.0	3.0	0.0	0.04827610236764654	3.8076923076923075
1.0	3.0	0.0	0.04774734012826186	4.153846153846154
1.0	2.0	0.0	0.03302232126686128	5.115384615384615
1.0	2.0	0.0	0.032953962750065825	5.3076923076923075
1.0	2.0	0.0	0.033486452063409576	4.961538461538462
1.0	2.0	0.0	0.033486452063409576	4.961538461538462
1.0	3.0	0.0	0.05036146300981122	4.0
1.0	2.0	0.0	0.033734584589265426	5.923076923076923
1.0	2.0	0.0	0.033714013694317126	6.115384615384615
1.0	3.0	0.0	0.04977400067891466	4.5
1.0	2.0	0.0	0.034351301677352446	5.769230769230769
1.0	2.0	0.0	0.034351301677352446	5.769230769230769
1.0	2.0	0.0	0.03462031622958272	6.576923076923077
1.0	2.0	0.0	0.034400098148601704	5.230769230769231
1.0	2.0	0.0	0.034400098148601704	5.230769230769231
1.0	2.0	0.0	0.03503430394763805	5.961538461538462
1.0	2.0	0.0	0.03503430394763805	5.961538461538462
1.0	3.0	0.0	0.052830877717294174	6.6923076923076925
