Constant_feature	Degree	Clustering_coefficient	Pagerank	Aver_path_len
1.0	1.0	0.0	0.032679164936730495	4.466666666666667
1.0	2.0	0.0	0.058258427840103655	4.4
1.0	1.0	0.0	0.032491415938560475	3.8
1.0	3.0	0.0	0.0853240251359862	3.0
1.0	3.0	0.0	0.08746982335611783	2.8666666666666667
1.0	3.0	0.0	0.08809525217799564	3.533333333333333
1.0	2.0	0.0	0.05867302783778018	3.6666666666666665
1.0	3.0	0.0	0.08481742655825046	3.6666666666666665
1.0	2.0	0.0	0.05862607729921674	3.0
1.0	2.0	0.0	0.05807644568398427	3.2666666666666666
1.0	2.0	0.0	0.059641214702050485	4.2
1.0	2.0	0.0	0.05961549402601522	4.333333333333333
1.0	2.0	0.0	0.05991431435675736	4.866666666666666
1.0	2.0	0.0	0.058258427840103655	4.4
1.0	2.0	0.0	0.05902973115517362	5.133333333333334
1.0	2.0	0.0	0.05902973115517361	5.133333333333334
