Constant_feature	Degree	Clustering_coefficient	Pagerank	Aver_path_len
1.0	2.0	0.0	0.05036789666741642	3.235294117647059
1.0	1.0	0.0	0.028046012993919494	3.823529411764706
1.0	2.0	0.0	0.05131678685651201	4.470588235294118
1.0	2.0	0.0	0.05131678685651201	4.470588235294118
1.0	3.0	0.0	0.07093797195173356	3.0
1.0	2.0	0.0	0.05208736805912455	5.235294117647059
1.0	3.0	0.0	0.07168512061947466	2.764705882352941
1.0	3.0	0.0	0.07168458646557209	3.4705882352941178
1.0	2.0	0.0	0.052087368059124554	5.235294117647059
1.0	3.0	0.0	0.07440577653394631	3.7058823529411766
1.0	2.0	0.0	0.049717921955441974	3.7058823529411766
1.0	2.0	0.0	0.04968154111605617	3.4705882352941178
1.0	2.0	0.0	0.04968130551970196	4.176470588235294
1.0	2.0	0.0	0.049976522993530406	4.176470588235294
1.0	3.0	0.0	0.07496694992494894	2.8823529411764706
1.0	2.0	0.0	0.05026987329979488	3.9411764705882355
1.0	2.0	0.0	0.050844210747785806	4.411764705882353
1.0	2.0	0.0	0.050925999379404	4.882352941176471
