Constant_feature	Degree	Clustering_coefficient	Pagerank	Aver_path_len
1.0	2.0	0.0	0.061797587378515415	4.266666666666667
1.0	2.0	0.0	0.061797587378515415	4.266666666666667
1.0	1.0	0.0	0.03178472524275142	4.533333333333333
1.0	1.0	0.0	0.03178472524275142	4.533333333333333
1.0	3.0	0.3333333333333333	0.07175229188094835	3.066666666666667
1.0	3.0	0.3333333333333333	0.07175229188094835	3.066666666666667
1.0	3.0	0.3333333333333333	0.07175229188094835	3.066666666666667
1.0	3.0	0.3333333333333333	0.07175229188094835	3.066666666666667
1.0	3.0	0.3333333333333333	0.07483602139909323	3.2
1.0	3.0	0.3333333333333333	0.07483602139909323	3.2
1.0	3.0	0.0	0.08511729108161913	3.6
1.0	3.0	0.0	0.08511729108161913	3.6
1.0	2.0	0.0	0.06669692900036009	5.066666666666666
1.0	2.0	0.0	0.06669692900036009	5.066666666666666
1.0	1.0	0.0	0.03626286213576399	6.0
1.0	1.0	0.0	0.03626286213576399	6.0
