Constant_feature	Degree	Clustering_coefficient	Pagerank	Aver_path_len
1.0	1.0	0.0	0.024034884445875194	6.714285714285714
1.0	1.0	0.0	0.023328237375723992	4.238095238095238
1.0	2.0	0.0	0.04651170146213411	5.0
1.0	2.0	0.0	0.046654549459706485	5.571428571428571
1.0	1.0	0.0	0.025246618059559786	5.190476190476191
1.0	3.0	0.0	0.06111052075741076	3.380952380952381
1.0	3.0	0.0	0.062450787889433576	3.380952380952381
1.0	3.0	0.0	0.06260917422733459	3.2857142857142856
1.0	2.0	0.0	0.04191651150130854	3.761904761904762
1.0	3.0	0.0	0.0614059918597758	3.761904761904762
1.0	3.0	0.0	0.06346204224527358	4.142857142857143
1.0	2.0	0.0	0.04204251489088644	3.9523809523809526
1.0	3.0	0.0	0.06374180112836879	4.714285714285714
1.0	2.0	0.0	0.04258796119349169	4.333333333333333
1.0	2.0	0.0	0.04236012631299528	4.428571428571429
1.0	2.0	0.0	0.04236012631299528	4.428571428571429
1.0	2.0	0.0	0.04309743465665118	5.095238095238095
1.0	2.0	0.0	0.04309743465665118	5.095238095238095
1.0	2.0	0.0	0.04600306478430834	4.238095238095238
1.0	3.0	0.0	0.06496281060034129	5.761904761904762
1.0	1.0	0.0	0.02547621979306818	5.9523809523809526
1.0	1.0	0.0	0.025539486386705723	6.523809523809524
