Constant_feature	Degree	Clustering_coefficient	Pagerank	Aver_path_len
1.0	1.0	0.0	0.01392569363830724	5.8
1.0	1.0	0.0	0.014678878631243165	5.742857142857143
1.0	1.0	0.0	0.014371955119200076	5.571428571428571
1.0	2.0	0.0	0.03008615130772317	6.485714285714286
1.0	1.0	0.0	0.015401290322981586	6.542857142857143
1.0	1.0	0.0	0.015245186393573673	8.942857142857143
1.0	1.0	0.0	0.015245186393573673	8.942857142857143
1.0	1.0	0.0	0.015350905467454745	8.085714285714285
1.0	2.0	0.0	0.02463607633540718	5.285714285714286
1.0	2.0	0.0	0.02420590463333233	4.771428571428571
1.0	2.0	0.0	0.025596400094587187	5.057142857142857
1.0	2.0	0.0	0.028058505564592124	5.171428571428572
1.0	3.0	0.0	0.04155790315967384	7.9714285714285715
1.0	1.0	0.0	0.015403650015498704	6.142857142857143
1.0	1.0	0.0	0.015350905467454745	8.085714285714285
1.0	3.0	0.0	0.036858731310908825	4.085714285714285
1.0	3.0	0.0	0.03587545903528479	4.314285714285714
1.0	3.0	0.0	0.035701659571008085	5.742857142857143
1.0	3.0	0.0	0.03555045189100682	5.228571428571429
1.0	3.0	0.0	0.03805511033260531	4.257142857142857
1.0	3.0	0.0	0.037160327205069885	4.828571428571428
1.0	3.0	0.0	0.03966923533978667	4.771428571428571
1.0	2.0	0.0	0.024827019303662497	6.428571428571429
1.0	2.0	0.0	0.024822012682513155	5.914285714285715
1.0	3.0	0.0	0.03864913453298656	4.6
1.0	3.0	0.0	0.03779640340907427	7.114285714285714
1.0	2.0	0.0	0.02528644560139841	6.6
1.0	3.0	0.0	0.03741734996552237	5.571428571428571
1.0	3.0	0.0	0.04207945756026592	5.571428571428571
1.0	3.0	0.0	0.038337706954420105	6.257142857142857
1.0	2.0	0.0	0.025816915392397298	6.428571428571429
1.0	2.0	0.0	0.026140395924474893	7.114285714285714
1.0	2.0	0.0	0.026256674242108265	7.285714285714286
1.0	2.0	0.0	0.026354826928588433	7.9714285714285715
1.0	3.0	0.0	0.04191322025043424	7.114285714285714
1.0	1.0	0.0	0.01631687002187963	7.457142857142857
