Constant_feature	Degree	Clustering_coefficient	Pagerank	Aver_path_len
1.0	1.0	0.0	0.026728883280369577	3.7058823529411766
1.0	3.0	0.0	0.06741542125680035	2.4705882352941178
1.0	2.0	0.0	0.04636297487330513	2.9411764705882355
1.0	3.0	0.0	0.06851074607498109	2.6470588235294117
1.0	3.0	0.0	0.06711225572811563	2.588235294117647
1.0	3.0	0.0	0.06822992115753845	2.823529411764706
1.0	3.0	0.0	0.06913893433277836	3.0
1.0	3.0	0.0	0.06891067095686826	3.0
1.0	3.0	0.0	0.0705784900920611	2.764705882352941
1.0	3.0	0.0	0.07352028939974171	3.235294117647059
1.0	2.0	0.0	0.04844119392999635	3.5294117647058822
1.0	2.0	0.0	0.048755253165527236	3.7058823529411766
1.0	2.0	0.0	0.04875877778777876	3.7058823529411766
1.0	2.0	0.0	0.05013829432491412	3.9411764705882355
1.0	1.0	0.0	0.02761225667434208	4.176470588235294
1.0	2.0	0.0	0.0500564035869	4.294117647058823
1.0	2.0	0.0	0.049815617493972245	4.235294117647059
1.0	2.0	0.0	0.04991361588400918	4.411764705882353
