Constant_feature	Degree	Clustering_coefficient	Pagerank	Aver_path_len
1.0	2.0	0.0	0.06044884058727884	5.0
1.0	1.0	0.0	0.03111942671817306	6.125
1.0	3.0	0.0	0.07927450686825069	3.3125
1.0	3.0	0.0	0.07960009821297534	3.5
1.0	2.0	0.0	0.05399150850829759	3.25
1.0	2.0	0.0	0.05445566344687709	3.75
1.0	2.0	0.0	0.05405770456798626	3.3125
1.0	2.0	0.0	0.05464922526946748	4.0
1.0	3.0	0.0	0.08263383805561408	4.1875
1.0	2.0	0.0	0.05487829373673951	4.0625
1.0	2.0	0.0	0.05487829373673951	4.0625
1.0	2.0	0.0	0.055519358222438094	4.4375
1.0	2.0	0.0	0.05565701573886302	4.875
1.0	2.0	0.0	0.05581510157958821	4.625
1.0	2.0	0.0	0.05581510157958821	4.625
1.0	3.0	0.0	0.0841220886345866	5.1875
1.0	1.0	0.0	0.03308393453653629	5.9375
