Constant_feature	Degree	Clustering_coefficient	Pagerank	Aver_path_len
1.0	2.0	0.0	0.037160622490652995	4.304347826086956
1.0	1.0	0.0	0.02159037786907425	5.782608695652174
1.0	1.0	0.0	0.021049785957672644	5.173913043478261
1.0	2.0	0.0	0.042629076233711906	6.304347826086956
1.0	1.0	0.0	0.021270747936728326	5.043478260869565
1.0	3.0	0.0	0.05389404706927143	3.4782608695652173
1.0	2.0	0.0	0.03743873000533306	3.739130434782609
1.0	2.0	0.0	0.03971281355954276	6.956521739130435
1.0	3.0	0.0	0.05332079482335278	3.5217391304347827
1.0	3.0	0.0	0.05421530271708397	3.782608695652174
1.0	2.0	0.0	0.03777187608948897	4.6521739130434785
1.0	3.0	0.0	0.0562767559416085	4.217391304347826
1.0	2.0	0.0	0.037854433825339304	4.304347826086956
1.0	2.0	0.0	0.03781405107471153	4.391304347826087
1.0	3.0	0.0	0.05808139632201866	4.826086956521739
1.0	2.0	0.0	0.03863115567221296	4.913043478260869
1.0	3.0	0.0	0.058156014798277214	5.434782608695652
1.0	3.0	0.0	0.05701461928153699	4.086956521739131
1.0	3.0	0.0	0.05618648414931465	4.608695652173913
1.0	2.0	0.0	0.03879601413770148	5.391304347826087
1.0	2.0	0.0	0.03879601413770148	5.391304347826087
1.0	2.0	0.0	0.03949495538178706	6.173913043478261
1.0	2.0	0.0	0.03949495538178706	6.173913043478261
1.0	1.0	0.0	0.023348975144089814	7.260869565217392
