Constant_feature	Degree	Clustering_coefficient	Pagerank	Aver_path_len
1.0	1.0	0.0	0.012999109986629565	8.76923076923077
1.0	1.0	0.0	0.012999109986629565	8.76923076923077
1.0	2.0	0.0	0.022859992692798353	11.282051282051283
1.0	2.0	0.0	0.022859992692798353	11.282051282051283
1.0	2.0	0.0	0.022859992692798353	11.282051282051283
1.0	2.0	0.0	0.022859992692798353	11.282051282051283
1.0	2.0	0.0	0.02287693046515825	8.153846153846153
1.0	2.0	0.0	0.02287693046515825	8.153846153846153
1.0	2.0	0.0	0.02354355275306755	13.025641025641026
1.0	2.0	0.0	0.02354355275306755	13.025641025641026
1.0	2.0	0.0	0.023380453335137247	12.153846153846153
1.0	2.0	0.0	0.023380453335137247	12.153846153846153
1.0	2.0	0.0	0.023380453335137247	12.153846153846153
1.0	2.0	0.0	0.023380453335137247	12.153846153846153
1.0	3.0	0.0	0.03279218749418021	10.41025641025641
1.0	3.0	0.0	0.03279218749418021	10.41025641025641
1.0	3.0	0.0	0.03239956222496784	9.692307692307692
1.0	3.0	0.0	0.03239956222496784	9.692307692307692
1.0	2.0	0.0	0.022097150786915227	9.128205128205128
1.0	2.0	0.0	0.022097150786915227	9.128205128205128
1.0	2.0	0.0	0.022481292785574453	10.564102564102564
1.0	2.0	0.0	0.022481292785574453	10.564102564102564
1.0	3.0	0.0	0.03292767185251338	8.564102564102564
1.0	3.0	0.0	0.03292767185251338	8.564102564102564
1.0	2.0	0.0	0.02280552292792579	10.0
1.0	2.0	0.0	0.02280552292792579	10.0
1.0	2.0	0.0	0.022639782955716597	9.435897435897436
1.0	2.0	0.0	0.022639782955716597	9.435897435897436
1.0	3.0	0.0	0.03499817339539897	7.794871794871795
1.0	3.0	0.0	0.03499817339539897	7.794871794871795
1.0	3.0	0.0	0.03326043012413432	7.17948717948718
1.0	3.0	0.0	0.03326043012413433	7.17948717948718
1.0	2.0	0.0	0.023340752550541483	7.538461538461538
1.0	2.0	0.0	0.023340752550541483	7.538461538461538
1.0	2.0	0.0	0.022981796950786695	7.333333333333333
1.0	2.0	0.0	0.022981796950786695	7.333333333333333
1.0	2.0	0.0	0.022687595345309185	7.17948717948718
1.0	2.0	0.0	0.022687595345309182	7.17948717948718
1.0	2.0	0.0	0.022687595345309185	7.17948717948718
1.0	2.0	0.0	0.022687595345309182	7.17948717948718
