Constant_feature	Degree	Clustering_coefficient	Pagerank	Aver_path_len
1.0	1.0	0.0	0.01866394489645181	8.037037037037036
1.0	1.0	0.0	0.018947221297416578	9.518518518518519
1.0	3.0	0.0	0.047250614361226906	5.444444444444445
1.0	2.0	0.0	0.03368762047903665	6.777777777777778
1.0	2.0	0.0	0.033650217029561294	6.851851851851852
1.0	1.0	0.0	0.018408578386676297	7.074074074074074
1.0	1.0	0.0	0.01881306721431357	8.407407407407407
1.0	4.0	0.0	0.06610612756129125	6.037037037037037
1.0	2.0	0.0	0.033476798808235925	5.296296296296297
1.0	3.0	0.0	0.046556465227158596	5.148148148148148
1.0	2.0	0.0	0.03282225626447001	5.074074074074074
1.0	2.0	0.0	0.03363338928048555	5.592592592592593
1.0	3.0	0.0	0.047289394785757485	4.925925925925926
1.0	1.0	0.0	0.01844598183615165	7.0
1.0	1.0	0.0	0.01844598183615165	7.0
1.0	3.0	0.0	0.0494549372265297	6.111111111111111
1.0	2.0	0.0	0.03332781671112607	5.962962962962963
1.0	2.0	0.0	0.03201274949043763	5.074074074074074
1.0	2.0	0.0	0.03201274949043763	5.074074074074074
1.0	2.0	0.0	0.032163102395133696	5.0
1.0	2.0	0.0	0.032163102395133696	5.0
1.0	3.0	0.0	0.05080313299677319	7.444444444444445
1.0	3.0	0.0	0.048738160825253604	6.407407407407407
1.0	3.0	0.0	0.050307774552852874	7.074074074074074
1.0	2.0	0.0	0.033503278012750576	7.148148148148148
1.0	2.0	0.0	0.03403973762243982	7.814814814814815
1.0	2.0	0.0	0.0340238728758302	7.888888888888889
1.0	3.0	0.0	0.051251926140915886	8.555555555555555
