Constant_feature	Degree	Clustering_coefficient	Pagerank	Aver_path_len
1.0	1.0	0.0	0.020287155531314695	8.16
1.0	2.0	0.0	0.03566512773195589	4.64
1.0	2.0	0.0	0.034654819915183925	4.56
1.0	1.0	0.0	0.02241205872477402	7.76
1.0	1.0	0.0	0.02241205872477402	7.76
1.0	3.0	0.0	0.04832184825491547	3.72
1.0	2.0	0.0	0.03379695485513663	4.44
1.0	2.0	0.0	0.03395651898454157	4.56
1.0	3.0	0.0	0.048900998836363264	3.84
1.0	3.0	0.0	0.04967696763635493	4.28
1.0	3.0	0.0	0.049671595951331214	4.08
1.0	2.0	0.0	0.03411167244399186	4.16
1.0	2.0	0.0	0.03481695564932751	5.08
1.0	2.0	0.0	0.03481695564932751	5.08
1.0	2.0	0.0	0.03759249880811926	5.28
1.0	2.0	0.0	0.039329263533264755	6.0
1.0	2.0	0.0	0.03570445152522733	5.88
1.0	2.0	0.0	0.03570445152522733	5.88
1.0	3.0	0.0	0.05153036572359778	5.04
1.0	2.0	0.0	0.03598090406256739	6.68
1.0	2.0	0.0	0.03565367082517802	5.76
1.0	2.0	0.0	0.03565367082517802	5.76
1.0	3.0	0.0	0.06188376415583065	6.8
1.0	2.0	0.0	0.03633175148935937	6.48
1.0	2.0	0.0	0.03633175148935937	6.48
1.0	3.0	0.0	0.05480176714779825	7.2
