Constant_feature	Degree	Clustering_coefficient	Pagerank	Aver_path_len
1.0	2.0	0.0	0.03111950915411244	2.0
1.0	2.0	0.0	0.03111950915411244	2.0
1.0	2.0	0.0	0.028908107800849202	2.7
1.0	2.0	0.0	0.028908107800849202	2.7
1.0	0.0	0.0	0.0	0.0
1.0	1.0	0.0	0.015592600352891861	3.3
1.0	1.0	0.0	0.015592600352891861	3.3
1.0	1.0	0.0	0.015592600352891861	3.3
1.0	1.0	0.0	0.015592600352891861	3.3
1.0	2.0	0.0	0.026853108308519186	2.5
1.0	2.0	0.0	0.026853108308519186	2.5
1.0	2.0	0.0	0.031489337937493284	2.1666666666666665
1.0	2.0	0.0	0.031489337937493284	2.1666666666666665
1.0	2.0	0.0	0.031489337937493284	2.1666666666666665
1.0	2.0	0.0	0.031489337937493284	2.1666666666666665
1.0	2.0	0.0	0.0326869072732347	2.6666666666666665
1.0	2.0	0.0	0.0326869072732347	2.6666666666666665
1.0	2.0	0.0	0.0326869072732347	2.6666666666666665
1.0	2.0	0.0	0.0326869072732347	2.6666666666666665
1.0	3.0	0.0	0.042717281837467286	2.4
1.0	3.0	0.0	0.042717281837467286	2.4
1.0	1.0	0.0	0.01748622243443804	3.5
1.0	1.0	0.0	0.01748622243443804	3.5
1.0	1.0	0.0	0.01748622243443804	3.5
1.0	1.0	0.0	0.01748622243443804	3.5
1.0	3.0	0.0	0.039572458324673744	1.9
1.0	3.0	0.0	0.039572458324673744	1.9
1.0	3.0	0.0	0.0397431484383131	2.0
1.0	3.0	0.0	0.0397431484383131	2.0
1.0	2.0	0.0	0.02679474974177775	2.4
1.0	2.0	0.0	0.02679474974177775	2.4
1.0	2.0	0.0	0.026987801159592328	2.9
1.0	2.0	0.0	0.026987801159592328	2.9
1.0	2.0	0.0	0.027006910980540484	3.0
1.0	2.0	0.0	0.027006910980540484	3.0
1.0	1.0	0.0	0.015786788258038736	3.6
1.0	1.0	0.0	0.015786788258038736	3.6
