Constant_feature	Degree	Clustering_coefficient	Pagerank	Aver_path_len
1.0	1.0	0.0	0.027263819378825088	5.166666666666667
1.0	1.0	0.0	0.027377163126881775	4.555555555555555
1.0	3.0	0.0	0.0702446720929395	2.7777777777777777
1.0	2.0	0.0	0.04809676067768776	3.4444444444444446
1.0	3.0	0.0	0.07389131809176896	3.5
1.0	2.0	0.0	0.04850483917723476	3.2222222222222223
1.0	3.0	0.0	0.06855389992546056	2.8333333333333335
1.0	2.0	0.0	0.05019869361935746	3.2777777777777777
1.0	3.0	0.0	0.07371468442256338	3.611111111111111
1.0	3.0	0.0	0.06906571709696985	3.0
1.0	1.0	0.0	0.027431011606191647	4.444444444444445
1.0	2.0	0.0	0.04777181959899521	3.4444444444444446
1.0	2.0	0.0	0.05302396852053155	3.888888888888889
1.0	2.0	0.0	0.047983416929631074	3.611111111111111
1.0	2.0	0.0	0.0487611362876997	4.055555555555555
1.0	3.0	0.0	0.07333602100000704	4.222222222222222
1.0	3.0	0.0	0.08391056856187765	4.611111111111111
1.0	1.0	0.0	0.030435244942688358	5.555555555555555
1.0	1.0	0.0	0.030435244942688358	5.555555555555555
