Constant_feature	Degree	Clustering_coefficient	Pagerank	Aver_path_len
1.0	4.0	0.0	0.08113385711008234	3.5454545454545454
1.0	4.0	0.0	0.08113385711008234	3.5454545454545454
1.0	2.0	0.0	0.04140444632896984	4.2727272727272725
1.0	2.0	0.0	0.04140444632896984	4.2727272727272725
1.0	1.0	0.0	0.022602742339143576	4.5
1.0	1.0	0.0	0.022602742339143576	4.5
1.0	1.0	0.0	0.022602742339143576	4.5
1.0	1.0	0.0	0.022602742339143576	4.5
1.0	3.0	0.0	0.058227641293253765	3.0
1.0	2.0	0.0	0.038600820560861684	2.9545454545454546
1.0	3.0	0.0	0.05594645327938176	3.0
1.0	3.0	0.0	0.05546562091815811	3.409090909090909
1.0	3.0	0.0	0.05863352794923896	3.6818181818181817
1.0	2.0	0.0	0.041781654932665765	4.909090909090909
1.0	2.0	0.0	0.041781654932665765	4.909090909090909
1.0	3.0	0.0	0.05610926508350782	4.0
1.0	2.0	0.0	0.03945900093646758	4.2727272727272725
1.0	2.0	0.0	0.03893829991288679	4.681818181818182
1.0	2.0	0.0	0.03888759509182613	4.181818181818182
1.0	1.0	0.0	0.021937343720850606	4.636363636363637
1.0	2.0	0.0	0.039113891847584646	4.7727272727272725
1.0	2.0	0.0	0.039780530146427504	4.954545454545454
1.0	2.0	0.0	0.03984912315954442	5.545454545454546
