Constant_feature	Degree	Clustering_coefficient	Pagerank	Aver_path_len
1.0	1.0	0.0	0.030779540232030445	3.875
1.0	3.0	0.0	0.08298921812316729	2.9375
1.0	3.0	0.0	0.0824165983527432	3.0
1.0	3.0	0.0	0.08030004013371375	3.3125
1.0	1.0	0.0	0.03060691914650243	3.9375
1.0	2.0	0.0	0.05521547377749015	4.0
1.0	2.0	0.0	0.05521547377749015	4.0
1.0	2.0	0.0	0.05484792223657246	3.125
1.0	3.0	0.0	0.08022647890858212	3.4375
1.0	2.0	0.0	0.056094004815390654	4.6875
1.0	2.0	0.0	0.056094004815390654	4.6875
1.0	2.0	0.0	0.056367758953697396	5.375
1.0	2.0	0.0	0.055182082815336396	4.125
1.0	2.0	0.0	0.055182082815336396	4.125
1.0	2.0	0.0	0.05606867620807209	4.8125
1.0	2.0	0.0	0.05606867620807209	4.8125
1.0	2.0	0.0	0.056345048680412284	5.5
