Constant_feature	Degree	Clustering_coefficient	Pagerank	Aver_path_len
1.0	1.0	0.0	0.015453482867439958	6.46875
1.0	1.0	0.0	0.015746453463857703	7.25
1.0	2.0	0.0	0.0258232159898645	4.3125
1.0	1.0	0.0	0.014782600854809987	5.15625
1.0	2.0	0.0	0.030785808684281248	6.53125
1.0	2.0	0.0	0.030785808684281248	6.53125
1.0	2.0	0.0	0.030874186876596647	7.125
1.0	3.0	0.0	0.037843661294776024	4.1875
1.0	3.0	0.0	0.03768674152057493	4.28125
1.0	3.0	0.0	0.038944810288655665	4.9375
1.0	3.0	0.0	0.03917417468615962	4.1875
1.0	3.0	0.0	0.038288572400964394	4.0625
1.0	3.0	0.0	0.03918142120160801	4.71875
1.0	2.0	0.0	0.026413316910708643	4.28125
1.0	2.0	0.0	0.027342259121203825	5.78125
1.0	2.0	0.0	0.027342259121203825	5.78125
1.0	3.0	0.0	0.0396527798741927	4.5625
1.0	3.0	0.0	0.0414123658662988	5.5
1.0	2.0	0.0	0.027501312396107765	5.5
1.0	2.0	0.0	0.028064020772811123	6.625
1.0	2.0	0.0	0.028064020772811123	6.625
1.0	2.0	0.0	0.027486506683771242	5.15625
1.0	2.0	0.0	0.027486506683771242	5.15625
1.0	3.0	0.0	0.042385229544294	6.28125
1.0	2.0	0.0	0.028262132187396413	6.28125
1.0	2.0	0.0	0.02828764536703822	7.46875
1.0	3.0	0.0	0.04186432247586098	5.625
1.0	3.0	0.0	0.04186432247586098	5.625
1.0	2.0	0.0	0.02846498426226921	7.0625
1.0	3.0	0.0	0.042044137349490585	6.21875
1.0	1.0	0.0	0.016883302210682405	7.5
1.0	1.0	0.0	0.016883302210682405	7.5
1.0	1.0	0.0	0.01692433489967439	8.09375
