Constant_feature	Degree	Clustering_coefficient	Pagerank	Aver_path_len
1.0	1.0	0.0	0.023591720925625625	4.428571428571429
1.0	1.0	0.0	0.02596967078652769	5.666666666666667
1.0	1.0	0.0	0.02404387160239762	6.904761904761905
1.0	2.0	0.0	0.0421325606520032	3.857142857142857
1.0	2.0	0.0	0.04471914584773692	3.9523809523809526
1.0	2.0	0.0	0.042395805112594956	4.619047619047619
1.0	3.0	0.0	0.06180450585933375	4.333333333333333
1.0	2.0	0.0	0.04255325543812978	5.095238095238095
1.0	2.0	0.0	0.04255325543812978	5.095238095238095
1.0	2.0	0.0	0.04326150005438706	5.857142857142857
1.0	2.0	0.0	0.04326150005438706	5.857142857142857
1.0	2.0	0.0	0.04347937687804987	6.619047619047619
1.0	3.0	0.0	0.06348724318297265	3.4761904761904763
1.0	3.0	0.0	0.06249945734562118	3.2857142857142856
1.0	2.0	0.0	0.04174037353256542	3.5714285714285716
1.0	3.0	0.0	0.06148521534983273	3.9523809523809526
1.0	3.0	0.0	0.07141720307762307	4.714285714285714
1.0	2.0	0.0	0.042395805112594956	4.619047619047619
1.0	1.0	0.0	0.02596967078652769	5.666666666666667
1.0	2.0	0.0	0.04312204164629353	5.285714285714286
1.0	2.0	0.0	0.04312204164629353	5.285714285714286
1.0	3.0	0.0	0.06499477967037172	5.9523809523809526
