Constant_feature	Degree	Clustering_coefficient	Pagerank	Aver_path_len
1.0	1.0	0.0	0.020540205907697562	4.869565217391305
1.0	1.0	0.0	0.020492453370523297	4.869565217391305
1.0	1.0	0.0	0.022946764226503363	6.260869565217392
1.0	1.0	0.0	0.022946764226503363	6.260869565217392
1.0	3.0	0.0	0.052001196943350675	3.217391304347826
1.0	2.0	0.0	0.03597533566140738	4.782608695652174
1.0	3.0	0.0	0.06259801151042678	5.304347826086956
1.0	3.0	0.0	0.05145106885142085	3.217391304347826
1.0	3.0	0.0	0.05457986287807235	3.9130434782608696
1.0	3.0	0.0	0.054418003895009115	3.9130434782608696
1.0	3.0	0.0	0.05119208180594739	3.4782608695652173
1.0	3.0	0.0	0.053421888653611305	3.4782608695652173
1.0	3.0	0.0	0.051732104736543015	3.9565217391304346
1.0	2.0	0.0	0.03571341179113936	4.217391304347826
1.0	3.0	0.0	0.052459003504065196	4.608695652173913
1.0	2.0	0.0	0.03732123955660762	4.0
1.0	2.0	0.0	0.0365995032276981	4.739130434782608
1.0	2.0	0.0	0.03746366546314413	4.260869565217392
1.0	2.0	0.0	0.036853233460657664	5.391304347826087
1.0	3.0	0.0	0.057097383117782945	4.521739130434782
1.0	2.0	0.0	0.03758536285054183	5.521739130434782
1.0	2.0	0.0	0.03838136290431678	4.782608695652174
1.0	2.0	0.0	0.0376638783888496	6.173913043478261
1.0	2.0	0.0	0.038566213068179964	5.304347826086956
