Constant_feature	Degree	Clustering_coefficient	Pagerank	Aver_path_len
1.0	1.0	0.0	0.009233617976475154	9.894736842105264
1.0	0.0	0.0	0.0	0.0
1.0	1.0	0.0	0.008361260476009776	8.456140350877194
1.0	1.0	0.0	0.008858283291028411	7.771929824561403
1.0	2.0	0.0	0.017097881689654686	10.842105263157896
1.0	2.0	0.0	0.01732876959911851	11.614035087719298
1.0	2.0	0.0	0.017320332212295647	11.649122807017545
1.0	1.0	0.0	0.009437607721293718	10.017543859649123
1.0	1.0	0.0	0.009437607721293718	10.017543859649123
1.0	1.0	0.0	0.009437607721293718	10.017543859649123
1.0	1.0	0.0	0.009437607721293718	10.017543859649123
1.0	1.0	0.0	0.009046548655023415	11.0
1.0	3.0	0.0	0.02127738284650502	7.052631578947368
1.0	2.0	0.0	0.015312234310007257	6.649122807017544
1.0	2.0	0.0	0.014753677832396603	8.614035087719298
1.0	2.0	0.0	0.015761863089902288	7.280701754385965
1.0	3.0	0.0	0.02571441920448209	9.035087719298245
1.0	3.0	0.0	0.02571441920448209	9.035087719298245
1.0	2.0	0.0	0.016884241678412727	10.824561403508772
1.0	3.0	0.0	0.028096209426205138	13.456140350877194
1.0	3.0	0.0	0.022177829333660574	7.964912280701754
1.0	3.0	0.0	0.021006561222482106	7.4035087719298245
1.0	2.0	0.0	0.014760699755715093	7.807017543859649
1.0	3.0	0.0	0.020912433493036422	6.754385964912281
1.0	3.0	0.0	0.0211837761265215	7.2631578947368425
1.0	2.0	0.0	0.016687804510095036	8.912280701754385
1.0	2.0	0.0	0.014451896957441642	6.684210526315789
1.0	3.0	0.0	0.021317058671842998	7.192982456140351
1.0	3.0	0.0	0.021512528397287515	6.543859649122807
1.0	3.0	0.0	0.02212366995413512	7.473684210526316
1.0	2.0	0.0	0.015028592834602832	8.175438596491228
1.0	3.0	0.0	0.021637501911603924	7.964912280701754
1.0	2.0	0.0	0.015074693883523702	8.105263157894736
1.0	2.0	0.0	0.015442478832097022	9.087719298245615
1.0	2.0	0.0	0.015457094009290236	9.017543859649123
1.0	2.0	0.0	0.014749050933034729	8.649122807017545
1.0	3.0	0.0	0.021794351429883358	9.192982456140351
1.0	3.0	0.0	0.021778910952360512	9.228070175438596
1.0	3.0	0.0	0.02377905696602957	6.7894736842105265
1.0	3.0	0.0	0.023977493697826313	7.0
1.0	3.0	0.0	0.022991236547768256	9.894736842105264
1.0	2.0	0.0	0.015287546291538643	10.0
1.0	3.0	0.0	0.02344920031272124	10.666666666666666
1.0	3.0	0.0	0.02343243274361599	10.701754385964913
1.0	1.0	0.0	0.00891683615788139	7.982456140350878
1.0	3.0	0.0	0.02281938706300436	7.5964912280701755
1.0	3.0	0.0	0.023333410826305023	8.12280701754386
1.0	3.0	0.0	0.023333410826305023	8.12280701754386
1.0	1.0	0.0	0.009418179850734192	11.824561403508772
1.0	2.0	0.0	0.01567036503865007	8.75438596491228
1.0	2.0	0.0	0.01567036503865007	8.75438596491228
1.0	3.0	0.0	0.023148101001004232	9.280701754385966
1.0	1.0	0.0	0.009522089853876427	12.596491228070175
1.0	1.0	0.0	0.009518283418502861	12.631578947368421
1.0	3.0	0.0	0.024411340715633497	10.017543859649123
1.0	2.0	0.0	0.017419515649707427	11.666666666666666
1.0	2.0	0.0	0.017989542820411954	12.543859649122806
1.0	1.0	0.0	0.010151849797022643	14.43859649122807
1.0	1.0	0.0	0.010151849797022643	14.43859649122807
