Constant_feature	Degree	Clustering_coefficient	Pagerank	Aver_path_len
1.0	1.0	0.0	0.023756302068583122	6.190476190476191
1.0	1.0	0.0	0.023756302068583122	6.190476190476191
1.0	1.0	0.0	0.023756302068583122	6.190476190476191
1.0	3.0	0.0	0.057662998391554456	2.857142857142857
1.0	3.0	0.0	0.059020812552185914	3.238095238095238
1.0	3.0	0.0	0.059020812552185914	3.238095238095238
1.0	3.0	0.0	0.059020812552185914	3.238095238095238
1.0	2.0	0.0	0.04130585670933069	3.9047619047619047
1.0	2.0	0.0	0.04130585670933069	3.9047619047619047
1.0	2.0	0.0	0.04130585670933069	3.9047619047619047
1.0	2.0	0.0	0.04130585670933069	3.9047619047619047
1.0	2.0	0.0	0.04130585670933069	3.9047619047619047
1.0	2.0	0.0	0.04130585670933069	3.9047619047619047
1.0	2.0	0.0	0.04234433340473774	4.571428571428571
1.0	2.0	0.0	0.04234433340473774	4.571428571428571
1.0	2.0	0.0	0.04234433340473774	4.571428571428571
1.0	2.0	0.0	0.04234433340473774	4.571428571428571
1.0	3.0	0.0	0.06403483902057591	5.238095238095238
1.0	3.0	0.0	0.06403483902057591	5.238095238095238
1.0	2.0	0.0	0.04234433340473774	4.571428571428571
1.0	2.0	0.0	0.04234433340473774	4.571428571428571
1.0	3.0	0.0	0.06403483902057591	5.238095238095238
