Constant_feature	Degree	Clustering_coefficient	Pagerank	Aver_path_len
1.0	2.0	0.0	0.06813615276652908	3.0
1.0	2.0	0.0	0.06766816021067623	2.8461538461538463
1.0	2.0	0.0	0.07414137355113509	3.923076923076923
1.0	2.0	0.0	0.07826585760792718	4.230769230769231
1.0	1.0	0.0	0.040139714727497396	4.384615384615385
1.0	4.0	0.0	0.13574767881052222	3.1538461538461537
1.0	3.0	0.0	0.09954575983779423	2.6923076923076925
1.0	2.0	0.0	0.0681361527665291	3.0
1.0	2.0	0.0	0.06766816021067623	2.8461538461538463
1.0	2.0	0.0	0.07000343891245558	3.0
1.0	1.0	0.0	0.03768564938772244	4.076923076923077
1.0	3.0	0.0	0.10999162179562993	3.4615384615384617
1.0	1.0	0.0	0.04050698952024508	4.846153846153846
1.0	1.0	0.0	0.04236328989466005	5.153846153846154
