Constant_feature	Degree	Clustering_coefficient	Pagerank	Aver_path_len
1.0	1.0	0.0	0.010081018392191575	11.529411764705882
1.0	1.0	0.0	0.010121171200360556	12.235294117647058
1.0	1.0	0.0	0.009322227584215886	7.215686274509804
1.0	2.0	0.0	0.020071964751091347	8.588235294117647
1.0	1.0	0.0	0.009698188625969932	8.431372549019608
1.0	2.0	0.0	0.020032333719031334	7.803921568627451
1.0	1.0	0.0	0.010211992039961953	8.627450980392156
1.0	2.0	0.0	0.020233817008986785	8.588235294117647
1.0	1.0	0.0	0.01018841460753716	7.8431372549019605
1.0	1.0	0.0	0.010308292838496678	8.627450980392156
1.0	2.0	0.0	0.0202096298517676	8.784313725490197
1.0	1.0	0.0	0.010293901770302268	8.823529411764707
1.0	2.0	0.0	0.0171496235605336	6.509803921568627
1.0	1.0	0.0	0.00966850516858089	7.803921568627451
1.0	4.0	0.0	0.03288266765738129	6.235294117647059
1.0	3.0	0.0	0.0249442403573325	6.784313725490196
1.0	3.0	0.0	0.024441832812448543	6.431372549019608
1.0	3.0	0.0	0.02481248007817359	6.0
1.0	3.0	0.0	0.02408137108099022	5.7254901960784315
1.0	2.0	0.0	0.016481089388805974	6.196078431372549
1.0	3.0	0.0	0.02548255520252865	6.784313725490196
1.0	3.0	0.0	0.02540211112942686	6.980392156862745
1.0	3.0	0.0	0.02591516117375317	7.450980392156863
1.0	3.0	0.0	0.024331896794354352	5.764705882352941
1.0	3.0	0.0	0.027627848691865024	7.647058823529412
1.0	3.0	0.0	0.02754933750763244	6.862745098039215
1.0	3.0	0.0	0.027948821018462532	7.647058823529412
1.0	3.0	0.0	0.027900856970433336	7.8431372549019605
1.0	2.0	0.0	0.016870060773472886	5.921568627450981
1.0	2.0	0.0	0.016870060773472886	5.921568627450981
1.0	2.0	0.0	0.016996147845919615	6.078431372549019
1.0	2.0	0.0	0.016996147845919615	6.078431372549019
1.0	3.0	0.0	0.0249358186750181	6.235294117647059
1.0	1.0	0.0	0.01095489816604529	9.568627450980392
1.0	1.0	0.0	0.010937088302315419	8.784313725490197
1.0	1.0	0.0	0.011027722450098745	9.568627450980392
1.0	1.0	0.0	0.011016840210892038	9.764705882352942
1.0	3.0	0.0	0.025817186553787477	6.823529411764706
1.0	3.0	0.0	0.0249198216589065	7.215686274509804
1.0	3.0	0.0	0.02523050603427662	7.96078431372549
1.0	2.0	0.0	0.017070558099985384	7.921568627450981
1.0	2.0	0.0	0.017591161507223355	8.823529411764707
1.0	2.0	0.0	0.017591161507223355	8.823529411764707
1.0	3.0	0.0	0.025573314151966054	8.666666666666666
1.0	2.0	0.0	0.01799687352928832	9.686274509803921
1.0	2.0	0.0	0.01799687352928832	9.686274509803921
1.0	2.0	0.0	0.017741989179743543	9.529411764705882
1.0	2.0	0.0	0.017741989179743543	9.529411764705882
1.0	3.0	0.0	0.027193634759457526	10.549019607843137
1.0	2.0	0.0	0.0181052998847622	10.392156862745098
1.0	2.0	0.0	0.0181052998847622	10.392156862745098
1.0	3.0	0.0	0.027326194513814978	11.254901960784315
