Constant_feature	Degree	Clustering_coefficient	Pagerank	Aver_path_len
1.0	1.0	0.0	0.027798892548337156	3.888888888888889
1.0	3.0	0.0	0.07396666797760529	2.4444444444444446
1.0	3.0	0.0	0.08027682812640308	3.1666666666666665
1.0	1.0	0.0	0.029594194292125987	4.111111111111111
1.0	1.0	0.0	0.029594194292125987	4.111111111111111
1.0	1.0	0.0	0.029529615883975964	3.9444444444444446
1.0	1.0	0.0	0.029529615883975964	3.9444444444444446
1.0	3.0	0.0	0.0750946491798763	2.8333333333333335
1.0	4.0	0.0	0.09853835246981056	2.3333333333333335
1.0	4.0	0.0	0.09815803426381367	2.1666666666666665
1.0	2.0	0.0	0.05032687196455761	3.111111111111111
1.0	3.0	0.0	0.07512050002477424	2.9444444444444446
1.0	1.0	0.0	0.0277911373109573	3.7777777777777777
1.0	2.0	0.0	0.05406989272127952	3.1666666666666665
1.0	2.0	0.0	0.05406989272127952	3.1666666666666665
1.0	2.0	0.0	0.05392453920962083	3.0
1.0	2.0	0.0	0.05392453920962083	3.0
1.0	1.0	0.0	0.029345790959930004	4.111111111111111
1.0	1.0	0.0	0.029345790959930004	4.111111111111111
