Constant_feature	Degree	Clustering_coefficient	Pagerank	Aver_path_len
1.0	1.0	0.0	0.0209008844359427	4.695652173913044
1.0	1.0	0.0	0.020849505362206006	4.956521739130435
1.0	1.0	0.0	0.020353661934998955	4.3478260869565215
1.0	2.0	0.0	0.03658858448596247	3.5652173913043477
1.0	2.0	0.0	0.03577841775290177	3.8260869565217392
1.0	3.0	0.0	0.05510584317084237	4.086956521739131
1.0	2.0	0.0	0.038302955990946075	4.869565217391305
1.0	2.0	0.0	0.038302955990946075	4.869565217391305
1.0	2.0	0.0	0.03912405426586604	5.6521739130434785
1.0	2.0	0.0	0.03912405426586604	5.6521739130434785
1.0	2.0	0.0	0.039376835971033274	6.434782608695652
1.0	3.0	0.0	0.05296893608928385	3.130434782608696
1.0	3.0	0.0	0.05201035948250396	3.0434782608695654
1.0	3.0	0.0	0.05255241127451529	3.391304347826087
1.0	3.0	0.0	0.05578125165793436	3.739130434782609
1.0	3.0	0.0	0.053955825081937504	3.391304347826087
1.0	3.0	0.0	0.05289502461435148	3.8260869565217392
1.0	3.0	0.0	0.052818245387665566	4.173913043478261
1.0	3.0	0.0	0.05561040487115353	4.0
1.0	2.0	0.0	0.03758372313148204	4.086956521739131
1.0	2.0	0.0	0.037100678505547935	4.608695652173913
1.0	2.0	0.0	0.03707485896988748	4.956521739130435
1.0	2.0	0.0	0.037924688277380394	5.391304347826087
1.0	2.0	0.0	0.03791583902884452	5.739130434782608
