Constant_feature	Degree	Clustering_coefficient	Pagerank	Aver_path_len
1.0	2.0	0.0	0.011302404108308498	7.7875
1.0	2.0	0.0	0.012006084951155085	8.4625
1.0	2.0	0.0	0.011311980001933269	8.6125
1.0	2.0	0.0	0.011314268507234992	8.7125
1.0	1.0	0.0	0.006235615635416482	9.375
1.0	1.0	0.0	0.006237599394672794	9.475
1.0	1.0	0.0	0.006266101632380614	8.4625
1.0	1.0	0.0	0.006284344494716795	8.5625
1.0	1.0	0.0	0.006480663119283681	8.8375
1.0	1.0	0.0	0.00649056207180143	8.9375
1.0	1.0	0.0	0.0063950726146465185	9.7
1.0	1.0	0.0	0.006393730007614143	9.6
1.0	1.0	0.0	0.006262426553694215	11.075
1.0	1.0	0.0	0.006262272970040373	11.025
1.0	1.0	0.0	0.006225472244819592	12.675
1.0	1.0	0.0	0.0062254215910114725	12.625
1.0	3.0	0.0	0.016589847950968312	7.7625
1.0	3.0	0.0	0.01661993476690267	7.8625
1.0	3.0	0.0	0.01713907441971837	7.5375
1.0	3.0	0.0	0.017201374007091964	7.6375
1.0	2.0	0.0	0.01167264115781656	8.425
1.0	2.0	0.0	0.011218294094917338	9.4
1.0	2.0	0.0	0.011679168572680396	8.525
1.0	2.0	0.0	0.011217676691631415	9.35
1.0	2.0	0.0	0.010846768261962507	11.6625
1.0	2.0	0.0	0.010846729651365551	11.6125
1.0	4.0	0.16666666666666666	0.0210363926031978	8.05
1.0	4.0	0.16666666666666666	0.021053174264822262	8.15
1.0	3.0	0.3333333333333333	0.016410926512192496	9.0
1.0	3.0	0.3333333333333333	0.016420052399751882	9.1
1.0	2.0	1.0	0.010891129143856398	9.0125
1.0	2.0	1.0	0.010897613336699093	9.1125
1.0	1.0	0.0	0.006157795439068363	9.9875
1.0	1.0	0.0	0.006160548502283313	10.0875
1.0	3.0	0.0	0.016670535505452475	8.3875
1.0	3.0	0.0	0.016676950489011952	8.4875
1.0	3.0	0.0	0.01676991390190543	7.475
1.0	3.0	0.0	0.01683112990588249	7.575
1.0	1.0	0.0	0.006211158295951111	8.75
1.0	1.0	0.0	0.006220270455678208	8.85
1.0	3.0	0.0	0.016401820511306273	7.2
1.0	3.0	0.0	0.016519868043237816	7.3
1.0	3.0	0.0	0.016641479829803407	7.55
1.0	2.0	0.0	0.011275272785699626	7.65
1.0	2.0	0.0	0.011280902629394142	8.6875
1.0	2.0	0.0	0.011281397285566206	8.7375
1.0	3.0	0.0	0.01651952698287007	8.7375
1.0	3.0	0.0	0.016518286602378703	8.6875
1.0	3.0	0.0	0.01748919099162209	7.85
1.0	3.0	0.0	0.0175216497385763	7.95
1.0	1.0	0.0	0.006377006351030569	8.525
1.0	1.0	0.0	0.006395535671811317	8.625
1.0	3.0	0.0	0.01759448799334906	8.1375
1.0	3.0	0.0	0.0176122814101599	8.2375
1.0	3.0	0.0	0.017201188577802663	8.7125
1.0	3.0	0.0	0.017196326170086783	8.6125
1.0	3.0	0.0	0.019257202843020328	9.4
1.0	1.0	0.0	0.006513479051436985	9.125
1.0	1.0	0.0	0.0065186638592684455	9.225
1.0	1.0	0.0	0.0070128045220254264	10.3875
1.0	1.0	0.0	0.0070128045220254264	10.3875
1.0	3.0	0.0	0.016758612608632192	10.0875
1.0	3.0	0.0	0.016758295578660758	10.0375
1.0	3.0	0.0	0.01613483937838577	10.825
1.0	3.0	0.0	0.016134582884794725	10.775
1.0	3.0	0.0	0.016634821153328642	11.6875
1.0	3.0	0.0	0.0166347701238365	11.6375
1.0	2.0	0.0	0.011018316127805194	12.525
1.0	2.0	0.0	0.011018235733728154	12.475
1.0	3.0	0.0	0.015908894967967952	12.5
1.0	3.0	0.0	0.015908786591477812	12.45
1.0	3.0	0.0	0.015974397770072684	13.3625
1.0	3.0	0.0	0.01597438938711892	13.3125
1.0	2.0	0.0	0.011109854536612144	13.4375
1.0	2.0	0.0	0.011109852329595875	13.3875
1.0	2.0	0.0	0.011134404365352017	14.3
1.0	2.0	0.0	0.011134352610122153	14.25
1.0	2.0	0.0	0.011341535185007667	14.375
1.0	2.0	0.0	0.01134148678995459	14.325
1.0	2.0	0.0	0.01134763607473041	15.2375
1.0	2.0	0.0	0.011347639200805799	15.1875
