Constant_feature	Degree	Clustering_coefficient	Pagerank	Aver_path_len
1.0	2.0	1.0	0.024618140026689994	4.935483870967742
1.0	1.0	0.0	0.014987101788041	5.580645161290323
1.0	2.0	0.0	0.0301849503123156	6.548387096774194
1.0	2.0	0.0	0.028771345145476378	6.806451612903226
1.0	1.0	0.0	0.01620655847028101	8.548387096774194
1.0	1.0	0.0	0.017690334185201932	8.35483870967742
1.0	4.0	0.16666666666666666	0.04727008570274422	4.032258064516129
1.0	4.0	0.0	0.049572220502524716	4.258064516129032
1.0	3.0	0.0	0.03685503714817722	3.967741935483871
1.0	3.0	0.3333333333333333	0.03619075128728291	4.645161290322581
1.0	3.0	0.0	0.03762029895931814	4.032258064516129
1.0	3.0	0.0	0.03747971061324759	4.67741935483871
1.0	4.0	0.0	0.05192172291768335	4.225806451612903
1.0	2.0	0.0	0.02522629866458211	4.967741935483871
1.0	2.0	0.0	0.02603575636155675	4.32258064516129
1.0	2.0	0.0	0.02612781132408323	4.258064516129032
1.0	2.0	0.0	0.02623839311318428	4.354838709677419
1.0	4.0	0.0	0.05271813815080212	4.612903225806452
1.0	2.0	0.0	0.02679476332573007	4.548387096774194
1.0	1.0	0.0	0.014278560849562274	5.225806451612903
1.0	2.0	0.0	0.027379778196050572	4.806451612903226
1.0	2.0	0.0	0.027481717915154667	5.193548387096774
1.0	3.0	0.0	0.03949864257767802	5.258064516129032
1.0	1.0	0.0	0.014806896446478368	5.193548387096774
1.0	2.0	0.0	0.02794106846473748	5.387096774193548
1.0	3.0	0.0	0.04164660357194843	5.774193548387097
1.0	2.0	0.0	0.027921281102249416	6.032258064516129
1.0	2.0	0.0	0.027921281102249413	6.032258064516129
1.0	2.0	0.0	0.02877134514547638	6.806451612903226
1.0	3.0	0.0	0.04360443997016834	7.580645161290323
1.0	3.0	0.0	0.048548632474122014	7.387096774193548
1.0	1.0	0.0	0.017690334185201932	8.35483870967742
