Constant_feature	Degree	Clustering_coefficient	Pagerank	Aver_path_len
1.0	1.0	0.0	0.026417083265266473	4.0
1.0	1.0	0.0	0.026517300506483914	4.388888888888889
1.0	2.0	0.0	0.053085278997608315	4.277777777777778
1.0	3.0	0.0	0.06832986763166525	3.111111111111111
1.0	3.0	0.0	0.06603236629006788	2.7222222222222223
1.0	3.0	0.0	0.06629792644993968	2.6666666666666665
1.0	3.0	0.0	0.06690643534440932	3.0555555555555554
1.0	1.0	0.0	0.025762516803612554	4.055555555555555
1.0	3.0	0.0	0.06793223799692365	3.111111111111111
1.0	3.0	0.0	0.0705144069566696	3.0555555555555554
1.0	3.0	0.0	0.07084581942974932	3.4444444444444446
1.0	3.0	0.0	0.07195101812844922	3.4444444444444446
1.0	2.0	0.0	0.048103002012341245	3.8333333333333335
1.0	2.0	0.0	0.0476228628757722	3.8333333333333335
1.0	2.0	0.0	0.0476228628757722	3.8333333333333335
1.0	2.0	0.0	0.04884272782979385	4.555555555555555
1.0	2.0	0.0	0.04884272782979385	4.555555555555555
1.0	2.0	0.0	0.04922242074199629	5.277777777777778
1.0	1.0	0.0	0.029151138033684864	5.222222222222222
