Constant_feature	Degree	Clustering_coefficient	Pagerank	Aver_path_len
1.0	1.0	0.0	0.022014540345688498	8.521739130434783
1.0	1.0	0.0	0.020944140081563433	5.3478260869565215
1.0	2.0	0.0	0.037963639122878645	5.043478260869565
1.0	3.0	0.0	0.05476376384398089	4.434782608695652
1.0	2.0	0.0	0.037475527634162856	4.869565217391305
1.0	2.0	0.0	0.037510193607157266	4.869565217391305
1.0	3.0	0.0	0.05592550040897479	4.391304347826087
1.0	2.0	0.0	0.0376800386440836	4.695652173913044
1.0	3.0	0.0	0.05493152537871512	4.434782608695652
1.0	2.0	0.0	0.03801797424821857	4.695652173913044
1.0	3.0	0.0	0.056139271200673385	5.478260869565218
1.0	2.0	0.0	0.03860302483935536	5.043478260869565
1.0	2.0	0.0	0.038763805684583146	6.173913043478261
1.0	2.0	0.0	0.038763805684583146	6.173913043478261
1.0	2.0	0.0	0.03850873051067995	5.478260869565218
1.0	2.0	0.0	0.03945881477439545	6.869565217391305
1.0	2.0	0.0	0.03945881477439545	6.869565217391305
1.0	3.0	0.0	0.05656629673177439	6.0
1.0	3.0	0.0	0.05949089649641197	7.565217391304348
1.0	2.0	0.0	0.03896903162911006	6.782608695652174
1.0	2.0	0.0	0.03896903162911006	6.782608695652174
1.0	2.0	0.0	0.039625488190608175	7.565217391304348
1.0	2.0	0.0	0.039625488190608175	7.565217391304348
1.0	2.0	0.0	0.03983065634828756	8.347826086956522
