Constant_feature	Degree	Clustering_coefficient	Pagerank	Aver_path_len
1.0	1.0	0.0	0.018215886367398695	5.111111111111111
1.0	1.0	0.0	0.018215886367398695	5.111111111111111
1.0	1.0	0.0	0.018066059291370676	5.481481481481482
1.0	1.0	0.0	0.018066059291370676	5.481481481481482
1.0	3.0	0.0	0.04500200083579629	3.111111111111111
1.0	3.0	0.0	0.04500200083579629	3.111111111111111
1.0	3.0	0.0	0.04524833415157538	3.4814814814814814
1.0	3.0	0.0	0.04524833415157538	3.4814814814814814
1.0	3.0	0.0	0.04785012383237698	3.7037037037037037
1.0	3.0	0.0	0.04785012383237698	3.7037037037037037
1.0	3.0	0.0	0.046131963136190446	3.925925925925926
1.0	3.0	0.0	0.046131963136190446	3.925925925925926
1.0	3.0	0.0	0.048816009106377525	4.148148148148148
1.0	3.0	0.0	0.048816009106377525	4.148148148148148
1.0	2.0	0.0	0.03186146362497337	4.222222222222222
1.0	2.0	0.0	0.03186146362497337	4.222222222222222
1.0	3.0	0.0	0.04831412702235312	4.518518518518518
1.0	3.0	0.0	0.04831412702235312	4.518518518518518
1.0	2.0	0.0	0.03220140719773894	4.666666666666667
1.0	2.0	0.0	0.03220140719773894	4.666666666666667
1.0	3.0	0.0	0.04930420225019472	5.407407407407407
1.0	3.0	0.0	0.04930420225019472	5.407407407407407
1.0	1.0	0.0	0.017926726409796253	4.666666666666667
1.0	1.0	0.0	0.017926726409796253	4.666666666666667
1.0	2.0	0.0	0.0326994801718771	4.962962962962963
1.0	2.0	0.0	0.0326994801718771	4.962962962962963
1.0	1.0	0.0	0.018362216601980372	6.37037037037037
1.0	1.0	0.0	0.018362216601980372	6.37037037037037
