Constant_feature	Degree	Clustering_coefficient	Pagerank	Aver_path_len
1.0	1.0	0.0	0.012732442328999241	6.375
1.0	1.0	0.0	0.015148595728641578	2.1666666666666665
1.0	1.0	0.0	0.015148595728641578	2.1666666666666665
1.0	1.0	0.0	0.015148595728641578	2.1666666666666665
1.0	1.0	0.0	0.014123723180309654	8.5625
1.0	1.0	0.0	0.01297593013707013	6.84375
1.0	1.0	0.0	0.014123723180309654	8.5625
1.0	1.0	0.0	0.01467027760563883	10.0625
1.0	1.0	0.0	0.01467027760563883	10.0625
1.0	1.0	0.0	0.015313589145308	2.3333333333333335
1.0	1.0	0.0	0.015313589145308	2.3333333333333335
1.0	2.0	0.0	0.02379821858043406	6.28125
1.0	2.0	0.0	0.02244675086980804	5.53125
1.0	2.0	0.0	0.021890946487802505	6.5
1.0	2.0	0.0	0.022191178694523393	7.15625
1.0	2.0	0.0	0.022606879222940114	8.40625
1.0	2.0	0.0	0.023108317633105346	8.46875
1.0	1.0	0.0	0.012702041581565033	8.65625
1.0	1.0	0.0	0.012906276051540311	10.09375
1.0	3.0	0.0	0.03607611547615814	6.75
1.0	2.0	0.0	0.02498251263431837	7.46875
1.0	2.0	0.0	0.025913001109272582	8.25
1.0	3.0	0.0	0.034921054178151015	5.875
1.0	3.0	0.0	0.03344121743521391	5.59375
1.0	3.0	0.0	0.03874384807567513	7.59375
1.0	3.0	0.0	0.03301527433317265	5.375
1.0	2.0	0.0	0.022765101661351813	5.5
1.0	2.0	0.0	0.022714408597153464	5.5625
1.0	2.0	0.0	0.0223161377842015	5.75
1.0	3.0	0.0	0.034107486568710904	5.40625
1.0	2.0	0.0	0.02262567393926997	5.46875
1.0	3.0	0.0	0.0405654089904373	9.09375
1.0	3.0	0.0	0.03238401157974673	6.03125
1.0	3.0	0.0	0.03225376607076642	6.96875
1.0	2.0	0.0	0.022200866708493246	6.6875
1.0	3.0	0.0	0.03233453443011229	7.625
1.0	3.0	0.0	0.034005929837404233	7.6875
1.0	3.0	0.0	0.03468666743070484	9.125
1.0	4.0	0.0	0.056212339774509304	1.3333333333333333
1.0	3.0	0.0	0.042714694748949934	1.5
