Constant_feature	Degree	Clustering_coefficient	Pagerank	Aver_path_len
1.0	1.0	0.0	0.022483304963128874	4.761904761904762
1.0	1.0	0.0	0.022865347339907936	5.0
1.0	2.0	0.0	0.0402247503650202	4.857142857142857
1.0	1.0	0.0	0.02254497622596362	4.619047619047619
1.0	3.0	0.0	0.05696019740114533	3.5714285714285716
1.0	2.0	0.0	0.03996497382905627	4.142857142857143
1.0	2.0	0.0	0.039773065827914345	4.285714285714286
1.0	3.0	0.0	0.05726054721302853	3.0476190476190474
1.0	3.0	0.0	0.0570484718169648	3.142857142857143
1.0	3.0	0.0	0.057463786874027686	3.380952380952381
1.0	2.0	0.0	0.03883852609784097	3.0476190476190474
1.0	3.0	0.0	0.0580641462449524	3.9523809523809526
1.0	3.0	0.0	0.057632456461532394	4.142857142857143
1.0	3.0	0.0	0.059998048234978785	3.6666666666666665
1.0	2.0	0.0	0.04002300823966509	4.285714285714286
1.0	3.0	0.0	0.05979297403589473	3.8095238095238093
1.0	3.0	0.0	0.061298361112130786	4.9523809523809526
1.0	3.0	0.0	0.061062925299890686	4.0476190476190474
1.0	2.0	0.0	0.04066100625718087	4.714285714285714
1.0	2.0	0.0	0.04156090144854162	4.809523809523809
1.0	2.0	0.0	0.04154323521099901	5.380952380952381
1.0	1.0	0.0	0.022934989500234735	5.904761904761905
