Constant_feature	Degree	Clustering_coefficient	Pagerank	Aver_path_len
1.0	2.0	0.0	0.03447668882718058	5.375
1.0	2.0	0.0	0.043928402366505546	7.416666666666667
1.0	2.0	0.0	0.034345870247477456	3.875
1.0	2.0	0.0	0.03375510271584765	4.291666666666667
1.0	2.0	0.0	0.041192428818597596	6.541666666666667
1.0	3.0	0.0	0.04903362727234793	4.208333333333333
1.0	3.0	0.0	0.04904876009891223	4.541666666666667
1.0	3.0	0.0	0.04941249456123188	5.0
1.0	3.0	0.0	0.04935633109048966	3.8333333333333335
1.0	3.0	0.0	0.04982897507577813	4.625
1.0	2.0	0.0	0.03447245788551502	5.041666666666667
1.0	3.0	0.0	0.051799167810246155	4.0
1.0	2.0	0.0	0.034999400059573006	5.791666666666667
1.0	2.0	0.0	0.035143973792384695	5.416666666666667
1.0	2.0	0.0	0.035027083866926545	5.625
1.0	2.0	0.0	0.03594503153662455	6.583333333333333
1.0	2.0	0.0	0.03593556674365714	4.375
1.0	2.0	0.0	0.03593556674365714	4.375
1.0	2.0	0.0	0.03599046967414065	6.208333333333333
1.0	3.0	0.0	0.054218032631417376	5.125
1.0	2.0	0.0	0.03643761587849766	4.75
1.0	2.0	0.0	0.03643761587849766	4.75
1.0	3.0	0.0	0.05808690760589601	5.75
1.0	1.0	0.0	0.021425383935564788	6.708333333333333
1.0	1.0	0.0	0.023767044883032808	8.375
