Constant_feature	Degree	Clustering_coefficient	Pagerank	Aver_path_len
1.0	0.0	0.0	0.0	0.0
1.0	2.0	0.0	0.03060008733688263	9.833333333333334
1.0	2.0	0.0	0.024648194873429986	7.194444444444445
1.0	1.0	0.0	0.013588555025893928	7.166666666666667
1.0	1.0	0.0	0.013047274902747685	6.305555555555555
1.0	1.0	0.0	0.01384510514071835	7.972222222222222
1.0	1.0	0.0	0.014612146952758297	7.527777777777778
1.0	3.0	0.0	0.03274726803122159	4.972222222222222
1.0	2.0	0.0	0.022364120652894677	5.25
1.0	2.0	0.0	0.02516144776113321	5.444444444444445
1.0	2.0	0.0	0.025935299913474263	5.972222222222222
1.0	1.0	0.0	0.014875275904569756	8.222222222222221
1.0	4.0	0.0	0.04838318397798022	6.194444444444445
1.0	3.0	0.0	0.033968852018856556	5.555555555555555
1.0	3.0	0.0	0.03234238683287325	4.777777777777778
1.0	2.0	0.0	0.022215534023306175	4.916666666666667
1.0	3.0	0.0	0.034041314312613105	5.75
1.0	3.0	0.0	0.03229671197277161	4.527777777777778
1.0	3.0	0.0	0.032158085758946985	4.611111111111111
1.0	2.0	0.0	0.022596477286781276	5.194444444444445
1.0	3.0	0.0	0.034481077491219064	5.333333333333333
1.0	2.0	0.0	0.026925950830602237	7.111111111111111
1.0	2.0	0.0	0.024006117183276776	6.555555555555555
1.0	3.0	0.0	0.0371400871805307	7.0
1.0	3.0	0.0	0.03316363440498693	4.555555555555555
1.0	3.0	0.0	0.03327958258563721	5.194444444444445
1.0	3.0	0.0	0.03337914138566998	5.277777777777778
1.0	1.0	0.0	0.014819763577546122	8.083333333333334
1.0	2.0	0.0	0.023975210702932754	4.972222222222222
1.0	2.0	0.0	0.02358524712741452	6.055555555555555
1.0	2.0	0.0	0.02362066665347523	6.138888888888889
1.0	2.0	0.0	0.024220327614523106	6.916666666666667
1.0	2.0	0.0	0.024230694641204656	7.0
1.0	3.0	0.0	0.040577772675785204	7.25
1.0	2.0	0.0	0.027947262154749405	8.055555555555555
1.0	3.0	0.0	0.03969580015569622	6.555555555555555
1.0	2.0	0.0	0.029050717277971472	8.916666666666666
1.0	1.0	0.0	0.016473623676924908	10.805555555555555
