Constant_feature	Degree	Clustering_coefficient	Pagerank	Aver_path_len
1.0	2.0	0.0	0.0440999050855041	3.3684210526315788
1.0	2.0	0.0	0.044193367071514944	3.6842105263157894
1.0	1.0	0.0	0.024549862609730737	3.8421052631578947
1.0	1.0	0.0	0.024549424522222738	4.0
1.0	1.0	0.0	0.02710084326412291	5.052631578947368
1.0	1.0	0.0	0.02710084326412291	5.052631578947368
1.0	1.0	0.0	0.02722143832668303	5.315789473684211
1.0	1.0	0.0	0.02722143832668303	5.315789473684211
1.0	3.0	0.0	0.0736715699076779	4.105263157894737
1.0	3.0	0.0	0.0740738630019413	4.368421052631579
1.0	3.0	0.0	0.06348308876606115	2.8947368421052633
1.0	3.0	0.0	0.06342024154678437	3.0526315789473686
1.0	3.0	0.0	0.06342096905443091	2.8947368421052633
1.0	3.0	0.0	0.06348109858320111	3.0526315789473686
1.0	3.0	0.0	0.06516544918429334	2.8947368421052633
1.0	3.0	0.0	0.06516561940452015	3.0526315789473686
1.0	3.0	0.0	0.06629432625115489	3.3684210526315788
1.0	2.0	0.0	0.04410006551323326	3.526315789473684
1.0	3.0	0.0	0.06691083360574265	3.6315789473684212
1.0	2.0	0.0	0.04477575271037415	3.9473684210526314
