Constant_feature	Degree	Clustering_coefficient	Pagerank	Aver_path_len
1.0	1.0	0.0	0.024988467854852023	4.7368421052631575
1.0	1.0	0.0	0.025144302186721243	4.421052631578948
1.0	2.0	0.0	0.04206457779701492	3.0526315789473686
1.0	2.0	0.0	0.044215952301030086	3.6842105263157894
1.0	3.0	0.0	0.06152255803354941	2.736842105263158
1.0	3.0	0.0	0.06104079637123357	2.6842105263157894
1.0	3.0	0.0	0.061965525024549994	3.0
1.0	2.0	0.0	0.043600993058737145	3.210526315789474
1.0	3.0	0.0	0.0625072199531919	3.1578947368421053
1.0	3.0	0.0	0.0621856434778352	2.8947368421052633
1.0	3.0	0.0	0.06357000083503911	3.263157894736842
1.0	3.0	0.0	0.06714640164091043	3.473684210526316
1.0	2.0	0.0	0.04390428464252042	3.736842105263158
1.0	3.0	0.0	0.0666276455095385	3.789473684210526
1.0	2.0	0.0	0.0440017638221819	3.6315789473684212
1.0	2.0	0.0	0.044486653787309205	4.0
1.0	2.0	0.0	0.04514287437537421	4.368421052631579
1.0	2.0	0.0	0.04530297324100507	4.526315789473684
1.0	2.0	0.0	0.045216506636786405	4.368421052631579
1.0	2.0	0.0	0.04536485945061892	4.7368421052631575
