Constant_feature	Degree	Clustering_coefficient	Pagerank	Aver_path_len
1.0	1.0	0.0	0.02279098473088768	6.5
1.0	1.0	0.0	0.022789520246435147	7.0
1.0	1.0	0.0	0.02289669310390855	7.181818181818182
1.0	1.0	0.0	0.021874320409663653	5.136363636363637
1.0	2.0	0.0	0.03819090597076673	3.909090909090909
1.0	2.0	0.0	0.03860997741351167	4.2727272727272725
1.0	2.0	0.0	0.038782454742862946	4.2727272727272725
1.0	3.0	0.0	0.05644939707583897	3.8181818181818183
1.0	3.0	0.0	0.056359393376112794	3.9545454545454546
1.0	2.0	0.0	0.03864348652420213	4.045454545454546
1.0	3.0	0.0	0.057868317337648925	4.363636363636363
1.0	3.0	0.0	0.05784426341106044	4.681818181818182
1.0	3.0	0.0	0.05842156492543818	4.181818181818182
1.0	2.0	0.0	0.04015169961752238	4.954545454545454
1.0	2.0	0.0	0.04014068509463269	5.045454545454546
1.0	2.0	0.0	0.04014353723979101	5.363636363636363
1.0	2.0	0.0	0.040132300139270105	5.454545454545454
1.0	3.0	0.0	0.061476349419222184	5.545454545454546
1.0	2.0	0.0	0.04095976439876019	5.636363636363637
1.0	3.0	0.0	0.06146935328468889	6.045454545454546
1.0	2.0	0.0	0.04095464135952459	6.136363636363637
1.0	3.0	0.0	0.06183041287285715	6.2272727272727275
1.0	2.0	0.0	0.04121997730539287	6.818181818181818
