Constant_feature	Degree	Clustering_coefficient	Pagerank	Aver_path_len
1.0	1.0	0.0	0.02750396911952895	3.7058823529411766
1.0	1.0	0.0	0.027503969119528942	3.7058823529411766
1.0	2.0	0.0	0.050102365375415986	3.1176470588235294
1.0	2.0	0.0	0.050102365375415986	3.1176470588235294
1.0	3.0	0.0	0.07134209374903364	2.8823529411764706
1.0	3.0	0.0	0.07134209374903364	2.8823529411764706
1.0	3.0	0.0	0.0715009030538217	2.6470588235294117
1.0	3.0	0.0	0.07150090305382169	2.6470588235294117
1.0	3.0	0.0	0.07316115951240944	2.764705882352941
1.0	3.0	0.0	0.07316115951240942	2.764705882352941
1.0	3.0	0.0	0.07698624939916072	3.588235294117647
1.0	3.0	0.0	0.07698624939916072	3.588235294117647
1.0	2.0	0.0	0.04985870354221469	3.588235294117647
1.0	2.0	0.0	0.04985870354221469	3.588235294117647
1.0	2.0	0.0	0.0508925223932812	4.294117647058823
1.0	2.0	0.0	0.05089252239328121	4.294117647058823
1.0	1.0	0.0	0.02865203385513355	4.529411764705882
1.0	1.0	0.0	0.02865203385513355	4.529411764705882
