Constant_feature	Degree	Clustering_coefficient	Pagerank	Aver_path_len
1.0	2.0	0.0	0.02584048056805029	5.242424242424242
1.0	1.0	0.0	0.014546438708387639	5.787878787878788
1.0	1.0	0.0	0.016062692595175815	7.0
1.0	1.0	0.0	0.015309248843210204	6.121212121212121
1.0	2.0	0.0	0.030346926169834455	9.636363636363637
1.0	3.0	0.0	0.03650722838734192	5.212121212121212
1.0	2.0	0.0	0.026822692563883206	4.909090909090909
1.0	2.0	0.0	0.025505151548388984	6.454545454545454
1.0	2.0	0.0	0.025917867727986592	6.515151515151516
1.0	1.0	0.0	0.015377647271412338	6.484848484848484
1.0	3.0	0.0	0.04339933630013765	7.757575757575758
1.0	2.0	0.0	0.026634987856852355	7.757575757575758
1.0	3.0	0.0	0.03837754798760027	4.7272727272727275
1.0	3.0	0.0	0.03868463382627488	4.818181818181818
1.0	3.0	0.0	0.03920436422912687	5.121212121212121
1.0	3.0	0.0	0.037126748736793676	4.909090909090909
1.0	2.0	0.0	0.029158716935074432	6.03030303030303
1.0	3.0	0.0	0.03670320453237263	5.666666666666667
1.0	3.0	0.0	0.041225419961881976	5.151515151515151
1.0	2.0	0.0	0.025370716468432124	5.9393939393939394
1.0	3.0	0.0	0.041456788328023235	5.515151515151516
1.0	3.0	0.0	0.037158091570812984	6.242424242424242
1.0	2.0	0.0	0.027347577565808877	6.0
1.0	3.0	0.0	0.03909312127366097	6.909090909090909
1.0	3.0	0.0	0.03990233447016839	6.545454545454546
1.0	2.0	0.0	0.02658933067536236	7.181818181818182
1.0	2.0	0.0	0.027391599744995	7.2727272727272725
1.0	2.0	0.0	0.027391599744995	7.2727272727272725
1.0	1.0	0.0	0.015960546501543747	8.727272727272727
1.0	1.0	0.0	0.015960546501543747	8.727272727272727
1.0	2.0	0.0	0.027736298314404644	8.0
1.0	2.0	0.0	0.027736298314404644	8.0
1.0	3.0	0.0	0.04155740086803921	8.727272727272727
1.0	1.0	0.0	0.01659641490801876	10.606060606060606
