Constant_feature	Degree	Clustering_coefficient	Pagerank	Aver_path_len
1.0	2.0	0.0	0.04468905062589478	2.5
1.0	1.0	0.0	0.021962660483344918	3.857142857142857
1.0	1.0	0.0	0.021962660483344918	3.857142857142857
1.0	1.0	0.0	0.02222072412341495	4.714285714285714
1.0	1.0	0.0	0.023690880348977775	4.571428571428571
1.0	1.0	0.0	0.024920744687928015	5.357142857142857
1.0	2.0	0.0	0.0403861145631432	2.7857142857142856
1.0	3.0	0.0	0.0650824116216927	3.642857142857143
1.0	2.0	0.0	0.04502558522844695	2.625
1.0	2.0	0.0	0.04502558522844695	2.625
1.0	2.0	0.0	0.04611904178602522	4.428571428571429
1.0	2.0	0.0	0.04610711785278554	3.0
1.0	2.0	0.0	0.04610711785278554	3.0
1.0	2.0	0.0	0.04186411858854343	3.142857142857143
1.0	2.0	0.0	0.04817684573264863	3.625
1.0	2.0	0.0	0.04817684573264863	3.625
1.0	1.0	0.0	0.025845925873171482	4.5
1.0	1.0	0.0	0.025845925873171482	4.5
1.0	3.0	0.0	0.05793189253958883	2.5714285714285716
1.0	3.0	0.0	0.0593217000428088	2.9285714285714284
1.0	3.0	0.0	0.0593217000428088	2.9285714285714284
1.0	2.0	0.0	0.040016717940093205	3.4285714285714284
1.0	2.0	0.0	0.040016717940093205	3.4285714285714284
1.0	3.0	0.0	0.0601819148081919	3.7857142857142856
