Constant_feature	Degree	Clustering_coefficient	Pagerank	Aver_path_len
1.0	2.0	0.0	0.041591466964503596	3.210526315789474
1.0	2.0	0.0	0.04312254741662967	4.157894736842105
1.0	1.0	0.0	0.02467057998188299	3.8421052631578947
1.0	1.0	0.0	0.026795922008740203	4.368421052631579
1.0	3.0	0.0	0.061053378637372854	3.0526315789473686
1.0	3.0	0.0	0.06143717375370862	3.3684210526315788
1.0	2.0	0.0	0.043007497404212926	3.8421052631578947
1.0	3.0	0.0	0.060897528734084244	2.5789473684210527
1.0	3.0	0.0	0.06053303622271734	2.6842105263157894
1.0	2.0	0.0	0.04375831932650145	4.578947368421052
1.0	3.0	0.0	0.06473542826020652	2.6842105263157894
1.0	3.0	0.0	0.06182886364782037	2.8947368421052633
1.0	3.0	0.0	0.06314888239708273	3.0
1.0	3.0	0.0	0.06557041518391879	2.8947368421052633
1.0	3.0	0.0	0.07265487943265626	3.4210526315789473
1.0	2.0	0.0	0.043828467941651225	3.6315789473684212
1.0	2.0	0.0	0.04429054228419321	3.736842105263158
1.0	2.0	0.0	0.04506869062096819	4.368421052631579
1.0	2.0	0.0	0.04521045777240832	4.473684210526316
1.0	1.0	0.0	0.026795922008740203	4.368421052631579
