Constant_feature	Degree	Clustering_coefficient	Pagerank	Aver_path_len
1.0	1.0	0.0	0.01749276073978439	5.444444444444445
1.0	2.0	0.0	0.03677136899813871	8.11111111111111
1.0	3.0	0.0	0.04487767886639432	4.037037037037037
1.0	2.0	0.0	0.03071648056722997	4.407407407407407
1.0	2.0	0.0	0.03176078927094952	4.111111111111111
1.0	2.0	0.0	0.03254247126345953	4.407407407407407
1.0	3.0	0.0	0.045420331214188966	5.0
1.0	3.0	0.0	0.04640318417153579	4.481481481481482
1.0	3.0	0.0	0.0453326238374658	4.851851851851852
1.0	3.0	0.0	0.04514838569832259	3.888888888888889
1.0	3.0	0.0	0.04613217428362666	4.62962962962963
1.0	2.0	0.0	0.03183784129995109	5.814814814814815
1.0	2.0	0.0	0.031808469381433495	5.666666666666667
1.0	2.0	0.0	0.03233175160716185	5.444444444444445
1.0	2.0	0.0	0.03233175160716185	5.444444444444445
1.0	2.0	0.0	0.03253571209914405	6.62962962962963
1.0	2.0	0.0	0.0325255529073574	6.481481481481482
1.0	2.0	0.0	0.033155364695698124	6.2592592592592595
1.0	2.0	0.0	0.033155364695698124	6.2592592592592595
1.0	2.0	0.0	0.03341201462458405	7.074074074074074
1.0	3.0	0.0	0.048015520583072416	5.222222222222222
1.0	2.0	0.0	0.03262090669320637	4.777777777777778
1.0	2.0	0.0	0.03307303315335904	5.888888888888889
1.0	2.0	0.0	0.03307303315335904	5.888888888888889
1.0	3.0	0.0	0.05031208593502425	7.222222222222222
1.0	2.0	0.0	0.03354723040105323	6.555555555555555
1.0	2.0	0.0	0.03354723040105323	6.555555555555555
1.0	1.0	0.0	0.02011888785058579	9.074074074074074
