Constant_feature	Degree	Clustering_coefficient	Pagerank	Aver_path_len
1.0	4.0	0.0	0.05611658668958004	8.342857142857143
1.0	2.0	0.0	0.027739294941264758	7.714285714285714
1.0	1.0	0.0	0.013820810995294548	6.6
1.0	2.0	0.0	0.02594604143636227	7.371428571428571
1.0	2.0	0.0	0.029022477111869262	7.0285714285714285
1.0	1.0	0.0	0.014768470392570347	7.085714285714285
1.0	3.0	0.0	0.034951936495379504	5.514285714285714
1.0	2.0	0.0	0.024684850122134887	5.571428571428571
1.0	3.0	0.0	0.03543721208938244	5.828571428571428
1.0	3.0	0.0	0.03500076118092952	5.371428571428571
1.0	2.0	0.0	0.024306042136143735	6.2
1.0	2.0	0.0	0.024215338846086034	5.9714285714285715
1.0	2.0	0.0	0.024969331812063466	6.285714285714286
1.0	3.0	0.0	0.03613246287589531	5.314285714285714
1.0	3.0	0.0	0.036811033970193904	5.628571428571429
1.0	3.0	0.0	0.03621450228050103	5.428571428571429
1.0	2.0	0.0	0.025528739759679925	5.771428571428571
1.0	2.0	0.0	0.02568919004067482	6.8
1.0	4.0	0.0	0.05835673391283395	9.142857142857142
1.0	3.0	0.0	0.03997084301311955	6.114285714285714
1.0	2.0	0.0	0.02641544041980615	6.171428571428572
1.0	2.0	0.0	0.0269993130434863	6.628571428571429
1.0	2.0	0.0	0.027409521149129437	7.142857142857143
1.0	1.0	0.0	0.01590729302282957	10.114285714285714
1.0	1.0	0.0	0.01590729302282957	10.114285714285714
1.0	1.0	0.0	0.01590729302282957	10.114285714285714
1.0	1.0	0.0	0.015404682530618047	9.314285714285715
1.0	1.0	0.0	0.015404682530618047	9.314285714285715
1.0	2.0	0.0	0.025794226280598485	8.0
1.0	1.0	0.0	0.01583851664444858	8.0
1.0	3.0	0.0	0.03780562151521154	8.685714285714285
1.0	2.0	0.0	0.026020789831827984	9.542857142857143
1.0	2.0	0.0	0.026020789831827984	9.542857142857143
1.0	2.0	0.0	0.026450138557288942	10.4
1.0	2.0	0.0	0.026450138557288942	10.4
1.0	2.0	0.0	0.026581599937401376	11.257142857142858
