Constant_feature	Degree	Clustering_coefficient	Pagerank	Aver_path_len
1.0	2.0	0.0	0.03084399061323299	6.7
1.0	1.0	0.0	0.015572973769985803	5.266666666666667
1.0	2.0	0.0	0.029346205329953128	6.766666666666667
1.0	3.0	0.0	0.03926629064634515	3.9
1.0	2.0	0.0	0.02705237835128039	4.6
1.0	2.0	0.0	0.027251302799569777	4.6
1.0	3.0	0.0	0.03934578078571935	4.066666666666666
1.0	3.0	0.0	0.04002330839857044	4.8
1.0	3.0	0.0	0.04007750666169075	4.933333333333334
1.0	2.0	0.0	0.027037048922980415	4.466666666666667
1.0	3.0	0.0	0.03963141608511651	4.166666666666667
1.0	3.0	0.0	0.04115721267082072	4.3
1.0	2.0	0.0	0.028019997386919526	5.366666666666666
1.0	2.0	0.0	0.028155185279357703	5.5
1.0	3.0	0.0	0.04045308273463214	4.566666666666666
1.0	3.0	0.0	0.04261937647241247	5.933333333333334
1.0	3.0	0.0	0.04121019525036674	4.8
1.0	2.0	0.0	0.028682982916700083	6.066666666666666
1.0	2.0	0.0	0.028038117981107332	5.2
1.0	2.0	0.0	0.028993664923912706	5.633333333333334
1.0	2.0	0.0	0.028993664923912706	5.633333333333334
1.0	2.0	0.0	0.032955796142898015	7.533333333333333
1.0	2.0	0.0	0.03522819239318154	8.433333333333334
1.0	3.0	0.0	0.042254490245398874	5.9
1.0	2.0	0.0	0.0297896896248147	6.466666666666667
1.0	2.0	0.0	0.0297896896248147	6.466666666666667
1.0	2.0	0.0	0.030035900293898844	7.3
1.0	1.0	0.0	0.019077104994925743	9.4
1.0	2.0	0.0	0.029346205329953124	6.766666666666667
1.0	2.0	0.0	0.02987562422276367	7.633333333333334
1.0	2.0	0.0	0.02987562422276367	7.633333333333334
