Constant_feature	Degree	Clustering_coefficient	Pagerank	Aver_path_len
1.0	4.0	0.0	0.08185602633929172	3.380952380952381
1.0	1.0	0.0	0.022963074715702143	4.333333333333333
1.0	1.0	0.0	0.022963074715702143	4.333333333333333
1.0	1.0	0.0	0.022885148299642992	4.714285714285714
1.0	1.0	0.0	0.025804709192049007	6.0
1.0	1.0	0.0	0.025804709192049007	6.0
1.0	1.0	0.0	0.02494527966288208	5.571428571428571
1.0	1.0	0.0	0.02614941260693455	6.333333333333333
1.0	1.0	0.0	0.02614941260693455	6.333333333333333
1.0	3.0	0.0	0.06117354455764125	3.619047619047619
1.0	2.0	0.0	0.04310697489881836	4.0476190476190474
1.0	3.0	0.0	0.05875009033474107	3.1904761904761907
1.0	3.0	0.0	0.05879353572702333	3.5238095238095237
1.0	3.0	0.0	0.06113145554961667	3.761904761904762
1.0	2.0	0.0	0.04415656217422989	4.285714285714286
1.0	2.0	0.0	0.04033237743369196	3.380952380952381
1.0	2.0	0.0	0.040628462084918805	3.7142857142857144
1.0	3.0	0.0	0.060537442102479	3.5714285714285716
1.0	2.0	0.0	0.04099030955647002	3.9047619047619047
1.0	3.0	0.0	0.07086556709423789	5.0476190476190474
1.0	3.0	0.0	0.06799694717276822	4.619047619047619
1.0	3.0	0.0	0.07201588398217519	5.380952380952381
