Constant_feature	Degree	Clustering_coefficient	Pagerank	Aver_path_len
1.0	1.0	0.0	0.020625217181225872	5.375
1.0	3.0	0.0	0.05209152089114509	5.0
1.0	3.0	0.0	0.05307532751445769	4.375
1.0	2.0	0.0	0.037627502336891355	4.625
1.0	2.0	0.0	0.037783338643814515	4.916666666666667
1.0	2.0	0.0	0.03757565869923382	6.625
1.0	3.0	0.0	0.05274307173958142	5.458333333333333
1.0	2.0	0.0	0.03679672784237385	6.208333333333333
1.0	2.0	0.0	0.03679672784237384	6.208333333333333
1.0	2.0	0.0	0.03771798988325872	6.958333333333333
1.0	2.0	0.0	0.037717989883258723	6.958333333333333
1.0	2.0	0.0	0.03585182606667931	4.791666666666667
1.0	2.0	0.0	0.03585182606667931	4.791666666666667
1.0	2.0	0.0	0.03813316253399611	7.708333333333333
1.0	2.0	0.0	0.038133162533996096	7.708333333333333
1.0	2.0	0.0	0.03605738679217726	4.583333333333333
1.0	2.0	0.0	0.03605738679217726	4.583333333333333
1.0	3.0	0.0	0.055419462753186155	4.416666666666667
1.0	3.0	0.0	0.05616840416278332	5.291666666666667
1.0	3.0	0.0	0.05466810383656599	5.833333333333333
1.0	1.0	0.0	0.020850532803446207	6.25
1.0	2.0	0.0	0.03757565869923382	6.625
1.0	2.0	0.0	0.038165981148999786	7.416666666666667
1.0	2.0	0.0	0.038165981148999786	7.416666666666667
1.0	2.0	0.0	0.0383500522034646	8.208333333333334
