Constant_feature	Degree	Clustering_coefficient	Pagerank	Aver_path_len
1.0	2.0	0.0	0.06639663297717885	3.5
1.0	1.0	0.0	0.03390478475805	4.357142857142857
1.0	1.0	0.0	0.04004441621472467	5.857142857142857
1.0	2.0	0.0	0.05945305235820876	3.2857142857142856
1.0	2.0	0.0	0.06005037721358376	3.2857142857142856
1.0	2.0	0.0	0.061523495285677784	4.071428571428571
1.0	3.0	0.0	0.0875563171737899	2.642857142857143
1.0	3.0	0.0	0.08588369136952459	2.642857142857143
1.0	3.0	0.0	0.08642383756982294	2.9285714285714284
1.0	2.0	0.0	0.06281332236557408	3.0
1.0	2.0	0.0	0.059687969745226936	3.142857142857143
1.0	3.0	0.0	0.09079343140714166	3.4285714285714284
1.0	2.0	0.0	0.06992382162755545	4.142857142857143
1.0	2.0	0.0	0.061374851803715616	3.7857142857142856
1.0	2.0	0.0	0.07416999813022519	4.928571428571429
