Constant_feature	Degree	Clustering_coefficient	Pagerank	Aver_path_len
1.0	1.0	0.0	0.02095089168409848	6.6
1.0	1.0	0.0	0.02095089168409848	6.6
1.0	1.0	0.0	0.02095089168409848	6.6
1.0	2.0	0.0	0.039438598120466725	7.16
1.0	1.0	0.0	0.020825638053694452	5.8
1.0	1.0	0.0	0.020825638053694452	5.8
1.0	2.0	0.0	0.03389962329853533	3.96
1.0	2.0	0.0	0.03335878903989417	3.8
1.0	2.0	0.0	0.0338836263462718	4.2
1.0	3.0	0.0	0.048997905203107095	3.96
1.0	3.0	0.0	0.04923714942625739	4.36
1.0	3.0	0.0	0.049378366668645916	3.64
1.0	3.0	0.0	0.05202384635819034	4.92
1.0	2.0	0.0	0.03415191608155055	4.44
1.0	3.0	0.0	0.05088663068380195	4.04
1.0	2.0	0.0	0.0343217738640907	4.84
1.0	2.0	0.0	0.03489724598203115	5.32
1.0	3.0	0.0	0.05079823341153762	4.36
1.0	4.0	0.0	0.07601832825974487	5.64
1.0	2.0	0.0	0.035220687213430676	5.0
1.0	2.0	0.0	0.035220687213430676	5.0
1.0	3.0	0.0	0.05386342970785091	6.28
1.0	2.0	0.0	0.03585326300713115	5.64
1.0	2.0	0.0	0.03585326300713115	5.64
1.0	3.0	0.0	0.056598448961132065	4.84
1.0	1.0	0.0	0.0215942369860834	8.12
