Constant_feature	Degree	Clustering_coefficient	Pagerank	Aver_path_len
1.0	1.0	0.0	0.01867124924743414	5.8076923076923075
1.0	1.0	0.0	0.019592473784183696	7.076923076923077
1.0	4.0	0.0	0.06772313152712289	3.8076923076923075
1.0	1.0	0.0	0.019266178134865267	5.769230769230769
1.0	1.0	0.0	0.02017547132924805	6.423076923076923
1.0	1.0	0.0	0.02017547132924805	6.423076923076923
1.0	1.0	0.0	0.02017547132924805	6.423076923076923
1.0	1.0	0.0	0.018941924173992	4.769230769230769
1.0	1.0	0.0	0.018941924173992	4.769230769230769
1.0	3.0	0.0	0.046882889895150465	3.8076923076923075
1.0	2.0	0.0	0.03314294927896796	3.6923076923076925
1.0	2.0	0.0	0.032563925811966044	4.384615384615385
1.0	2.0	0.0	0.03257603841195288	4.769230769230769
1.0	3.0	0.0	0.04733596246110382	3.6538461538461537
1.0	3.0	0.0	0.05003893838458103	4.153846153846154
1.0	3.0	0.0	0.04739510005777055	4.423076923076923
1.0	2.0	0.0	0.03279830731418931	4.3076923076923075
1.0	3.0	0.0	0.050100734622782736	4.730769230769231
1.0	2.0	0.0	0.034519713093286095	4.8076923076923075
1.0	3.0	0.0	0.05187267291299032	4.8076923076923075
1.0	3.0	0.0	0.052685511601275464	5.461538461538462
1.0	3.0	0.0	0.04989248919446874	4.846153846153846
1.0	2.0	0.0	0.03370119905086972	5.346153846153846
1.0	2.0	0.0	0.03515494821534526	5.461538461538462
1.0	3.0	0.0	0.05296019392261775	6.115384615384615
1.0	4.0	0.0	0.07320647511961813	5.461538461538462
1.0	1.0	0.0	0.01950865562172935	6.423076923076923
