Constant_feature	Degree	Clustering_coefficient	Pagerank	Aver_path_len
1.0	0.0	0.0	0.0	0.0
1.0	2.0	0.0	0.023996595651887186	7.378378378378378
1.0	1.0	0.0	0.013229771010851894	7.351351351351352
1.0	1.0	0.0	0.012699504057456904	6.45945945945946
1.0	1.0	0.0	0.013479616011293749	8.162162162162161
1.0	1.0	0.0	0.013610223338548453	7.4324324324324325
1.0	3.0	0.0	0.031858647725444646	5.108108108108108
1.0	2.0	0.0	0.021747186493576487	5.378378378378378
1.0	2.0	0.0	0.02399216863567548	5.4324324324324325
1.0	2.0	0.0	0.024407309030433266	5.918918918918919
1.0	1.0	0.0	0.013940831697681106	10.513513513513514
1.0	4.0	0.0	0.04710379701206854	6.378378378378378
1.0	3.0	0.0	0.033066612124452	5.72972972972973
1.0	3.0	0.0	0.031465238766709196	4.918918918918919
1.0	2.0	0.0	0.02159868119925402	5.027027027027027
1.0	3.0	0.0	0.033136595550686175	5.918918918918919
1.0	3.0	0.0	0.03136598795492905	4.621621621621622
1.0	3.0	0.0	0.031266842310253035	4.72972972972973
1.0	2.0	0.0	0.021991283905901635	5.351351351351352
1.0	3.0	0.0	0.03355934458404234	5.486486486486487
1.0	2.0	0.0	0.026215415009376047	7.297297297297297
1.0	2.0	0.0	0.023370722195072323	6.72972972972973
1.0	3.0	0.0	0.03615955403381603	7.1891891891891895
1.0	3.0	0.0	0.03211462836987489	4.621621621621622
1.0	3.0	0.0	0.03231886648226801	5.27027027027027
1.0	3.0	0.0	0.032450734763237545	5.378378378378378
1.0	1.0	0.0	0.014428688385808937	8.27027027027027
1.0	2.0	0.0	0.02306335928785835	5.0
1.0	2.0	0.0	0.022926419655269162	6.135135135135135
1.0	2.0	0.0	0.022973194970300155	6.243243243243243
1.0	2.0	0.0	0.023554900357908824	7.0
1.0	2.0	0.0	0.02356872603667021	7.108108108108108
1.0	3.0	0.0	0.03659254016830018	6.45945945945946
1.0	3.0	0.0	0.035770308393793734	7.108108108108108
1.0	2.0	0.0	0.02462002003580967	7.918918918918919
1.0	2.0	0.0	0.02462002003580967	7.918918918918919
1.0	2.0	0.0	0.025020874225303743	8.72972972972973
1.0	2.0	0.0	0.025020874225303743	8.72972972972973
1.0	3.0	0.0	0.037693916307073194	9.54054054054054
