Constant_feature	Degree	Clustering_coefficient	Pagerank	Aver_path_len
1.0	2.0	0.0	0.06414742020999582	4.066666666666666
1.0	1.0	0.0	0.033854504216223213	3.933333333333333
1.0	1.0	0.0	0.03566311804692472	4.866666666666666
1.0	2.0	0.0	0.05961196449545897	2.8666666666666667
1.0	2.0	0.0	0.06939187046331541	4.733333333333333
1.0	1.0	0.0	0.03747590025495898	5.666666666666667
1.0	3.0	0.0	0.08585676452285505	2.8666666666666667
1.0	3.0	0.0	0.08764395878820262	3.2666666666666666
1.0	2.0	0.0	0.06326762226314793	3.4
1.0	2.0	0.0	0.05886552534345607	3.533333333333333
1.0	3.0	0.0	0.09201355894564496	3.0
1.0	2.0	0.0	0.05948733680299455	3.933333333333333
1.0	2.0	0.0	0.05968363506719527	4.2
1.0	2.0	0.0	0.05987779563328995	4.6
1.0	3.0	0.0	0.09804225700643922	3.933333333333333
1.0	1.0	0.0	0.03511676793989722	5.0
