Constant_feature	Degree	Clustering_coefficient	Pagerank	Aver_path_len
1.0	1.0	0.0	0.029455578785366435	4.0
1.0	2.0	0.0	0.05108196250401013	2.875
1.0	2.0	0.0	0.052747750105757926	3.625
1.0	3.0	0.0	0.07529301313972336	2.6875
1.0	3.0	0.0	0.07588388033891127	3.25
1.0	3.0	0.0	0.07536967534517486	2.9375
1.0	3.0	0.0	0.07668408885182772	3.0
1.0	2.0	0.0	0.0520438814485469	3.0
1.0	3.0	0.0	0.07857607488434593	3.0625
1.0	2.0	0.0	0.052925752409462026	3.9375
1.0	2.0	0.0	0.05356961174983954	3.6875
1.0	2.0	0.0	0.05356961174983954	3.6875
1.0	2.0	0.0	0.053953437859996387	4.625
1.0	2.0	0.0	0.05485070087334602	4.375
1.0	2.0	0.0	0.05485070087334602	4.375
1.0	2.0	0.0	0.05389707497041611	4.3125
1.0	2.0	0.0	0.055247204110089744	5.0625
