Constant_feature	Degree	Clustering_coefficient	Pagerank	Aver_path_len
1.0	1.0	0.0	0.01316285464023096	8.513513513513514
1.0	4.0	0.0	0.05204185107908192	8.567567567567568
1.0	1.0	0.0	0.013177477683415482	8.027027027027026
1.0	1.0	0.0	0.013475330282478623	9.162162162162161
1.0	1.0	0.0	0.013228277945873697	6.621621621621622
1.0	1.0	0.0	0.012966972058880703	7.0
1.0	1.0	0.0	0.014341682841356175	9.54054054054054
1.0	1.0	0.0	0.014341682841356175	9.54054054054054
1.0	1.0	0.0	0.014341682841356175	9.54054054054054
1.0	3.0	0.0	0.03376867621067806	6.243243243243243
1.0	2.0	0.0	0.023359059502341392	5.918918918918919
1.0	3.0	0.0	0.03353121765044034	5.648648648648648
1.0	2.0	0.0	0.023250793933159805	6.783783783783784
1.0	3.0	0.0	0.033600019645560315	6.72972972972973
1.0	3.0	0.0	0.0351037702807585	7.54054054054054
1.0	3.0	0.0	0.03515352182116152	7.054054054054054
1.0	3.0	0.0	0.03435427007915312	7.378378378378378
1.0	3.0	0.0	0.036146122797927165	8.18918918918919
1.0	2.0	0.0	0.023998139250971336	8.243243243243244
1.0	3.0	0.0	0.03532128960254007	5.648648648648648
1.0	2.0	0.0	0.02462266945587336	9.054054054054054
1.0	2.0	0.0	0.02457799188394692	9.108108108108109
1.0	3.0	0.0	0.034245411825742755	5.486486486486487
1.0	2.0	0.0	0.024772035859327572	9.91891891891892
1.0	3.0	0.0	0.03358362158515878	5.486486486486487
1.0	2.0	0.0	0.023351437992023695	5.486486486486487
1.0	2.0	0.0	0.023351437992023695	5.486486486486487
1.0	3.0	0.0	0.03363295638061367	6.45945945945946
1.0	2.0	0.0	0.02321572419519113	5.486486486486487
1.0	2.0	0.0	0.02321572419519113	5.486486486486487
1.0	3.0	0.0	0.03444931489156547	6.027027027027027
1.0	3.0	0.0	0.03496025665711973	6.351351351351352
1.0	3.0	0.0	0.03376638418101091	7.162162162162162
1.0	2.0	0.0	0.02341063378105939	7.108108108108108
1.0	3.0	0.0	0.035634886581613054	7.756756756756757
1.0	2.0	0.0	0.023519893770132194	7.8108108108108105
1.0	2.0	0.0	0.023904679552644772	8.45945945945946
1.0	1.0	0.0	0.013120246231039877	7.324324324324325
