Constant_feature	Degree	Clustering_coefficient	Pagerank	Aver_path_len
1.0	3.0	0.0	0.08740737925504174	3.9411764705882355
1.0	2.0	0.0	0.05478410583784238	3.235294117647059
1.0	2.0	0.0	0.05210367609247836	3.0
1.0	1.0	0.0	0.029091090436848897	3.823529411764706
1.0	1.0	0.0	0.029240797031262592	4.176470588235294
1.0	1.0	0.0	0.03134420787369152	5.0
1.0	1.0	0.0	0.03178874845974987	4.882352941176471
1.0	2.0	0.0	0.0548181366656643	3.235294117647059
1.0	3.0	0.0	0.07676395401627178	2.6470588235294117
1.0	3.0	0.0	0.0784523454994153	2.8823529411764706
1.0	3.0	0.0	0.07895052631261355	3.235294117647059
1.0	3.0	0.0	0.07847597845100057	3.235294117647059
1.0	3.0	0.0	0.07668365830442414	2.6470588235294117
1.0	2.0	0.0	0.05730817857902453	4.0588235294117645
1.0	3.0	0.0	0.087440871500678	3.9411764705882355
1.0	1.0	0.0	0.03178874845974987	4.882352941176471
1.0	1.0	0.0	0.03177879861212119	4.882352941176471
1.0	1.0	0.0	0.03177879861212119	4.882352941176471
