Constant_feature	Degree	Clustering_coefficient	Pagerank	Aver_path_len
1.0	2.0	0.0	0.035124158342208646	4.76
1.0	2.0	0.0	0.03395973506231746	5.12
1.0	1.0	0.0	0.020086372665838858	5.8
1.0	1.0	0.0	0.021376254257761372	8.28
1.0	1.0	0.0	0.021376254257761372	8.28
1.0	2.0	0.0	0.035686071846001234	5.08
1.0	2.0	0.0	0.034320923773733816	5.68
1.0	2.0	0.0	0.034416756479964505	5.4
1.0	3.0	0.0	0.05843283027143641	7.32
1.0	2.0	0.0	0.034187935447019646	5.88
1.0	3.0	0.0	0.05117903383606194	6.44
1.0	3.0	0.0	0.049955855275287606	5.4
1.0	3.0	0.0	0.05199960958871355	5.4
1.0	2.0	0.0	0.03550116701565168	7.24
1.0	2.0	0.0	0.03550116701565168	7.24
1.0	2.0	0.0	0.03555576181650809	5.96
1.0	3.0	0.0	0.053700441490192756	6.52
1.0	2.0	0.0	0.035764579648068284	6.2
1.0	2.0	0.0	0.03589215498428312	4.76
1.0	2.0	0.0	0.0362206391926284	8.04
1.0	2.0	0.0	0.0362206391926284	8.04
1.0	3.0	0.0	0.054134460463554024	4.84
1.0	3.0	0.0	0.05042119947820523	4.84
1.0	2.0	0.0	0.03644690872472733	8.84
1.0	2.0	0.0	0.03627478925809778	7.32
1.0	2.0	0.0	0.03626430061569689	6.76
