Constant_feature	Degree	Clustering_coefficient	Pagerank	Aver_path_len
1.0	2.0	0.0	0.01199954181187319	8.242857142857142
1.0	2.0	0.0	0.012939446800990526	7.571428571428571
1.0	2.0	0.0	0.01234967189551337	6.514285714285714
1.0	1.0	0.0	0.006760192164391003	6.728571428571429
1.0	2.0	0.0	0.012741214229540856	7.585714285714285
1.0	2.0	0.0	0.013453424913211783	7.142857142857143
1.0	1.0	0.0	0.006943447746309039	7.242857142857143
1.0	2.0	0.0	0.012678448298332989	6.557142857142857
1.0	1.0	0.0	0.007777693123973077	9.485714285714286
1.0	2.0	0.0	0.013740476875298564	9.157142857142857
1.0	1.0	0.0	0.007118560158923409	8.285714285714286
1.0	1.0	0.0	0.0074055157935981625	9.32857142857143
1.0	1.0	0.0	0.0079285277503177	9.057142857142857
1.0	1.0	0.0	0.007224878629284981	7.985714285714286
1.0	1.0	0.0	0.00718007990618298	8.485714285714286
1.0	1.0	0.0	0.008078501224384303	12.757142857142858
1.0	1.0	0.0	0.008477246787686613	13.714285714285714
1.0	1.0	0.0	0.007216705947319306	10.585714285714285
1.0	2.0	0.0	0.012769031024203036	8.814285714285715
1.0	3.0	0.0	0.017067510943361515	5.914285714285715
1.0	4.0	0.0	0.02294372794240764	6.671428571428572
1.0	4.0	0.0	0.023407674275488757	6.242857142857143
1.0	3.0	0.0	0.017345711307054777	7.285714285714286
1.0	3.0	0.0	0.017438900098087	5.757142857142857
1.0	4.0	0.0	0.023783021249515368	5.742857142857143
1.0	3.0	0.0	0.017784191228573613	6.857142857142857
1.0	2.0	0.0	0.011948417716632334	7.614285714285714
1.0	4.0	0.0	0.02473233744879563	6.385714285714286
1.0	2.0	0.0	0.01196942461593356	7.628571428571429
1.0	3.0	0.0	0.018448062627085128	6.257142857142857
1.0	2.0	0.0	0.01221376183343901	6.042857142857143
1.0	3.0	0.0	0.018065444191796422	6.085714285714285
1.0	1.0	0.0	0.006674645529754104	7.228571428571429
1.0	3.0	0.0	0.01841836194467332	6.242857142857143
1.0	3.0	0.0	0.018176910029523347	6.142857142857143
1.0	3.0	0.0	0.018561505670803752	6.385714285714286
1.0	1.0	0.0	0.006972642686893789	7.371428571428571
1.0	1.0	0.0	0.006972642686893789	7.371428571428571
1.0	1.0	0.0	0.006976355046233905	7.371428571428571
1.0	3.0	0.0	0.021232983135756948	8.5
1.0	3.0	0.0	0.019035451053148827	7.3
1.0	3.0	0.0	0.019989753334246897	8.342857142857143
1.0	1.0	0.0	0.007777693123973077	9.485714285714286
1.0	3.0	0.0	0.021735893481377937	8.071428571428571
1.0	3.0	0.0	0.01938705301231531	7.0
1.0	3.0	0.0	0.018871229672100424	8.142857142857142
1.0	3.0	0.0	0.019239492943659765	7.5
1.0	1.0	0.0	0.0079285277503177	9.057142857142857
1.0	2.0	0.0	0.013059634845691427	9.071428571428571
1.0	2.0	0.0	0.013059634845691427	9.071428571428571
1.0	2.0	0.0	0.01407794188910743	10.0
1.0	3.0	0.0	0.0185073233411435	8.057142857142857
1.0	2.0	0.0	0.013308470498314672	10.0
1.0	2.0	0.0	0.013308470498314672	10.0
1.0	2.0	0.0	0.014413462306084705	10.871428571428572
1.0	2.0	0.0	0.013387065709811106	10.928571428571429
1.0	3.0	0.0	0.01860450147240291	8.9
1.0	3.0	0.0	0.022234493800252726	11.771428571428572
1.0	2.0	0.0	0.012937271723345658	9.82857142857143
1.0	2.0	0.0	0.012937271723345658	9.82857142857143
1.0	3.0	0.0	0.019360794975698453	9.6
1.0	2.0	0.0	0.015707677199487416	12.728571428571428
1.0	2.0	0.0	0.013217012924051004	10.757142857142858
1.0	2.0	0.0	0.013217012924051004	10.757142857142858
1.0	3.0	0.0	0.019037672868605148	10.442857142857143
1.0	2.0	0.0	0.01330359403179199	11.685714285714285
1.0	2.0	0.0	0.013134501201762887	11.371428571428572
1.0	2.0	0.0	0.013134501201762887	11.371428571428572
1.0	2.0	0.0	0.013365931571352772	12.3
1.0	2.0	0.0	0.013365931571352772	12.3
1.0	2.0	0.0	0.013437895215399124	13.228571428571428
