Constant_feature	Degree	Clustering_coefficient	Pagerank	Aver_path_len
1.0	2.0	0.0	0.03258735213537884	5.444444444444445
1.0	1.0	0.0	0.017963878583735663	5.407407407407407
1.0	1.0	0.0	0.01726646694759683	4.925925925925926
1.0	1.0	0.0	0.01830159453258687	6.148148148148148
1.0	2.0	0.0	0.03526910650625969	6.185185185185185
1.0	3.0	0.0	0.0434282733222464	3.814814814814815
1.0	2.0	0.0	0.029735898871317494	4.037037037037037
1.0	4.0	0.0	0.06396937542760417	4.444444444444445
1.0	3.0	0.0	0.04493772933399845	3.925925925925926
1.0	3.0	0.0	0.04289237818636145	3.5555555555555554
1.0	3.0	0.0	0.0450341021894697	4.185185185185185
1.0	2.0	0.0	0.029541489434418505	4.074074074074074
1.0	2.0	0.0	0.029921339823023706	3.7777777777777777
1.0	3.0	0.0	0.04313927408852847	3.888888888888889
1.0	3.0	0.0	0.04276270155915551	3.6666666666666665
1.0	3.0	0.0	0.04564870238770849	3.962962962962963
1.0	2.0	0.0	0.03559342487638186	5.333333333333333
1.0	2.0	0.0	0.03174477974255828	4.925925925925926
1.0	3.0	0.0	0.04909828399349899	5.185185185185185
1.0	2.0	0.0	0.029879157460244367	4.2592592592592595
1.0	3.0	0.0	0.04455220996174629	4.62962962962963
1.0	1.0	0.0	0.019589166904959245	6.296296296296297
1.0	3.0	0.0	0.04445364635728647	4.407407407407407
1.0	3.0	0.0	0.04733221447588251	5.296296296296297
1.0	2.0	0.0	0.031410562772525775	5.222222222222222
1.0	2.0	0.0	0.03227412547245847	6.111111111111111
1.0	2.0	0.0	0.032230002414047595	5.888888888888889
1.0	1.0	0.0	0.019442762239019598	7.148148148148148
