Constant_feature	Degree	Clustering_coefficient	Pagerank	Aver_path_len
1.0	1.0	0.0	0.02824060464468083	4.705882352941177
1.0	1.0	0.0	0.027870205637726023	4.0
1.0	2.0	0.0	0.04832663177906733	2.9411764705882355
1.0	3.0	0.0	0.07137328051033125	2.9411764705882355
1.0	3.0	0.0	0.07196762376127523	3.176470588235294
1.0	3.0	0.0	0.0711944245056262	2.823529411764706
1.0	3.0	0.0	0.07246671174760069	3.176470588235294
1.0	3.0	0.0	0.07438088686040462	3.0588235294117645
1.0	2.0	0.0	0.049228912826813874	3.0588235294117645
1.0	3.0	0.0	0.07561554053786063	3.764705882352941
1.0	2.0	0.0	0.04995912812707319	3.6470588235294117
1.0	2.0	0.0	0.05123180818177453	4.470588235294118
1.0	2.0	0.0	0.051090703428479274	4.235294117647059
1.0	2.0	0.0	0.05061300259055129	3.8823529411764706
1.0	2.0	0.0	0.05061300259055129	3.8823529411764706
1.0	2.0	0.0	0.0518181796181415	4.588235294117647
1.0	2.0	0.0	0.0518181796181415	4.588235294117647
1.0	2.0	0.0	0.05219117303390052	5.294117647058823
