Constant_feature	Degree	Clustering_coefficient	Pagerank	Aver_path_len
1.0	1.0	0.0	0.01611512718128085	5.0
1.0	1.0	0.0	0.016111061557410045	5.166666666666667
1.0	1.0	0.0	0.01610737322329514	5.4
1.0	1.0	0.0	0.01783582394401377	8.166666666666666
1.0	1.0	0.0	0.01783582394401377	8.166666666666666
1.0	3.0	0.0	0.04112087725381161	4.033333333333333
1.0	2.0	0.0	0.027729837635666863	3.933333333333333
1.0	3.0	0.0	0.048702551705644324	7.2
1.0	3.0	0.0	0.04055655276317425	3.7666666666666666
1.0	3.0	0.0	0.04116399378553483	3.933333333333333
1.0	3.0	0.0	0.04168043169195767	4.4
1.0	3.0	0.0	0.041774583848985705	4.466666666666667
1.0	3.0	0.0	0.042963213836473266	4.033333333333333
1.0	3.0	0.0	0.04295222715582703	4.2
1.0	3.0	0.0	0.04293780121594004	4.433333333333334
1.0	3.0	0.0	0.04288950428624222	5.066666666666666
1.0	2.0	0.0	0.029123076096046634	5.1
1.0	2.0	0.0	0.029123076096046634	5.1
1.0	2.0	0.0	0.02920749889901817	5.233333333333333
1.0	2.0	0.0	0.02920749889901817	5.233333333333333
1.0	2.0	0.0	0.029702575337587682	5.733333333333333
1.0	2.0	0.0	0.029702575337587682	5.733333333333333
1.0	3.0	0.0	0.04456678290938747	6.366666666666666
1.0	2.0	0.0	0.02995143836816899	6.066666666666666
1.0	2.0	0.0	0.02995143836816899	6.066666666666666
1.0	2.0	0.0	0.02975761885398724	5.9
1.0	2.0	0.0	0.02975761885398724	5.9
1.0	2.0	0.0	0.030181537491536882	6.9
1.0	2.0	0.0	0.030367212618661786	6.733333333333333
1.0	2.0	0.0	0.030367212618661786	6.733333333333333
1.0	2.0	0.0	0.03055605422286285	7.566666666666666
