Constant_feature	Degree	Clustering_coefficient	Pagerank	Aver_path_len
1.0	1.0	0.0	0.023602159157267287	6.833333333333333
1.0	2.0	0.0	0.043955272938427395	5.958333333333333
1.0	3.0	0.0	0.05258108282566465	3.4166666666666665
1.0	2.0	0.0	0.03805278142469651	3.9166666666666665
1.0	3.0	0.0	0.05231094766666784	3.5
1.0	4.0	0.0	0.08216162252610329	5.0
1.0	3.0	0.0	0.051436208754353716	3.9166666666666665
1.0	2.0	0.0	0.03618715044720777	4.083333333333333
1.0	2.0	0.0	0.03801105473523534	4.208333333333333
1.0	3.0	0.0	0.058164865600396215	4.291666666666667
1.0	2.0	0.0	0.036471918423726046	4.583333333333333
1.0	2.0	0.0	0.035973247689559104	4.833333333333333
1.0	3.0	0.0	0.05186946049006298	4.5
1.0	2.0	0.0	0.03689904029767162	3.625
1.0	2.0	0.0	0.040707419129277486	5.0
1.0	1.0	0.0	0.02248719067983096	5.958333333333333
1.0	1.0	0.0	0.02248719067983096	5.958333333333333
1.0	1.0	0.0	0.02248719067983096	5.958333333333333
1.0	2.0	0.0	0.04122774201722305	5.083333333333333
1.0	2.0	0.0	0.035961318593116826	4.708333333333333
1.0	2.0	0.0	0.03611198210123502	5.291666666666667
1.0	2.0	0.0	0.036733664466270396	5.5
1.0	2.0	0.0	0.04355966485020604	5.875
1.0	2.0	0.0	0.036780781528183586	6.083333333333333
1.0	1.0	0.0	0.023779042297954987	6.916666666666667
