Constant_feature	Degree	Clustering_coefficient	Pagerank	Aver_path_len
1.0	2.0	0.0	0.030784214935700098	6.375
1.0	2.0	0.0	0.029022803139538197	4.8125
1.0	1.0	0.0	0.015569306056197184	6.25
1.0	1.0	0.0	0.017059990730506715	7.0
1.0	2.0	0.0	0.02894748510582113	5.1875
1.0	2.0	0.0	0.025569020818002136	4.84375
1.0	2.0	0.0	0.02554255201666992	5.15625
1.0	3.0	0.0	0.0396215217817307	4.40625
1.0	2.0	0.0	0.026748354786742437	4.59375
1.0	2.0	0.0	0.026288874504661986	4.46875
1.0	3.0	0.0	0.03740963431251945	4.0
1.0	3.0	0.0	0.03843679176776181	4.03125
1.0	3.0	0.0	0.03708765024250041	3.6875
1.0	3.0	0.0	0.03774470026605633	3.75
1.0	3.0	0.0	0.03837009373095715	3.90625
1.0	2.0	0.0	0.02538288566750918	4.34375
1.0	3.0	0.0	0.03717723275400393	4.25
1.0	2.0	0.0	0.027099757608686215	4.65625
1.0	3.0	0.0	0.03710026880277748	4.5625
1.0	2.0	0.0	0.026795349302629053	4.40625
1.0	3.0	0.0	0.04179716542339198	5.28125
1.0	3.0	0.0	0.04675908494091626	6.03125
1.0	2.0	0.0	0.02764701184193375	5.03125
1.0	3.0	0.0	0.041863658719753685	5.46875
1.0	3.0	0.0	0.037951412046155736	5.4375
1.0	3.0	0.0	0.03794130511660508	5.75
1.0	1.0	0.0	0.017059990730506715	7.0
1.0	1.0	0.0	0.01609057458923516	5.78125
1.0	2.0	0.0	0.026739792902407564	6.28125
1.0	2.0	0.0	0.026736038253462983	6.59375
1.0	2.0	0.0	0.027386567789989238	7.125
1.0	2.0	0.0	0.027385586609823688	7.4375
1.0	1.0	0.0	0.01688332270484642	7.34375
