Constant_feature	Degree	Clustering_coefficient	Pagerank	Aver_path_len
1.0	0.0	0.0	0.0	0.0
1.0	2.0	0.0	0.02942970026035542	6.066666666666666
1.0	1.0	0.0	0.016224393748239287	6.033333333333333
1.0	1.0	0.0	0.015590569520979052	5.4
1.0	1.0	0.0	0.016318766922746843	6.766666666666667
1.0	1.0	0.0	0.016528789761619554	6.8
1.0	3.0	0.0	0.03919683269779232	4.2
1.0	2.0	0.0	0.02680171337832661	4.2
1.0	3.0	0.0	0.04978035082094077	6.633333333333334
1.0	3.0	0.0	0.03856681759379819	3.966666666666667
1.0	3.0	0.0	0.03871075164077245	3.966666666666667
1.0	3.0	0.0	0.038888196571520095	4.066666666666666
1.0	2.0	0.0	0.026651723911991852	4.333333333333333
1.0	3.0	0.0	0.040580101396318305	4.5
1.0	4.0	0.0	0.05777027888993089	5.066666666666666
1.0	2.0	0.0	0.02701281925634896	4.266666666666667
1.0	3.0	0.0	0.040665296641989736	4.733333333333333
1.0	3.0	0.0	0.041216529345610854	4.433333333333334
1.0	2.0	0.0	0.026888545895633147	4.3
1.0	3.0	0.0	0.03998511079363576	4.533333333333333
1.0	3.0	0.0	0.04002166045699269	4.433333333333334
1.0	2.0	0.0	0.028669266732930222	5.5
1.0	2.0	0.0	0.032147318230115525	5.966666666666667
1.0	3.0	0.0	0.042181303499798324	5.033333333333333
1.0	3.0	0.0	0.04434424447961322	5.833333333333333
1.0	3.0	0.0	0.04364117907141675	5.8
1.0	2.0	0.0	0.02830716570699996	5.2
1.0	2.0	0.0	0.030812944691719597	5.8
1.0	2.0	0.0	0.0290575089778467	5.7
1.0	1.0	0.0	0.017691805869792056	6.933333333333334
1.0	1.0	0.0	0.018159156617112298	7.6
1.0	1.0	0.0	0.018159156617112298	7.6
