Constant_feature	Degree	Clustering_coefficient	Pagerank	Aver_path_len
1.0	1.0	0.0	0.02626639976917929	4.388888888888889
1.0	3.0	0.0	0.0710564476845755	4.611111111111111
1.0	3.0	0.0	0.06894855795840013	3.2777777777777777
1.0	2.0	0.0	0.046880868027136036	4.055555555555555
1.0	2.0	0.0	0.04750410817640971	4.944444444444445
1.0	2.0	0.0	0.04888498308416864	5.388888888888889
1.0	2.0	0.0	0.04888498308416864	5.388888888888889
1.0	2.0	0.0	0.049566101572445335	6.166666666666667
1.0	2.0	0.0	0.049566101572445335	6.166666666666667
1.0	2.0	0.0	0.04843811947832538	4.111111111111111
1.0	2.0	0.0	0.048572462394288946	3.7222222222222223
1.0	2.0	0.0	0.04780609826078682	3.4444444444444446
1.0	3.0	0.0	0.07001249924373179	3.4444444444444446
1.0	2.0	0.0	0.04704510245091702	3.7777777777777777
1.0	3.0	0.0	0.06807834588892006	3.7222222222222223
1.0	3.0	0.0	0.06816151017914712	4.222222222222222
1.0	2.0	0.0	0.047476858901069646	4.444444444444445
1.0	2.0	0.0	0.04842023122100072	5.166666666666667
1.0	2.0	0.0	0.04843022105288364	5.666666666666667
