Constant_feature	Degree	Clustering_coefficient	Pagerank	Aver_path_len
1.0	1.0	0.0	0.03590280552383858	5.0
1.0	1.0	0.0	0.03590280552383858	5.0
1.0	1.0	0.0	0.03590280552383858	5.0
1.0	1.0	0.0	0.03285839769961953	4.733333333333333
1.0	1.0	0.0	0.034852005975478675	4.466666666666667
1.0	2.0	0.0	0.0596722401545238	3.1333333333333333
1.0	3.0	0.0	0.08631537673664277	3.2666666666666666
1.0	3.0	0.0	0.08869328097639989	3.8
1.0	2.0	0.0	0.05911917647836851	3.933333333333333
1.0	2.0	0.0	0.05994967410401266	4.466666666666667
1.0	2.0	0.0	0.059945320133105745	4.6
1.0	2.0	0.0	0.06020192295039174	5.133333333333334
1.0	2.0	0.0	0.061174405066430536	3.1333333333333333
1.0	2.0	0.0	0.06238005125414243	3.2666666666666666
1.0	3.0	0.0	0.09534153687858915	3.533333333333333
1.0	4.0	0.0	0.13178819502077885	4.066666666666666
