Constant_feature	Degree	Clustering_coefficient	Pagerank	Aver_path_len
1.0	1.0	0.0	0.009803277391377624	7.44
1.0	1.0	0.0	0.010090235379655461	7.5
1.0	1.0	0.0	0.009674632019062171	6.76
1.0	1.0	0.0	0.010348768792003658	8.04
1.0	2.0	0.0	0.017281949912887798	7.08
1.0	1.0	0.0	0.00978607401748766	8.26
1.0	2.0	0.0	0.019910987391209493	9.86
1.0	2.0	0.0	0.017970283774591592	8.44
1.0	1.0	0.0	0.010102080474860393	9.42
1.0	1.0	0.0	0.010255796898884194	10.16
1.0	1.0	0.0	0.010278922935656857	10.94
1.0	1.0	0.0	0.01099526985779397	11.1
1.0	4.0	0.0	0.032866879833014985	5.68
1.0	4.0	0.0	0.033166657172580966	5.82
1.0	3.0	0.0	0.024279947857249677	5.62
1.0	3.0	0.0	0.025395397240828538	6.1
1.0	2.0	0.0	0.01719827551927837	6.26
1.0	4.0	0.0	0.03259138065566333	5.64
1.0	3.0	0.0	0.0261409663308974	6.46
1.0	2.0	0.0	0.017137300802583112	5.84
1.0	4.0	0.0	0.03612831757409538	6.52
1.0	1.0	0.0	0.009355782441626237	6.66
1.0	2.0	0.0	0.016869341333244088	6.36
1.0	3.0	0.0	0.02571249813084617	5.78
1.0	1.0	0.0	0.009423453097246431	6.8
1.0	3.0	0.0	0.02422744781330015	5.82
1.0	2.0	0.0	0.016943334954855976	6.54
1.0	1.0	0.0	0.00929378582091395	6.62
1.0	3.0	0.0	0.024638008309965605	6.56
1.0	3.0	0.0	0.02796263077071743	7.06
1.0	1.0	0.0	0.010090235379655461	7.5
1.0	2.0	0.0	0.01676058965497656	6.2
1.0	3.0	0.0	0.025948170580082846	6.9
1.0	2.0	0.0	0.01901485970644647	7.68
1.0	3.0	0.0	0.025105317441213422	6.54
1.0	3.0	0.0	0.02608422211508464	7.28
1.0	1.0	0.0	0.009745229179123164	7.88
1.0	2.0	0.0	0.01926060330726817	8.34
1.0	4.0	0.0	0.03884791914057556	9.04
1.0	3.0	0.0	0.025965834327674967	7.66
1.0	1.0	0.0	0.010702912841532835	10.02
1.0	1.0	0.0	0.010702912841532835	10.02
1.0	3.0	0.0	0.027137123650694088	8.44
1.0	3.0	0.0	0.027650611225946007	9.18
1.0	3.0	0.0	0.027400194168504838	9.18
1.0	3.0	0.0	0.027726535287334077	9.96
1.0	2.0	0.0	0.020458999626828393	10.72
1.0	2.0	0.0	0.020076231795947405	10.12
1.0	2.0	0.0	0.021202854266032564	11.62
1.0	2.0	0.0	0.022294179242811074	12.56
1.0	1.0	0.0	0.011994779716355906	13.54
