Constant_feature	Degree	Clustering_coefficient	Pagerank	Aver_path_len
1.0	0.0	0.0	0.0	0.0
1.0	2.0	0.0	0.01130560544779851	9.92
1.0	2.0	0.0	0.01214048427796982	8.986666666666666
1.0	2.0	0.0	0.011557766977580722	7.626666666666667
1.0	1.0	0.0	0.006315531937558235	7.52
1.0	1.0	0.0	0.006513988268925588	9.786666666666667
1.0	2.0	0.0	0.012591706522714262	8.213333333333333
1.0	1.0	0.0	0.00652658820796121	8.613333333333333
1.0	2.0	0.0	0.011675944857645438	6.373333333333333
1.0	1.0	0.0	0.007281666484211031	10.906666666666666
1.0	1.0	0.0	0.006655313756812609	9.413333333333334
1.0	1.0	0.0	0.007414087958232308	10.133333333333333
1.0	1.0	0.0	0.0066118285430606044	7.466666666666667
1.0	2.0	0.0	0.012060071683616762	7.253333333333333
1.0	1.0	0.0	0.006926890517867175	8.88
1.0	1.0	0.0	0.006706587717669296	9.786666666666667
1.0	1.0	0.0	0.007187829611379704	11.813333333333333
1.0	2.0	0.0	0.011777780895323636	8.0
1.0	2.0	0.0	0.01321029952079323	11.653333333333334
1.0	3.0	0.0	0.021635432490118414	15.226666666666667
1.0	3.0	0.0	0.016080628784366415	7.306666666666667
1.0	4.0	0.0	0.021591625444681982	8.08
1.0	4.0	0.0	0.02223504541233716	7.92
1.0	3.0	0.0	0.016409849583492675	8.96
1.0	3.0	0.0	0.016339482979322528	6.8533333333333335
1.0	4.0	0.0	0.022223707985800242	6.533333333333333
1.0	3.0	0.0	0.017329657136984145	8.8
1.0	2.0	0.0	0.011436235073662425	9.573333333333334
1.0	4.0	0.0	0.02310619158491249	7.2
1.0	2.0	0.0	0.011262839300612488	9.04
1.0	3.0	0.0	0.017371583943911167	7.626666666666667
1.0	2.0	0.0	0.011379648252143068	6.506666666666667
1.0	3.0	0.0	0.016883232523831733	6.8533333333333335
1.0	1.0	0.0	0.0063193577698395145	8.906666666666666
1.0	3.0	0.0	0.017256528238265408	7.306666666666667
1.0	3.0	0.0	0.01688210198677049	6.293333333333333
1.0	3.0	0.0	0.017299197151192783	6.826666666666667
1.0	1.0	0.0	0.006515288711905375	8.186666666666667
1.0	1.0	0.0	0.006515288711905375	8.186666666666667
1.0	1.0	0.0	0.006506114721128615	7.8133333333333335
1.0	3.0	0.0	0.019883816876841525	9.92
1.0	3.0	0.0	0.017796667451453408	8.426666666666666
1.0	1.0	0.0	0.007281666484211031	10.906666666666666
1.0	3.0	0.0	0.020325319113616652	9.146666666666667
1.0	3.0	0.0	0.0176545276328929	6.48
1.0	3.0	0.0	0.017638924877792304	9.28
1.0	3.0	0.0	0.017109882985241277	6.64
1.0	1.0	0.0	0.007414087958232308	10.133333333333333
1.0	2.0	0.0	0.012202958616976187	10.213333333333333
1.0	2.0	0.0	0.012202958616976187	10.213333333333333
1.0	3.0	0.0	0.016904508315739874	7.226666666666667
1.0	2.0	0.0	0.012436544668427852	11.146666666666667
1.0	2.0	0.0	0.012436544668427852	11.146666666666667
1.0	2.0	0.0	0.012507749473893435	12.08
1.0	3.0	0.0	0.01718425423881165	8.08
1.0	3.0	0.0	0.018703260354607537	7.8933333333333335
1.0	2.0	0.0	0.011997291076758676	9.013333333333334
1.0	2.0	0.0	0.011997291076758676	9.013333333333334
1.0	3.0	0.0	0.017969557278510885	8.8
1.0	2.0	0.0	0.012725780541087368	8.586666666666666
1.0	2.0	0.0	0.012279858391478708	9.946666666666667
1.0	2.0	0.0	0.012279858391478708	9.946666666666667
1.0	2.0	0.0	0.012886392448963602	9.306666666666667
1.0	3.0	0.0	0.01772542305966246	9.653333333333334
1.0	2.0	0.0	0.012367944320713597	10.88
1.0	2.0	0.0	0.012986719634599896	10.053333333333333
1.0	2.0	0.0	0.012243190916827202	10.586666666666666
1.0	2.0	0.0	0.012243190916827202	10.586666666666666
1.0	3.0	0.0	0.019573811577850722	10.826666666666666
1.0	2.0	0.0	0.01246607413235346	11.52
1.0	2.0	0.0	0.01246607413235346	11.52
1.0	2.0	0.0	0.01253527428602112	12.453333333333333
1.0	2.0	0.0	0.013383742553516955	12.506666666666666
1.0	2.0	0.0	0.013606417012398765	13.386666666666667
1.0	2.0	0.0	0.013929911337113809	14.293333333333333
1.0	1.0	0.0	0.007806756803138929	16.213333333333335
1.0	1.0	0.0	0.007806756803138929	16.213333333333335
