Constant_feature	Degree	Clustering_coefficient	Pagerank	Aver_path_len
1.0	0.0	0.0	0.0	0.0
1.0	2.0	0.0	0.024343696178072517	6.578947368421052
1.0	2.0	0.0	0.024321695068809324	6.2368421052631575
1.0	2.0	0.0	0.0246903536326243	7.526315789473684
1.0	1.0	0.0	0.013943501926314581	8.263157894736842
1.0	1.0	0.0	0.013937965077697083	7.921052631578948
1.0	1.0	0.0	0.01396926061856762	9.157894736842104
1.0	3.0	0.0	0.031273036293760825	5.473684210526316
1.0	3.0	0.0	0.03383245506101763	6.368421052631579
1.0	2.0	0.0	0.026362813274834144	8.105263157894736
1.0	2.0	0.0	0.026354949961477532	7.7631578947368425
1.0	3.0	0.0	0.03148439219826697	5.657894736842105
1.0	2.0	0.0	0.02203822960288704	6.368421052631579
1.0	2.0	0.0	0.022101610249367354	6.552631578947368
1.0	2.0	0.0	0.022426952471519362	7.026315789473684
1.0	3.0	0.0	0.03197576275850819	5.315789473684211
1.0	3.0	0.0	0.03115522644819726	4.947368421052632
1.0	3.0	0.0	0.03188690343048039	4.973684210526316
1.0	2.0	0.0	0.023111112203547418	5.921052631578948
1.0	3.0	0.0	0.032142482960742846	5.184210526315789
1.0	2.0	0.0	0.023074820065371923	5.578947368421052
1.0	2.0	0.0	0.022480770893459078	5.578947368421052
1.0	2.0	0.0	0.022480770893459078	5.578947368421052
1.0	2.0	0.0	0.02282929340798156	5.973684210526316
1.0	2.0	0.0	0.02282929340798156	5.973684210526316
1.0	4.0	0.0	0.05415457565678094	9.763157894736842
1.0	2.0	0.0	0.023823209500882167	6.921052631578948
1.0	2.0	0.0	0.02615506451928931	8.947368421052632
1.0	3.0	0.0	0.03793007344355869	7.2894736842105265
1.0	3.0	0.0	0.03791198288487197	6.947368421052632
1.0	1.0	0.0	0.014749906464824257	10.736842105263158
1.0	1.0	0.0	0.014749906464824257	10.736842105263158
1.0	1.0	0.0	0.014749906464824257	10.736842105263158
1.0	3.0	0.0	0.038014260179836376	8.18421052631579
1.0	3.0	0.0	0.04139609857291654	8.973684210526315
1.0	3.0	0.0	0.04138866504143517	8.631578947368421
1.0	1.0	0.0	0.014983413912622126	9.947368421052632
1.0	1.0	0.0	0.014983413912622126	9.947368421052632
1.0	1.0	0.0	0.014981087447883014	9.605263157894736
1.0	1.0	0.0	0.014981087447883014	9.605263157894736
