Constant_feature	Degree	Clustering_coefficient	Pagerank	Aver_path_len
1.0	2.0	0.0	0.036212306341301806	5.6521739130434785
1.0	2.0	0.0	0.036201184429488206	5.434782608695652
1.0	1.0	0.0	0.020017135411138254	4.565217391304348
1.0	2.0	0.0	0.041710288828883085	6.086956521739131
1.0	2.0	0.0	0.03451390915051435	3.4782608695652173
1.0	3.0	0.0	0.051226683690267394	3.5217391304347827
1.0	2.0	0.0	0.03569829689420936	3.9565217391304346
1.0	3.0	0.0	0.05048746324524097	3.3043478260869565
1.0	2.0	0.0	0.03591706735348074	4.217391304347826
1.0	3.0	0.0	0.051400652871100336	3.5652173913043477
1.0	3.0	0.0	0.052290534591537804	4.0
1.0	3.0	0.0	0.05094981701185945	3.782608695652174
1.0	3.0	0.0	0.052836201322252634	3.608695652173913
1.0	3.0	0.0	0.05067259477649201	3.5652173913043477
1.0	2.0	0.0	0.036754321786365445	4.608695652173913
1.0	2.0	0.0	0.036449066599115995	4.173913043478261
1.0	2.0	0.0	0.03495884728511402	4.304347826086956
1.0	2.0	0.0	0.03486390749980174	4.086956521739131
1.0	3.0	0.0	0.051689134360199125	4.826086956521739
1.0	3.0	0.0	0.051653203462000044	4.608695652173913
1.0	3.0	0.0	0.056338551608708855	5.217391304347826
1.0	2.0	0.0	0.03746923264888681	4.782608695652174
1.0	2.0	0.0	0.03675273465201139	5.956521739130435
1.0	1.0	0.0	0.02293686418002991	7.043478260869565
