Constant_feature	Degree	Clustering_coefficient	Pagerank	Aver_path_len
1.0	1.0	0.0	0.01291600416862833	8.891891891891891
1.0	2.0	0.0	0.024003111396692096	6.0
1.0	2.0	0.0	0.026077234503691434	7.45945945945946
1.0	1.0	0.0	0.012969716012120542	8.0
1.0	1.0	0.0	0.012969716012120542	8.0
1.0	3.0	0.0	0.033446967390492015	8.594594594594595
1.0	2.0	0.0	0.022966990753404685	7.5675675675675675
1.0	3.0	0.0	0.03408008297766029	6.486486486486487
1.0	3.0	0.0	0.03351101611474726	8.72972972972973
1.0	2.0	0.0	0.023302935632283712	9.621621621621621
1.0	2.0	0.0	0.023595485096314945	10.324324324324325
1.0	2.0	0.0	0.02328376111076053	9.486486486486486
1.0	2.0	0.0	0.023020257366684862	8.216216216216216
1.0	3.0	0.0	0.03428199572736748	7.918918918918919
1.0	3.0	0.0	0.033304708068936796	7.297297297297297
1.0	3.0	0.0	0.0332556159352579	6.864864864864865
1.0	2.0	0.0	0.02313916006553136	6.918918918918919
1.0	2.0	0.0	0.022881498101789636	6.486486486486487
1.0	2.0	0.0	0.024628465212758476	6.108108108108108
1.0	2.0	0.0	0.023939501029636275	6.27027027027027
1.0	2.0	0.0	0.0249448722924212	6.0
1.0	3.0	0.0	0.034246354231599024	6.108108108108108
1.0	3.0	0.0	0.03505172552328697	6.54054054054054
1.0	2.0	0.0	0.02495426091021114	5.945945945945946
1.0	3.0	0.0	0.03245613460786606	8.054054054054054
1.0	2.0	0.0	0.024663371107477752	5.945945945945946
1.0	3.0	0.0	0.03310763618323487	7.513513513513513
1.0	3.0	0.0	0.03310763618323487	7.513513513513513
1.0	3.0	0.0	0.03446225451677805	7.027027027027027
1.0	3.0	0.0	0.03446225451677805	7.027027027027027
1.0	3.0	0.0	0.0331945899069634	8.81081081081081
1.0	2.0	0.0	0.023115877628580007	8.378378378378379
1.0	2.0	0.0	0.023115877628580007	8.378378378378379
1.0	2.0	0.0	0.02314195910078448	9.675675675675675
1.0	2.0	0.0	0.02314195910078448	9.675675675675675
1.0	2.0	0.0	0.02344654340465357	9.135135135135135
1.0	2.0	0.0	0.02344654340465357	9.135135135135135
1.0	1.0	0.0	0.014365927075232952	8.432432432432432
