Constant_feature	Degree	Clustering_coefficient	Pagerank	Aver_path_len
1.0	0.0	0.0	0.0	0.0
1.0	1.0	0.0	0.012597620658671274	5.95
1.0	1.0	0.0	0.012597620658671274	5.95
1.0	1.0	0.0	0.012593850705579602	6.05
1.0	1.0	0.0	0.012593850705579602	6.05
1.0	1.0	0.0	0.01244203623382948	4.85
1.0	1.0	0.0	0.01244203623382948	4.85
1.0	1.0	0.0	0.012452399250583088	5.4
1.0	1.0	0.0	0.012452399250583088	5.4
1.0	1.0	0.0	0.0124681372758816	5.85
1.0	1.0	0.0	0.0124681372758816	5.85
1.0	2.0	0.0	0.02259882838122379	3.7
1.0	2.0	0.0	0.02259882838122379	3.7
1.0	2.0	0.0	0.022611928465029272	3.75
1.0	2.0	0.0	0.022611928465029272	3.75
1.0	3.0	0.0	0.03353556739606041	3.9
1.0	3.0	0.0	0.03353556739606041	3.9
1.0	2.0	0.0	0.02231854906398364	3.75
1.0	2.0	0.0	0.02231854906398364	3.75
1.0	3.0	0.0	0.03357291110065248	4.45
1.0	3.0	0.0	0.03357291110065248	4.45
1.0	3.0	0.0	0.032557597522274	3.9
1.0	3.0	0.0	0.032557597522274	3.9
1.0	3.0	0.0	0.032608853022772735	4.25
1.0	3.0	0.0	0.032608853022772735	4.25
1.0	3.0	0.0	0.03405413672244913	5.0
1.0	3.0	0.0	0.03405413672244913	5.0
1.0	2.0	0.0	0.022361555157411072	4.55
1.0	2.0	0.0	0.022361555157411072	4.55
1.0	2.0	0.0	0.022810518983298493	5.65
1.0	2.0	0.0	0.022810518983298493	5.65
1.0	3.0	0.0	0.03362258290016291	4.9
1.0	3.0	0.0	0.03362258290016291	4.9
1.0	2.0	0.0	0.022398270307482884	5.0
1.0	2.0	0.0	0.022398270307482884	5.0
1.0	3.0	0.0	0.03404157056156632	5.1
1.0	3.0	0.0	0.03404157056156632	5.1
1.0	2.0	0.0	0.022753070734718814	5.65
1.0	2.0	0.0	0.022753070734718814	5.65
1.0	2.0	0.0	0.02274551773380363	5.75
1.0	2.0	0.0	0.02274551773380363	5.75
1.0	2.0	0.0	0.022854497822565125	6.4
1.0	2.0	0.0	0.022854497822565125	6.4
