Constant_feature	Degree	Clustering_coefficient	Pagerank	Aver_path_len
1.0	0.0	0.0	0.0	0.0
1.0	2.0	0.0	0.023997392716548525	7.4324324324324325
1.0	1.0	0.0	0.013230145281819157	7.405405405405405
1.0	1.0	0.0	0.012700753636530336	6.513513513513513
1.0	1.0	0.0	0.0134799163226378	8.216216216216216
1.0	1.0	0.0	0.013786673720912182	7.486486486486487
1.0	3.0	0.0	0.031866299418073576	5.162162162162162
1.0	2.0	0.0	0.021755331833078453	5.4324324324324325
1.0	2.0	0.0	0.024137125932629365	5.486486486486487
1.0	2.0	0.0	0.024648944995128246	5.972972972972973
1.0	3.0	0.0	0.03590594705943865	7.864864864864865
1.0	4.0	0.0	0.04710545246242751	6.4324324324324325
1.0	3.0	0.0	0.033069079387216066	5.783783783783784
1.0	3.0	0.0	0.03147273721208572	4.972972972972973
1.0	2.0	0.0	0.021607918879070855	5.081081081081081
1.0	3.0	0.0	0.033139080426868354	5.972972972972973
1.0	3.0	0.0	0.03138910311630515	4.675675675675675
1.0	3.0	0.0	0.03127969664048529	4.783783783783784
1.0	2.0	0.0	0.021994271174599865	5.405405405405405
1.0	3.0	0.0	0.03356351621617849	5.54054054054054
1.0	2.0	0.0	0.026216044434295184	7.351351351351352
1.0	2.0	0.0	0.02337183002634912	6.783783783783784
1.0	3.0	0.0	0.03616056090055537	7.243243243243243
1.0	3.0	0.0	0.03216502437198973	4.675675675675675
1.0	3.0	0.0	0.032343174881325355	5.324324324324325
1.0	3.0	0.0	0.03246503511571856	5.4324324324324325
1.0	1.0	0.0	0.014428969877322173	8.324324324324325
1.0	2.0	0.0	0.023143651553728203	5.054054054054054
1.0	2.0	0.0	0.02293733396283305	6.1891891891891895
1.0	2.0	0.0	0.02298061873971944	6.297297297297297
1.0	2.0	0.0	0.023562945342220434	7.054054054054054
1.0	2.0	0.0	0.023575682933725788	7.162162162162162
1.0	3.0	0.0	0.037180965425485255	6.513513513513513
1.0	2.0	0.0	0.024559440833064314	7.162162162162162
1.0	2.0	0.0	0.024695042982482776	8.72972972972973
1.0	2.0	0.0	0.024695042982482776	8.72972972972973
1.0	2.0	0.0	0.025088138205687872	9.594594594594595
1.0	2.0	0.0	0.025088138205687872	9.594594594594595
1.0	2.0	0.0	0.025212972793292862	10.45945945945946
