Constant_feature	Degree	Clustering_coefficient	Pagerank	Aver_path_len
1.0	2.0	0.0	0.013839608409575046	10.169491525423728
1.0	2.0	0.0	0.014661438147773796	11.677966101694915
1.0	2.0	0.0	0.014189388135399696	6.661016949152542
1.0	2.0	0.0	0.01455531099835449	7.169491525423729
1.0	2.0	0.0	0.014605469772100164	7.47457627118644
1.0	1.0	0.0	0.008206630922760534	8.288135593220339
1.0	2.0	0.0	0.014701530047711813	8.491525423728813
1.0	2.0	0.0	0.015350943648731123	9.0
1.0	1.0	0.0	0.009062980471658993	9.576271186440678
1.0	2.0	0.0	0.01521413861519439	10.05084745762712
1.0	1.0	0.0	0.008595703476164084	9.94915254237288
1.0	1.0	0.0	0.00873677559294743	10.76271186440678
1.0	1.0	0.0	0.00855255138827279	11.016949152542374
1.0	1.0	0.0	0.00877615983847574	11.610169491525424
1.0	1.0	0.0	0.00865115549047087	11.847457627118644
1.0	1.0	0.0	0.009312690128040018	12.796610169491526
1.0	4.0	0.0	0.026864496027140385	8.796610169491526
1.0	3.0	0.0	0.01982097515115335	8.288135593220339
1.0	3.0	0.0	0.0200229168437952	9.389830508474576
1.0	3.0	0.0	0.01993544405112228	7.8474576271186445
1.0	3.0	0.0	0.02003124327318492	9.457627118644067
1.0	3.0	0.0	0.02007834402201891	7.47457627118644
1.0	2.0	0.0	0.013622833055970712	8.915254237288135
1.0	2.0	0.0	0.014007939830509651	8.423728813559322
1.0	3.0	0.0	0.021009903958072375	10.084745762711865
1.0	2.0	0.0	0.013994682619767291	7.983050847457627
1.0	4.0	0.0	0.027266675016188693	7.169491525423729
1.0	4.0	0.0	0.027390747476504	10.796610169491526
1.0	1.0	0.0	0.007710825053706218	9.779661016949152
1.0	2.0	0.0	0.013994590380727822	7.6440677966101696
1.0	3.0	0.0	0.020473775140330337	6.966101694915254
1.0	2.0	0.0	0.014247060946809583	7.033898305084746
1.0	1.0	0.0	0.007969253778998469	11.067796610169491
1.0	2.0	0.0	0.014661438147773796	11.677966101694915
1.0	2.0	0.0	0.014107456009385046	7.338983050847458
1.0	1.0	0.0	0.007801090490049886	8.152542372881356
1.0	2.0	0.0	0.014056568072842144	6.830508474576271
1.0	2.0	0.0	0.014325610550796605	6.898305084745763
1.0	3.0	0.0	0.020822330930933185	6.694915254237288
1.0	2.0	0.0	0.015179099976541146	12.559322033898304
1.0	3.0	0.0	0.02305403348236544	13.440677966101696
1.0	2.0	0.0	0.015179099976541146	12.559322033898304
1.0	1.0	0.0	0.008582096965776961	14.423728813559322
1.0	3.0	0.0	0.02091726476245555	6.661016949152542
1.0	3.0	0.0	0.021055018148286322	6.830508474576271
1.0	3.0	0.0	0.02179906658789789	7.305084745762712
1.0	3.0	0.0	0.02204309594280116	7.6440677966101696
1.0	3.0	0.0	0.02143556192221853	7.813559322033898
1.0	2.0	0.0	0.016436646530706887	8.59322033898305
1.0	3.0	0.0	0.02207703027253079	8.152542372881356
1.0	3.0	0.0	0.023095005020037196	8.966101694915254
1.0	3.0	0.0	0.022014729631494527	9.203389830508474
1.0	3.0	0.0	0.023568861115936438	9.779661016949152
1.0	3.0	0.0	0.022952788025176116	10.033898305084746
1.0	3.0	0.0	0.023540665826469555	9.813559322033898
1.0	3.0	0.0	0.023696410371840625	10.627118644067796
1.0	3.0	0.0	0.02328173631724313	10.864406779661017
1.0	3.0	0.0	0.02314355536036261	10.864406779661017
1.0	1.0	0.0	0.008728319656776225	10.796610169491526
1.0	2.0	0.0	0.016991238195129876	11.813559322033898
