Constant_feature	Degree	Clustering_coefficient	Pagerank	Aver_path_len
1.0	1.0	0.0	0.033233060604420404	3.2857142857142856
1.0	3.0	0.0	0.08674694382962911	2.357142857142857
1.0	3.0	0.0	0.08697383442753227	2.642857142857143
1.0	4.0	0.0	0.12070693670098663	2.9285714285714284
1.0	3.0	0.0	0.09020436804283911	2.642857142857143
1.0	4.0	0.0	0.11807107861919619	2.357142857142857
1.0	2.0	0.0	0.0587828339101478	2.857142857142857
1.0	2.0	0.0	0.05932540055009967	2.642857142857143
1.0	2.0	0.0	0.06394594092923653	2.857142857142857
1.0	1.0	0.0	0.03382542799073291	3.857142857142857
1.0	1.0	0.0	0.03382542799073291	3.857142857142857
1.0	1.0	0.0	0.033728258004671406	3.5714285714285716
1.0	2.0	0.0	0.0682492618287946	3.5
1.0	2.0	0.0	0.07290709290171965	4.285714285714286
1.0	1.0	0.0	0.039474133669261	5.214285714285714
