Constant_feature	Degree	Clustering_coefficient	Pagerank	Aver_path_len
1.0	2.0	0.0	0.02180022897265005	4.666666666666667
1.0	2.0	0.0	0.02285424499487823	5.897435897435898
1.0	1.0	0.0	0.012565236362071228	6.153846153846154
1.0	1.0	0.0	0.013036377325048941	8.153846153846153
1.0	1.0	0.0	0.012122092561701117	5.384615384615385
1.0	1.0	0.0	0.012173011437841039	5.641025641025641
1.0	1.0	0.0	0.013629352941520956	7.0256410256410255
1.0	1.0	0.0	0.01222566368712872	6.102564102564102
1.0	1.0	0.0	0.012229536699725107	6.358974358974359
1.0	2.0	0.0	0.024878554530980472	7.333333333333333
1.0	3.0	0.0	0.037779063832795626	7.282051282051282
1.0	3.0	0.0	0.03151374781302937	4.256410256410256
1.0	4.0	0.0	0.04473372213178745	5.17948717948718
1.0	2.0	0.0	0.022019334319811002	4.923076923076923
1.0	3.0	0.0	0.034597747200852395	6.410256410256411
1.0	3.0	0.0	0.032822259035192466	5.128205128205129
1.0	2.0	0.0	0.0227246735234948	5.794871794871795
1.0	3.0	0.0	0.03511859856552704	7.17948717948718
1.0	2.0	0.0	0.021971911685457677	5.128205128205129
1.0	3.0	0.0	0.030982865842827344	4.205128205128205
1.0	3.0	0.0	0.031354902639796414	4.461538461538462
1.0	3.0	0.0	0.03502951827182374	6.512820512820513
1.0	3.0	0.0	0.03207284953350591	4.410256410256411
1.0	3.0	0.0	0.037098436337630526	6.051282051282051
1.0	3.0	0.0	0.03224430708024505	4.666666666666667
1.0	3.0	0.0	0.031229396686946152	4.615384615384615
1.0	3.0	0.0	0.031271046099882495	4.871794871794871
1.0	1.0	0.0	0.01300811397996796	7.487179487179487
1.0	1.0	0.0	0.013834582080965472	8.256410256410257
1.0	1.0	0.0	0.013834582080965472	8.256410256410257
1.0	1.0	0.0	0.013629352941520956	7.0256410256410255
1.0	3.0	0.0	0.03241765232933148	5.128205128205129
1.0	3.0	0.0	0.03243305700198568	5.384615384615385
1.0	3.0	0.0	0.03182281797831002	5.641025641025641
1.0	3.0	0.0	0.031813506957561195	5.897435897435898
1.0	3.0	0.0	0.03350757699604669	6.410256410256411
1.0	2.0	0.0	0.02230657881370483	6.769230769230769
1.0	2.0	0.0	0.02281482324188632	7.282051282051282
1.0	2.0	0.0	0.022803767528881195	7.538461538461538
1.0	1.0	0.0	0.01369490795472109	8.307692307692308
