Constant_feature	Degree	Clustering_coefficient	Pagerank	Aver_path_len
1.0	1.0	0.0	0.014236504583188862	5.068965517241379
1.0	1.0	0.0	0.014664460864700721	5.862068965517241
1.0	1.0	0.0	0.014743409718403707	5.931034482758621
1.0	1.0	0.0	0.01776112907331778	8.931034482758621
1.0	1.0	0.0	0.02012586818421543	1.6666666666666667
1.0	1.0	0.0	0.02012586818421543	1.6666666666666667
1.0	3.0	0.0	0.03682198054055204	4.172413793103448
1.0	2.0	0.0	0.024636530984235242	4.172413793103448
1.0	2.0	0.0	0.02722831356247748	4.931034482758621
1.0	2.0	0.0	0.029701156273400663	6.241379310344827
1.0	2.0	0.0	0.03256046681332092	7.413793103448276
1.0	3.0	0.0	0.03516011100521323	3.689655172413793
1.0	3.0	0.0	0.03549609201958067	3.793103448275862
1.0	3.0	0.0	0.03587000495606266	4.0
1.0	3.0	0.0	0.03603101676704508	3.7586206896551726
1.0	3.0	0.0	0.036400850516260845	4.137931034482759
1.0	2.0	0.0	0.026740787560541456	4.793103448275862
1.0	3.0	0.0	0.036959079842875615	4.206896551724138
1.0	3.0	0.0	0.037487689665997775	4.241379310344827
1.0	3.0	0.0	0.03765077179273351	4.103448275862069
1.0	2.0	0.0	0.02518682299155032	4.482758620689655
1.0	2.0	0.0	0.02552172508613475	4.551724137931035
1.0	2.0	0.0	0.02834011673035152	5.482758620689655
1.0	3.0	0.0	0.03907794096544993	4.896551724137931
1.0	3.0	0.0	0.0393404349079806	4.9655172413793105
1.0	2.0	0.0	0.02897904932575536	5.689655172413793
1.0	2.0	0.0	0.026707129855088777	5.655172413793103
1.0	2.0	0.0	0.026761719496433526	5.724137931034483
1.0	2.0	0.0	0.030634291715180336	6.517241379310345
1.0	2.0	0.0	0.03112669560089935	7.068965517241379
1.0	2.0	0.0	0.03293309165669875	7.9655172413793105
1.0	1.0	0.0	0.017593566305038912	8.379310344827585
1.0	1.0	0.0	0.02012586818421543	1.6666666666666667
1.0	3.0	0.0	0.057269454270883105	1.0
