Constant_feature	Degree	Clustering_coefficient	Pagerank	Aver_path_len
1.0	1.0	0.0	0.0006564085472899704	5.354838709677419
1.0	1.0	0.0	0.0006564085472899704	5.354838709677419
1.0	1.0	0.0	0.0006775919474513366	6.516129032258065
1.0	1.0	0.0	0.0006775919474513367	6.516129032258065
1.0	1.0	0.0	0.0008155809922432817	9.806451612903226
1.0	1.0	0.0	0.0008155809922432817	9.806451612903226
1.0	2.0	0.0	0.001230764436101065	4.967741935483871
1.0	2.0	0.0	0.001230764436101065	4.967741935483871
1.0	2.0	0.0	0.0013809297903314196	7.096774193548387
1.0	2.0	0.0	0.0013809297903314196	7.096774193548387
1.0	3.0	0.0	0.0016761149755857329	4.0
1.0	3.0	0.0	0.0016761149755857329	4.0
1.0	3.0	0.0	0.0017227223173825422	4.387096774193548
1.0	3.0	0.0	0.0017227223173825424	4.387096774193548
1.0	3.0	0.0	0.001714462686369069	4.774193548387097
1.0	3.0	0.0	0.0017144626863690691	4.774193548387097
1.0	3.0	0.0	0.0017417562812462547	4.387096774193548
1.0	3.0	0.0	0.0017417562812462547	4.387096774193548
1.0	2.0	0.0	0.0011831608979009042	4.774193548387097
1.0	2.0	0.0	0.0011831608979009042	4.774193548387097
1.0	2.0	0.0	0.0012882286548612175	5.612903225806452
1.0	2.0	0.0	0.0012882286548612175	5.612903225806452
1.0	3.0	0.0	0.001812411562428879	5.548387096774194
1.0	3.0	0.0	0.001812411562428879	5.548387096774194
1.0	2.0	0.0	0.0013357415056124632	6.32258064516129
1.0	2.0	0.0	0.0013357415056124632	6.32258064516129
1.0	2.0	0.0	0.0012319773638053205	6.32258064516129
1.0	2.0	0.0	0.001231977363805321	6.32258064516129
1.0	2.0	0.0	0.0014374570554920502	7.935483870967742
1.0	2.0	0.0	0.0014374570554920502	7.935483870967742
1.0	2.0	0.0	0.0015137003567150908	8.838709677419354
1.0	2.0	0.0	0.0015137003567150908	8.838709677419354
1.0	1.0	0.0	0.0007071983625884212	5.368421052631579
1.0	2.0	0.0	0.0013719222403869374	4.631578947368421
1.0	1.0	0.0	0.0007052477101813144	4.315789473684211
1.0	3.0	0.0	0.0020615675522493273	4.842105263157895
1.0	2.0	0.0	0.001302494657308387	3.5789473684210527
1.0	1.0	0.0	0.0007091259398688482	5.7894736842105265
1.0	2.0	0.0	0.001349421545171107	4.315789473684211
1.0	2.0	0.0	0.0014666220948362052	5.684210526315789
1.0	2.0	0.0	0.0014666220948362052	5.684210526315789
1.0	2.0	0.0	0.0013273928518094161	3.8947368421052633
1.0	1.0	0.0	0.0007940334187218165	6.631578947368421
1.0	1.0	0.0	0.0007940334187218165	6.631578947368421
1.0	3.0	0.0	0.0019045320411817408	3.3684210526315788
1.0	3.0	0.0	0.0018329196137566502	3.3684210526315788
1.0	3.0	0.0	0.0018728124296905344	3.789473684210526
1.0	2.0	0.0	0.0012570049503954266	3.8947368421052633
1.0	2.0	0.0	0.0012710600223347238	4.315789473684211
1.0	3.0	0.0	0.0019171731141404478	4.842105263157895
1.0	3.0	0.0	0.001911444938079994	4.421052631578948
1.0	1.0	0.0	0.0007511327172614247	5.578947368421052
1.0	2.0	0.0	0.001227189042079346	5.3
1.0	1.0	0.0	0.0006687596249973781	4.9
1.0	2.0	0.0	0.0014464565904850199	6.05
1.0	1.0	0.0	0.0007401072938456482	6.15
1.0	2.0	0.0	0.0011655530152632843	3.8
1.0	2.0	0.0	0.001167378762814204	4.15
1.0	2.0	0.0	0.001266164640231161	4.55
1.0	3.0	0.0	0.00168536856558445	3.5
1.0	3.0	0.0	0.001691399482689902	3.85
1.0	3.0	0.0	0.0017175043473249452	3.6
1.0	2.0	0.0	0.0011547388998235778	3.55
1.0	2.0	0.0	0.0011704397167733313	3.9
1.0	3.0	0.0	0.0017530754355677414	4.0
1.0	2.0	0.0	0.001175782252741464	3.95
1.0	3.0	0.0	0.0017829519914425653	3.95
1.0	3.0	0.0	0.0017732335139236952	4.5
1.0	2.0	0.0	0.0012271890420793461	5.3
1.0	2.0	0.0	0.0012474614202313836	6.1
1.0	2.0	0.0	0.0012474614202313836	6.1
1.0	3.0	0.0	0.0020197890832379423	5.2
1.0	1.0	0.0	0.0007844456578290166	7.0
1.0	1.0	0.0	0.0007569330328835252	8.625
1.0	1.0	0.0	0.000694036483330441	6.90625
1.0	1.0	0.0	0.0007569330328835252	8.625
1.0	1.0	0.0	0.0007864110907024908	10.125
1.0	1.0	0.0	0.0007864110907024908	10.125
1.0	3.0	0.0	0.001814512832520802	5.46875
1.0	2.0	0.0	0.0012728043712883696	6.34375
1.0	2.0	0.0	0.0011728883840115734	6.4375
1.0	2.0	0.0	0.0011897058259310888	7.09375
1.0	2.0	0.0	0.001211603814219978	8.34375
1.0	2.0	0.0	0.0012384014527121205	8.40625
1.0	1.0	0.0	0.0006806847211148563	8.59375
1.0	1.0	0.0	0.0006915855401648678	10.03125
1.0	3.0	0.0	0.001933481009871266	6.8125
1.0	2.0	0.0	0.0013362162361458534	7.53125
1.0	3.0	0.0	0.0017688551842875797	5.375
1.0	2.0	0.0	0.0013891308946296912	8.3125
1.0	2.0	0.0	0.0011991603244394156	5.6875
1.0	3.0	0.0	0.0017875060135927776	5.65625
1.0	3.0	0.0	0.0018700200062420243	5.9375
1.0	2.0	0.0	0.0012110190536082054	5.46875
1.0	2.0	0.0	0.0012110190536082054	5.46875
1.0	3.0	0.0	0.0020724522330440084	7.65625
1.0	2.0	0.0	0.0012160311302886692	5.5625
1.0	2.0	0.0	0.0012160311302886692	5.5625
1.0	3.0	0.0	0.001737842565651365	5.96875
1.0	1.0	0.0	0.0006782284372633986	6.4375
1.0	3.0	0.0	0.002169725762428953	9.15625
1.0	2.0	0.0	0.001189592027170925	6.625
1.0	3.0	0.0	0.0017290277378901621	6.90625
1.0	3.0	0.0	0.0017312906119208563	7.5625
1.0	3.0	0.0	0.0018204651480044705	7.625
1.0	3.0	0.0	0.001856700594466602	9.0625
1.0	2.0	0.0	0.0012604479732527983	5.911764705882353
1.0	2.0	0.0	0.0012602483458845249	5.970588235294118
1.0	1.0	0.0	0.0007019024110862581	5.5
1.0	1.0	0.0	0.0006978027247828087	5.676470588235294
1.0	1.0	0.0	0.0007055359885833988	5.617647058823529
1.0	1.0	0.0	0.0006938962642275898	5.9411764705882355
1.0	1.0	0.0	0.000688684778200552	6.029411764705882
1.0	2.0	0.0	0.0012612645272298936	4.5588235294117645
1.0	2.0	0.0	0.0012673164619497836	4.617647058823529
1.0	2.0	0.0	0.0012589193448513658	4.911764705882353
1.0	2.0	0.0	0.0012394273868006809	4.852941176470588
1.0	2.0	0.0	0.0012311991943765388	5.117647058823529
1.0	3.0	0.0	0.00186665651059824	4.529411764705882
1.0	3.0	0.0	0.0019993859888522625	5.323529411764706
1.0	3.0	0.0	0.0018688214687578365	4.5
1.0	2.0	0.0	0.001331081013145175	5.294117647058823
1.0	3.0	0.0	0.0018867132409704388	4.705882352941177
1.0	3.0	0.0	0.002113662055397798	6.147058823529412
1.0	2.0	0.0	0.0014367727056297497	6.235294117647059
1.0	3.0	0.0	0.002042662532113002	5.5588235294117645
1.0	3.0	0.0	0.0018967616449776343	4.529411764705882
1.0	3.0	0.0	0.0018783466061930206	4.705882352941177
1.0	3.0	0.0	0.0019019625000042356	4.647058823529412
1.0	1.0	0.0	0.0007343299887471994	6.294117647058823
1.0	3.0	0.0	0.0018054288023222726	4.882352941176471
1.0	3.0	0.0	0.0018070027411184115	4.970588235294118
1.0	1.0	0.0	0.0007693005397787902	7.117647058823529
1.0	1.0	0.0	0.0007693005397787902	7.117647058823529
1.0	3.0	0.0	0.0018688490151706357	4.970588235294118
1.0	1.0	0.0	0.0007797713453852899	7.205882352941177
1.0	1.0	0.0	0.0007477165107105644	6.529411764705882
1.0	1.0	0.0	0.0007477165107105644	6.529411764705882
1.0	3.0	0.0	0.0018489261091493877	5.0588235294117645
1.0	2.0	0.0	0.0012425251407965233	5.676470588235294
1.0	2.0	0.0	0.0012437440871272787	5.764705882352941
1.0	1.0	0.0	0.0007029006878930185	5.571428571428571
1.0	1.0	0.0	0.0007728566098612158	8.238095238095237
1.0	1.0	0.0	0.0008089864239433538	9.095238095238095
1.0	2.0	0.0	0.0012941763899027628	4.619047619047619
1.0	3.0	0.0	0.0020402686369201772	7.0
1.0	2.0	0.0	0.0015015279837807926	8.142857142857142
1.0	2.0	0.0	0.0013393907157799039	5.190476190476191
1.0	2.0	0.0	0.001352047081034615	5.571428571428571
1.0	2.0	0.0	0.001328164183391666	4.904761904761905
1.0	2.0	0.0	0.001366012158671078	6.0476190476190474
1.0	2.0	0.0	0.0013137564688499798	4.714285714285714
1.0	2.0	0.0	0.0013880152095139093	6.619047619047619
1.0	3.0	0.0	0.0018972850392929977	4.619047619047619
1.0	3.0	0.0	0.002128099702244183	7.285714285714286
1.0	3.0	0.0	0.0018265836805950297	4.809523809523809
1.0	3.0	0.0	0.0018807050258872022	6.238095238095238
1.0	2.0	0.0	0.0012492674912596147	5.285714285714286
1.0	2.0	0.0	0.0012492674912596147	5.285714285714286
1.0	2.0	0.0	0.0012595142397716114	5.761904761904762
1.0	2.0	0.0	0.0012595142397716114	5.761904761904762
1.0	1.0	0.0	0.0007463992126242417	7.9523809523809526
1.0	1.0	0.0	0.0007463992126242417	7.9523809523809526
1.0	2.0	0.0	0.001200349247142381	2.9411764705882355
1.0	1.0	0.0	0.0006725782335718532	3.8823529411764706
1.0	1.0	0.0	0.0006713120552643398	4.0
1.0	4.0	0.0	0.0024665375131538033	3.411764705882353
1.0	2.0	0.0	0.001232866424416079	3.6470588235294117
1.0	2.0	0.0	0.0012045322523837748	3.176470588235294
1.0	3.0	0.0	0.001726104251786865	2.7058823529411766
1.0	3.0	0.0	0.001698492390411263	2.4705882352941178
1.0	1.0	0.0	0.0006898448266717242	4.352941176470588
1.0	1.0	0.0	0.0006898448266717242	4.352941176470588
1.0	3.0	0.0	0.0016983415312504108	2.588235294117647
1.0	3.0	0.0	0.001792562914757266	2.9411764705882355
1.0	3.0	0.0	0.0017198718560081066	2.823529411764706
1.0	3.0	0.0	0.0017945524504887434	3.0588235294117645
1.0	2.0	0.0	0.0011915315424677639	3.2941176470588234
1.0	2.0	0.0	0.0012019543392652087	3.5294117647058822
1.0	2.0	0.0	0.001222176072624461	4.0
1.0	2.0	0.0	0.0012229328138329023	4.235294117647059
1.0	1.0	0.0	0.0006312390029755555	13.397058823529411
1.0	1.0	0.0	0.0006564630639647388	13.5
1.0	2.0	0.0	0.0011600659119902195	9.632352941176471
1.0	2.0	0.0	0.0012289623168382502	16.5
1.0	2.0	0.0	0.0011937306469179147	9.367647058823529
1.0	1.0	0.0	0.0006881526775206715	17.470588235294116
1.0	1.0	0.0	0.0006746051320064659	10.25
1.0	2.0	0.0	0.0011806735944223296	9.235294117647058
1.0	2.0	0.0	0.0011984846997537806	9.5
1.0	2.0	0.0	0.001179009887347848	10.161764705882353
1.0	1.0	0.0	0.0006753672965615461	10.647058823529411
1.0	2.0	0.0	0.0011946916447886486	11.044117647058824
1.0	2.0	0.0	0.001188413271845619	12.588235294117647
1.0	2.0	0.0	0.0012869310416116168	12.279411764705882
1.0	2.0	0.0	0.001228694613921556	14.117647058823529
1.0	1.0	0.0	0.0006911885968942369	15.102941176470589
1.0	1.0	0.0	0.0007004688957150282	15.911764705882353
1.0	1.0	0.0	0.0007027261529637861	16.75
1.0	1.0	0.0	0.0007515879318344168	16.86764705882353
1.0	1.0	0.0	0.0007563088071807312	14.191176470588236
1.0	4.0	0.0	0.0022099721789467335	12.411764705882353
1.0	3.0	0.0	0.0016354779977192692	11.838235294117647
1.0	3.0	0.0	0.0016375953974708491	11.294117647058824
1.0	4.0	0.0	0.0022251668196106586	13.058823529411764
1.0	4.0	0.0	0.00220970982878142	10.838235294117647
1.0	3.0	0.0	0.0016572615402074414	10.470588235294118
1.0	3.0	0.0	0.0017414910918541627	12.514705882352942
1.0	2.0	0.0	0.0011479704527996286	11.941176470588236
1.0	3.0	0.0	0.001667373253740668	13.823529411764707
1.0	2.0	0.0	0.001149313368137304	13.264705882352942
1.0	2.0	0.0	0.0011388705593837604	11.470588235294118
1.0	2.0	0.0	0.0011440871164387014	11.014705882352942
1.0	2.0	0.0	0.0011512307436218623	13.970588235294118
1.0	2.0	0.0	0.0011523133416349708	10.529411764705882
1.0	1.0	0.0	0.0006344276060749041	14.044117647058824
1.0	2.0	0.0	0.0011384270990410443	10.161764705882353
1.0	1.0	0.0	0.0006307580077380929	11.823529411764707
1.0	2.0	0.0	0.00115980959755039	10.220588235294118
1.0	3.0	0.0	0.0016889824034960585	9.852941176470589
1.0	3.0	0.0	0.0017162941917078824	14.661764705882353
1.0	2.0	0.0	0.0012017670412685015	15.588235294117647
1.0	2.0	0.0	0.0012030239600246872	15.573529411764707
1.0	3.0	0.0	0.001847602933346763	16.485294117647058
1.0	3.0	0.0	0.001728952783584862	9.441176470588236
1.0	2.0	0.0	0.001193730646917915	9.367647058823529
1.0	3.0	0.0	0.0018009928007466322	9.264705882352942
1.0	3.0	0.0	0.0018009928007466322	9.264705882352942
1.0	3.0	0.0	0.0017470116496536897	9.191176470588236
1.0	1.0	0.0	0.0006746051320064658	10.25
1.0	3.0	0.0	0.001744814276551927	9.308823529411764
1.0	2.0	0.0	0.0011984846997537808	9.5
1.0	3.0	0.0	0.0018061179020435578	9.661764705882353
1.0	3.0	0.0	0.0018061179020435573	9.661764705882353
1.0	3.0	0.0	0.0017468568515409217	9.852941176470589
1.0	1.0	0.0	0.000675367296561546	10.647058823529411
1.0	3.0	0.0	0.001733162164305379	10.5
1.0	2.0	0.0	0.0011851740742773534	10.955882352941176
1.0	3.0	0.0	0.0017656030356259823	11.382352941176471
1.0	3.0	0.0	0.0017402680159873604	11.926470588235293
1.0	3.0	0.0	0.0017976332212790679	11.470588235294118
1.0	1.0	0.0	0.0006740086135097848	12.455882352941176
1.0	3.0	0.0	0.0017805269280246803	13.279411764705882
1.0	3.0	0.0	0.001855101977011861	14.117647058823529
1.0	3.0	0.0	0.0018912389875591947	14.926470588235293
1.0	3.0	0.0	0.001893636875972276	15.764705882352942
1.0	3.0	0.0	0.0018741464393143524	14.926470588235293
1.0	3.0	0.0	0.002070914227646007	13.205882352941176
1.0	2.0	0.0	0.0013710180841503422	15.882352941176471
1.0	1.0	0.0	0.0007563088071807312	14.191176470588236
1.0	2.0	0.0	0.0011723952241654415	4.428571428571429
1.0	2.0	0.0	0.0012320834260512279	5.685714285714286
1.0	1.0	0.0	0.0006732678652309286	5.742857142857143
1.0	1.0	0.0	0.0007035214539743334	8.085714285714285
1.0	1.0	0.0	0.0006493945515633734	5.114285714285714
1.0	1.0	0.0	0.00065172130578956	5.285714285714286
1.0	1.0	0.0	0.0007297821529284838	6.6
1.0	1.0	0.0	0.0006545325341782098	5.914285714285715
1.0	1.0	0.0	0.0006545820816305347	6.085714285714285
1.0	1.0	0.0	0.0007008956433636246	7.3428571428571425
1.0	3.0	0.0	0.0016894318069399041	3.9714285714285715
1.0	4.0	0.0	0.0023955793167273897	4.771428571428571
1.0	2.0	0.0	0.0011806064981411631	4.6
1.0	2.0	0.0	0.0011773242638039505	4.714285714285714
1.0	3.0	0.0	0.0016607895830466298	3.914285714285714
1.0	3.0	0.0	0.0016789739437718	4.085714285714285
1.0	3.0	0.0	0.0017678550025233817	4.942857142857143
1.0	2.0	0.0	0.001232083426051228	5.685714285714286
1.0	3.0	0.0	0.0018869072437418945	6.371428571428571
1.0	3.0	0.0	0.0019020743125067166	7.114285714285714
1.0	3.0	0.0	0.0018869072437418938	6.371428571428571
1.0	3.0	0.0	0.0017172701918162043	4.142857142857143
1.0	3.0	0.0	0.001987610332400086	5.628571428571429
1.0	3.0	0.0	0.001727244966172044	4.314285714285714
1.0	3.0	0.0	0.00167251195678656	4.371428571428571
1.0	3.0	0.0	0.0016738925887383373	4.542857142857143
1.0	1.0	0.0	0.0007008956433636246	7.3428571428571425
1.0	1.0	0.0	0.0007297821529284838	6.6
1.0	3.0	0.0	0.0017346866370626934	4.942857142857143
1.0	3.0	0.0	0.001736563036359219	5.114285714285714
1.0	3.0	0.0	0.0017025820545175923	5.514285714285714
1.0	3.0	0.0	0.0017021153600067732	5.685714285714286
1.0	2.0	0.0	0.0011932502704189163	6.371428571428571
1.0	2.0	0.0	0.0011938167955733933	6.542857142857143
1.0	2.0	0.0	0.001220132861698775	7.228571428571429
1.0	2.0	0.0	0.0012197073566229692	7.4
1.0	2.0	0.0	0.0011460390092642378	3.15
1.0	2.0	0.0	0.0011643819523972875	3.4
1.0	1.0	0.0	0.0006665628263669954	4.4
1.0	1.0	0.0	0.0006519594211158365	3.7
1.0	1.0	0.0	0.0006571666342832948	3.9
1.0	1.0	0.0	0.0007158776044948248	4.7
1.0	3.0	0.0	0.0016371369127730258	2.5
1.0	3.0	0.0	0.0017706615235328319	3.2
1.0	4.0	0.0	0.0021683634540137853	2.6
1.0	3.0	0.0	0.0016572984648530985	2.8
1.0	2.0	0.0	0.001121567895463319	3.05
1.0	4.0	0.0	0.002289503859366721	2.9
1.0	3.0	0.0	0.0016652812728934407	3.1
1.0	3.0	0.0	0.001726507102150226	2.75
1.0	3.0	0.0	0.0017449073247625168	2.95
1.0	3.0	0.0	0.0017753813531077	3.45
1.0	2.0	0.0	0.001292914708272373	3.75
1.0	2.0	0.0	0.0011772943578699205	3.85
1.0	2.0	0.0	0.0012103108241252533	4.2
1.0	1.0	0.0	0.0006652557855462898	4.15
1.0	2.0	0.0	0.0012080775125438079	4.5
1.0	3.0	0.0	0.002016750498393228	6.518518518518518
1.0	3.0	0.0	0.002016750498393228	6.518518518518518
1.0	3.0	0.0	0.002016750498393228	6.518518518518518
1.0	3.0	0.0	0.0016862525129750458	3.5555555555555554
1.0	3.0	0.0	0.0017206718066651704	3.925925925925926
1.0	3.0	0.0	0.0017206718066651704	3.925925925925926
1.0	3.0	0.0	0.0017206718066651704	3.925925925925926
1.0	2.0	0.0	0.0012052309942104896	4.518518518518518
1.0	2.0	0.0	0.0012052309942104896	4.518518518518518
1.0	2.0	0.0	0.0012052309942104896	4.518518518518518
1.0	2.0	0.0	0.0012052309942104896	4.518518518518518
1.0	2.0	0.0	0.0012052309942104896	4.518518518518518
1.0	2.0	0.0	0.0012052309942104896	4.518518518518518
1.0	3.0	0.0	0.001847960555213514	5.703703703703703
1.0	3.0	0.0	0.001847960555213514	5.703703703703703
1.0	3.0	0.0	0.001847960555213514	5.703703703703703
1.0	2.0	0.0	0.001228087903113182	5.111111111111111
1.0	2.0	0.0	0.001228087903113182	5.111111111111111
1.0	2.0	0.0	0.001228087903113182	5.111111111111111
1.0	2.0	0.0	0.001228087903113182	5.111111111111111
1.0	2.0	0.0	0.001228087903113182	5.111111111111111
1.0	2.0	0.0	0.001228087903113182	5.111111111111111
1.0	1.0	0.0	0.0007401586535327038	7.481481481481482
1.0	1.0	0.0	0.0007401586535327038	7.481481481481482
1.0	1.0	0.0	0.0007401586535327038	7.481481481481482
1.0	1.0	0.0	0.0007401586535327038	7.481481481481482
1.0	1.0	0.0	0.0007401586535327038	7.481481481481482
1.0	1.0	0.0	0.0007401586535327038	7.481481481481482
1.0	1.0	0.0	0.0007010900265578295	4.4375
1.0	2.0	0.0	0.0012209160367028292	3.125
1.0	1.0	0.0	0.0006935928035258827	4.5
1.0	1.0	0.0	0.0007474664591649645	5.25
1.0	1.0	0.0	0.0006908979218394599	4.0
1.0	1.0	0.0	0.0007051532576567212	4.875
1.0	3.0	0.0	0.001776538550571072	2.625
1.0	2.0	0.0	0.0012621823709285775	3.5
1.0	3.0	0.0	0.00186551567545283	3.5625
1.0	3.0	0.0	0.001766369073661587	2.6875
1.0	2.0	0.0	0.0012236837782817272	3.1875
1.0	3.0	0.0	0.0018565108530605107	3.5
1.0	2.0	0.0	0.0013635343347209391	4.3125
1.0	3.0	0.0	0.001855528377314374	3.0625
1.0	2.0	0.0	0.0012337401789830225	3.0625
1.0	3.0	0.0	0.0018921000806318145	3.5
1.0	3.0	0.0	0.0019028776774384923	3.9375
1.0	2.0	0.0	0.0011294445791693746	3.1666666666666665
1.0	2.0	0.0	0.0012163285002929256	4.388888888888889
1.0	3.0	0.0	0.0016407274989700658	2.611111111111111
1.0	3.0	0.0	0.0016512212893352789	2.7222222222222223
1.0	3.0	0.0	0.0017181871133530439	2.7777777777777777
1.0	3.0	0.0	0.0016532577106532003	2.9444444444444446
1.0	3.0	0.0	0.0017231379033803102	2.888888888888889
1.0	3.0	0.0	0.0016937201958566598	3.0555555555555554
1.0	3.0	0.0	0.001692550872507663	2.9444444444444446
1.0	3.0	0.0	0.0016673079425969378	3.2222222222222223
1.0	1.0	0.0	0.0006493535438313989	3.7222222222222223
1.0	2.0	0.0	0.001171135676135727	3.6666666666666665
1.0	1.0	0.0	0.0006507821244647402	3.8333333333333335
1.0	2.0	0.0	0.0011760127409012012	3.9444444444444446
1.0	2.0	0.0	0.0011894320447715441	3.7777777777777777
1.0	2.0	0.0	0.001188908459441067	3.6666666666666665
1.0	2.0	0.0	0.0012028237088859942	4.388888888888889
1.0	2.0	0.0	0.0012043574920162952	4.666666666666667
1.0	2.0	0.0	0.0012163842312812772	4.5
1.0	2.0	0.0	0.0012480342340412832	7.776315789473684
1.0	2.0	0.0	0.0013614536786559226	8.526315789473685
1.0	2.0	0.0	0.0012658064749467624	8.552631578947368
1.0	2.0	0.0	0.0012658958568353912	8.605263157894736
1.0	1.0	0.0	0.0006953172184051089	8.447368421052632
1.0	1.0	0.0	0.0006959289894228108	8.5
1.0	1.0	0.0	0.0007053172717055144	9.328947368421053
1.0	1.0	0.0	0.0007060426211893698	8.81578947368421
1.0	1.0	0.0	0.0007053937177797002	9.381578947368421
1.0	1.0	0.0	0.000706372001386263	8.868421052631579
1.0	1.0	0.0	0.0006962221266182163	9.539473684210526
1.0	1.0	0.0	0.00069626710771088	9.592105263157896
1.0	1.0	0.0	0.0006788691837375675	10.960526315789474
1.0	1.0	0.0	0.0006788733136371194	10.986842105263158
1.0	3.0	0.0	0.0018921325118156035	7.7368421052631575
1.0	3.0	0.0	0.001893165690633426	7.7894736842105265
1.0	3.0	0.0	0.0018781882104725168	7.526315789473684
1.0	3.0	0.0	0.0018802690830780604	7.578947368421052
1.0	2.0	0.0	0.0012710625530422555	8.381578947368421
1.0	2.0	0.0	0.0012712810537746908	8.43421052631579
1.0	2.0	0.0	0.0012202320664782642	9.276315789473685
1.0	2.0	0.0	0.00122024888582549	9.302631578947368
1.0	2.0	0.0	0.0011733442565222854	11.552631578947368
1.0	2.0	0.0	0.0011733457159938197	11.578947368421053
1.0	2.0	0.0	0.0011880137232892353	12.43421052631579
1.0	2.0	0.0	0.0011880163795376965	12.460526315789474
1.0	3.0	0.0	0.0018144828325976244	7.197368421052632
1.0	3.0	0.0	0.001887529863528996	8.013157894736842
1.0	3.0	0.0	0.0018184207935246768	7.25
1.0	3.0	0.0	0.001888015617589559	8.06578947368421
1.0	3.0	0.0	0.0018530817783127536	7.565789473684211
1.0	3.0	0.0	0.0020438347074920745	8.947368421052632
1.0	3.0	0.0	0.0020441446955241725	9.0
1.0	3.0	0.0	0.0018728620703090692	7.4605263157894735
1.0	2.0	0.0	0.0012414282330168716	7.618421052631579
1.0	3.0	0.0	0.0018749224216776514	7.5131578947368425
1.0	3.0	0.0	0.0019023412978784006	8.342105263157896
1.0	1.0	0.0	0.0007478456903321376	9.93421052631579
1.0	1.0	0.0	0.0007478456903321376	9.93421052631579
1.0	3.0	0.0	0.0019077425176719312	7.828947368421052
1.0	1.0	0.0	0.0007021045186265512	8.723684210526315
1.0	3.0	0.0	0.001902589958881151	8.394736842105264
1.0	3.0	0.0	0.001915171799104035	8.105263157894736
1.0	1.0	0.0	0.0007479406752309235	9.986842105263158
1.0	1.0	0.0	0.0007479406752309235	9.986842105263158
1.0	3.0	0.0	0.00190882604098868	7.881578947368421
1.0	1.0	0.0	0.0007024188417141426	8.776315789473685
1.0	3.0	0.0	0.0019157603151681011	8.157894736842104
1.0	1.0	0.0	0.0006973058154092552	8.513157894736842
1.0	1.0	0.0	0.0006979237945466541	8.56578947368421
1.0	3.0	0.0	0.0018062537663474543	8.605263157894736
1.0	3.0	0.0	0.0018062923671520925	8.631578947368421
1.0	2.0	0.0	0.001244165167197765	8.605263157894736
1.0	2.0	0.0	0.0012441912044802834	8.631578947368421
1.0	1.0	0.0	0.0007087092349916429	9.092105263157896
1.0	3.0	0.0	0.0018729387219597665	8.552631578947368
1.0	1.0	0.0	0.0007088827546314144	9.144736842105264
1.0	3.0	0.0	0.0018730933819261736	8.605263157894736
1.0	1.0	0.0	0.0007467114811465698	9.513157894736842
1.0	3.0	0.0	0.0018177613162885528	9.973684210526315
1.0	3.0	0.0	0.0018177719190705522	10.0
1.0	3.0	0.0	0.0017427755782472199	10.723684210526315
1.0	3.0	0.0	0.0017427829075523245	10.75
1.0	2.0	0.0	0.0011916665295002488	11.605263157894736
1.0	2.0	0.0	0.0011916681113080397	11.631578947368421
1.0	3.0	0.0	0.0017210154045501978	12.381578947368421
1.0	3.0	0.0	0.0017210189156975132	12.407894736842104
1.0	3.0	0.0	0.0017272920615981685	13.263157894736842
1.0	3.0	0.0	0.0017272925261573385	13.289473684210526
1.0	2.0	0.0	0.001202961919292666	13.31578947368421
1.0	2.0	0.0	0.001202962045217218	13.342105263157896
1.0	2.0	0.0	0.0012048202584138386	14.197368421052632
1.0	2.0	0.0	0.0012048220987463086	14.223684210526315
1.0	2.0	0.0	0.0012279819327830563	14.25
1.0	2.0	0.0	0.0012279836715497617	14.276315789473685
1.0	2.0	0.0	0.0012287964133737245	15.131578947368421
1.0	2.0	0.0	0.0012287963366512367	15.157894736842104
1.0	2.0	0.0	0.0012546896633546653	3.1666666666666665
1.0	3.0	0.0	0.002157452478321506	5.0
1.0	3.0	0.0	0.001758501974086381	2.7777777777777777
1.0	3.0	0.0	0.001768853471504192	3.1666666666666665
1.0	3.0	0.0	0.001768853471504192	3.1666666666666665
1.0	2.0	0.0	0.0013157003430076073	3.6666666666666665
1.0	2.0	0.0	0.0013749833841108327	4.277777777777778
1.0	2.0	0.0	0.0012293332687823809	3.888888888888889
1.0	2.0	0.0	0.0012293332687823809	3.888888888888889
1.0	2.0	0.0	0.0012293332687823809	3.888888888888889
1.0	2.0	0.0	0.0012293332687823809	3.888888888888889
1.0	1.0	0.0	0.0007821402607668678	5.944444444444445
1.0	1.0	0.0	0.0007821402607668678	5.944444444444445
1.0	2.0	0.0	0.001256521504579324	4.611111111111111
1.0	2.0	0.0	0.001256521504579324	4.611111111111111
1.0	2.0	0.0	0.001256521504579324	4.611111111111111
1.0	2.0	0.0	0.001256521504579324	4.611111111111111
1.0	2.0	0.0	0.0012641696134873895	5.333333333333333
1.0	2.0	0.0	0.0012641696134873895	5.333333333333333
1.0	1.0	0.0	0.0006295068600214614	10.320754716981131
1.0	2.0	0.0	0.0011596739575307487	7.528301886792453
1.0	2.0	0.0	0.001227990489353566	13.20754716981132
1.0	2.0	0.0	0.0011937756991692362	7.679245283018868
1.0	1.0	0.0	0.0006877498894199908	14.169811320754716
1.0	1.0	0.0	0.0006746998246607537	8.773584905660377
1.0	2.0	0.0	0.001182205716881217	8.245283018867925
1.0	2.0	0.0	0.0012021649416277343	9.075471698113208
1.0	2.0	0.0	0.0011992488964804192	10.660377358490566
1.0	1.0	0.0	0.0006778361534948749	10.50943396226415
1.0	2.0	0.0	0.00123973014007252	12.169811320754716
1.0	1.0	0.0	0.0007029039300739793	13.943396226415095
1.0	1.0	0.0	0.0007056696282322375	14.773584905660377
1.0	4.0	0.0	0.0022026382808309946	9.339622641509434
1.0	3.0	0.0	0.00163058623718831	8.849056603773585
1.0	3.0	0.0	0.0016308937190370651	8.433962264150944
1.0	4.0	0.0	0.002210757356787617	9.924528301886792
1.0	4.0	0.0	0.002205316465123422	8.09433962264151
1.0	3.0	0.0	0.001655470718792758	7.867924528301887
1.0	2.0	0.0	0.0011377052849766457	9.018867924528301
1.0	2.0	0.0	0.0011431472216121518	9.50943396226415
1.0	3.0	0.0	0.0016620516112384057	10.622641509433961
1.0	2.0	0.0	0.0011368931978898572	8.622641509433961
1.0	2.0	0.0	0.0011462386849271035	10.150943396226415
1.0	2.0	0.0	0.0011423838179905172	8.283018867924529
1.0	2.0	0.0	0.0011482713746840652	10.79245283018868
1.0	2.0	0.0	0.0011511556977658812	7.943396226415095
1.0	2.0	0.0	0.001137402862887278	7.716981132075472
1.0	1.0	0.0	0.0006312565714687171	10.90566037735849
1.0	1.0	0.0	0.000629912896899703	9.075471698113208
1.0	2.0	0.0	0.0011588012727708809	7.7924528301886795
1.0	3.0	0.0	0.0016882887469572788	7.566037735849057
1.0	3.0	0.0	0.0017135466308217564	11.415094339622641
1.0	2.0	0.0	0.0012005246595338582	12.320754716981131
1.0	2.0	0.0	0.0012018131042840373	12.30188679245283
1.0	3.0	0.0	0.0017291084506609235	7.528301886792453
1.0	3.0	0.0	0.0018462462781527367	13.18867924528302
1.0	2.0	0.0	0.0011937756991692364	7.679245283018868
1.0	3.0	0.0	0.0018015889058906219	7.7924528301886795
1.0	3.0	0.0	0.0018015889058906219	7.7924528301886795
1.0	3.0	0.0	0.001747785040082589	7.943396226415095
1.0	1.0	0.0	0.0006746998246607536	8.773584905660377
1.0	3.0	0.0	0.00174842140233787	8.584905660377359
1.0	2.0	0.0	0.0012021649416277345	9.075471698113208
1.0	3.0	0.0	0.0018137829481759244	9.528301886792454
1.0	3.0	0.0	0.001813782948175924	9.528301886792454
1.0	3.0	0.0	0.0017611897877312195	10.018867924528301
1.0	1.0	0.0	0.0006778361534948748	10.50943396226415
1.0	3.0	0.0	0.0017882061299938127	11.339622641509434
1.0	2.0	0.0	0.0012397301400725203	12.169811320754716
1.0	3.0	0.0	0.001895315810830989	12.962264150943396
1.0	3.0	0.0	0.0018953158108309888	12.962264150943396
1.0	3.0	0.0	0.0019075009771656476	13.79245283018868
1.0	1.0	0.0	0.0007029039300739792	13.943396226415095
1.0	1.0	0.0	0.0006711781705390781	3.6
1.0	1.0	0.0	0.0006711781705390781	3.6
1.0	3.0	0.0	0.0016937851355308016	2.4
1.0	3.0	0.0	0.0016937851355308016	2.4
1.0	3.0	0.0	0.0017193094219442027	2.533333333333333
1.0	3.0	0.0	0.0017193094219442027	2.533333333333333
1.0	3.0	0.0	0.0017910297207953893	2.6666666666666665
1.0	3.0	0.0	0.0017910297207953893	2.6666666666666665
1.0	2.0	0.0	0.0011910888219174936	3.066666666666667
1.0	2.0	0.0	0.0011910888219174936	3.066666666666667
1.0	2.0	0.0	0.00119998462077932	3.2
1.0	2.0	0.0	0.00119998462077932	3.2
1.0	2.0	0.0	0.0012201812912023362	3.7333333333333334
1.0	2.0	0.0	0.0012201812912023362	3.7333333333333334
1.0	2.0	0.0	0.0012229475026996766	3.8666666666666667
1.0	2.0	0.0	0.0012229475026996766	3.8666666666666667
1.0	2.0	0.0	0.0011724179683687526	4.648648648648648
1.0	2.0	0.0	0.001232089590386763	5.945945945945946
1.0	1.0	0.0	0.0006732792866625936	6.0
1.0	1.0	0.0	0.0007035191543153088	8.378378378378379
1.0	1.0	0.0	0.0006494670446274125	5.1891891891891895
1.0	1.0	0.0	0.0006517906411117094	5.405405405405405
1.0	1.0	0.0	0.0007297841650219587	6.864864864864865
1.0	1.0	0.0	0.0006548133226365675	5.837837837837838
1.0	1.0	0.0	0.000654786189260528	6.054054054054054
1.0	2.0	0.0	0.0013323600717802197	7.027027027027027
1.0	1.0	0.0	0.0007008972018728425	7.621621621621622
1.0	3.0	0.0	0.0016894914994696653	4.162162162162162
1.0	4.0	0.0	0.0023956193222602305	5.027027027027027
1.0	2.0	0.0	0.001180636057949822	4.8108108108108105
1.0	2.0	0.0	0.0011773715210392503	4.918918918918919
1.0	3.0	0.0	0.0016609160502912977	4.054054054054054
1.0	3.0	0.0	0.0016791048101009321	4.27027027027027
1.0	3.0	0.0	0.0017678617519426025	5.1891891891891895
1.0	2.0	0.0	0.0012320895903867631	5.945945945945946
1.0	3.0	0.0	0.0018869021724139548	6.648648648648648
1.0	3.0	0.0	0.001902078500862896	7.405405405405405
1.0	3.0	0.0	0.0018869021724139546	6.648648648648648
1.0	3.0	0.0	0.0017175388402292653	4.216216216216216
1.0	3.0	0.0	0.001987634170583188	5.891891891891892
1.0	3.0	0.0	0.0017274508300350556	4.4324324324324325
1.0	3.0	0.0	0.0016729802625734865	4.378378378378378
1.0	3.0	0.0	0.001674320958767222	4.594594594594595
1.0	1.0	0.0	0.0007008972018728424	7.621621621621622
1.0	1.0	0.0	0.0007297841650219587	6.864864864864865
1.0	3.0	0.0	0.001735694065417233	4.864864864864865
1.0	3.0	0.0	0.001737175711477679	5.081081081081081
1.0	3.0	0.0	0.001704404241467409	5.351351351351352
1.0	3.0	0.0	0.0017033134334256544	5.5675675675675675
1.0	3.0	0.0	0.0017940380551715292	6.108108108108108
1.0	2.0	0.0	0.0011946716961620345	6.4324324324324325
1.0	2.0	0.0	0.0012218627396129475	6.972972972972973
1.0	2.0	0.0	0.0012209415908821133	7.1891891891891895
1.0	1.0	0.0	0.0007332612078137703	8.0
1.0	1.0	0.0	0.0006305439293134158	6.184210526315789
1.0	1.0	0.0	0.0006401159472795964	5.7631578947368425
1.0	2.0	0.0	0.0011808709895667073	5.815789473684211
1.0	1.0	0.0	0.0007050759255686625	6.552631578947368
1.0	2.0	0.0	0.0012282209641214744	8.631578947368421
1.0	2.0	0.0	0.0012357544900352276	7.078947368421052
1.0	1.0	0.0	0.0006878382444882556	9.578947368421053
1.0	1.0	0.0	0.0006909124702310842	8.0
1.0	1.0	0.0	0.0007026304186363815	8.710526315789474
1.0	1.0	0.0	0.0007050298128312278	9.473684210526315
1.0	4.0	0.0	0.0022064416057759016	5.2105263157894735
1.0	3.0	0.0	0.001637855443061829	4.921052631578948
1.0	4.0	0.0	0.002213971056358693	5.631578947368421
1.0	3.0	0.0	0.0016384560537545535	4.7368421052631575
1.0	4.0	0.0	0.002225750809243454	4.657894736842105
1.0	4.0	0.0	0.002247740030000466	4.7894736842105265
1.0	3.0	0.0	0.0016632676876730515	6.2105263157894735
1.0	2.0	0.0	0.0011451002048596275	5.447368421052632
1.0	2.0	0.0	0.001141353915206289	5.157894736842105
1.0	2.0	0.0	0.0011477474854298523	5.947368421052632
1.0	2.0	0.0	0.0011443844537126447	5.052631578947368
1.0	2.0	0.0	0.0011554982751597993	4.973684210526316
1.0	2.0	0.0	0.001149262395365106	6.447368421052632
1.0	2.0	0.0	0.0011599460141540777	4.947368421052632
1.0	2.0	0.0	0.0011533535877275062	5.078947368421052
1.0	1.0	0.0	0.0006318241900498794	6.605263157894737
1.0	2.0	0.0	0.001169605008110102	5.2368421052631575
1.0	3.0	0.0	0.0017089181860100687	5.368421052631579
1.0	2.0	0.0	0.0012682268290559082	5.578947368421052
1.0	3.0	0.0	0.0017142466980332948	6.921052631578948
1.0	2.0	0.0	0.001200797670382319	7.7894736842105265
1.0	2.0	0.0	0.0012020781859949914	7.7631578947368425
1.0	3.0	0.0	0.0017772067948238022	6.315789473684211
1.0	3.0	0.0	0.001846567379427315	8.605263157894736
1.0	3.0	0.0	0.0018588259844279503	7.026315789473684
1.0	3.0	0.0	0.0018938346918452764	7.7368421052631575
1.0	3.0	0.0	0.0018917013113015691	7.7894736842105265
1.0	3.0	0.0	0.0019058902528640627	8.5
1.0	1.0	0.0	0.0007019899494840337	8.763157894736842
1.0	2.0	0.0	0.0019678224121114987	1.0
1.0	1.0	0.0	0.0010241209224583075	1.5
1.0	1.0	0.0	0.0010241209224583075	1.5
1.0	2.0	0.0	0.0011260700148347513	6.108695652173913
1.0	2.0	0.0	0.0011494977415850835	6.782608695652174
1.0	2.0	0.0	0.0011679680737647527	6.260869565217392
1.0	2.0	0.0	0.0011843459552558294	6.934782608695652
1.0	1.0	0.0	0.0006429228705596451	6.891304347826087
1.0	1.0	0.0	0.0006493375717955104	7.0
1.0	1.0	0.0	0.0007115574512740753	8.456521739130435
1.0	1.0	0.0	0.0006655614301453719	7.1521739130434785
1.0	1.0	0.0	0.0006729420251949378	7.826086956521739
1.0	1.0	0.0	0.0007236255302506371	9.391304347826088
1.0	3.0	0.0	0.0015828370961478227	5.239130434782608
1.0	3.0	0.0	0.0015560631264185684	4.326086956521739
1.0	2.0	0.0	0.0010835629448822529	5.586956521739131
1.0	3.0	0.0	0.0017519410438420365	6.695652173913044
1.0	3.0	0.0	0.0017730848777264654	6.173913043478261
1.0	3.0	0.0	0.001796082613380431	6.8478260869565215
1.0	4.0	0.0	0.0020198620423303015	4.3478260869565215
1.0	3.0	0.0	0.0015505692553052855	4.804347826086956
1.0	4.0	0.0	0.0021087639861903135	5.304347826086956
1.0	2.0	0.0	0.0010630347622090032	4.891304347826087
1.0	3.0	0.0	0.001585851316777742	5.086956521739131
1.0	4.0	0.0	0.0022639984580890564	6.543478260869565
1.0	3.0	0.0	0.0016960697164862914	5.913043478260869
1.0	3.0	0.0	0.0017190489577998376	6.021739130434782
1.0	3.0	0.0	0.0016145831034127074	5.782608695652174
1.0	3.0	0.0	0.0016007804633436224	4.739130434782608
1.0	2.0	0.0	0.0010832426935381608	4.543478260869565
1.0	2.0	0.0	0.0011399241210638634	5.978260869565218
1.0	2.0	0.0	0.0012831026019122645	7.478260869565218
1.0	3.0	0.0	0.0016082850186851004	4.673913043478261
1.0	3.0	0.0	0.0016146925598769725	4.913043478260869
1.0	2.0	0.0	0.0011501759708883496	6.673913043478261
1.0	1.0	0.0	0.0006597233416253184	7.673913043478261
1.0	2.0	0.0	0.0011173369447499179	5.043478260869565
1.0	2.0	0.0	0.0011787639095022222	6.869565217391305
1.0	2.0	0.0	0.0011462561950340594	5.630434782608695
1.0	4.0	0.0	0.0022252623714252074	5.456521739130435
1.0	2.0	0.0	0.0011817268767907278	7.565217391304348
1.0	2.0	0.0	0.0011509324710085962	5.804347826086956
1.0	4.0	0.0	0.002334971746416413	7.478260869565218
1.0	2.0	0.0	0.0011823536339101086	6.521739130434782
1.0	3.0	0.0	0.0017730848777264652	6.173913043478261
1.0	2.0	0.0	0.0011839612932492442	6.695652173913044
1.0	3.0	0.0	0.0017960826133804307	6.8478260869565215
1.0	1.0	0.0	0.0006655614301453719	7.1521739130434785
1.0	2.0	0.0	0.0013099949016476993	8.41304347826087
1.0	1.0	0.0	0.0006729420251949378	7.826086956521739
1.0	2.0	0.0	0.0013398035917960892	6.96969696969697
1.0	2.0	0.0	0.001342133442848534	7.575757575757576
1.0	2.0	0.0	0.0013483607954397699	7.333333333333333
1.0	1.0	0.0	0.0006862484946988237	8.06060606060606
1.0	3.0	0.0	0.0016695359285100768	5.090909090909091
1.0	2.0	0.0	0.001180518658942461	5.515151515151516
1.0	3.0	0.0	0.001682606003054684	4.242424242424242
1.0	3.0	0.0	0.0017508138794083798	4.848484848484849
1.0	3.0	0.0	0.0016417588271799535	4.484848484848484
1.0	2.0	0.0	0.0011319856005147762	4.363636363636363
1.0	2.0	0.0	0.001159207945949993	4.96969696969697
1.0	2.0	0.0	0.001145570353493213	4.424242424242424
1.0	2.0	0.0	0.0011565866903331932	5.696969696969697
1.0	2.0	0.0	0.0013094600845713592	5.757575757575758
1.0	3.0	0.0	0.0016622238974813843	4.848484848484849
1.0	3.0	0.0	0.0016858767344638168	4.666666666666667
1.0	2.0	0.0	0.001161084871169801	6.0606060606060606
1.0	3.0	0.0	0.0016872403049473111	5.454545454545454
1.0	3.0	0.0	0.001691106954330094	5.090909090909091
1.0	1.0	0.0	0.0007235425016191908	6.7272727272727275
1.0	2.0	0.0	0.001175099878738047	5.454545454545454
1.0	2.0	0.0	0.0011987714156715676	6.181818181818182
1.0	2.0	0.0	0.001184508321925554	6.0606060606060606
1.0	3.0	0.0	0.0017146693484803518	5.757575757575758
1.0	2.0	0.0	0.001189250307289495	6.606060606060606
1.0	3.0	0.0	0.001810241759824768	6.0606060606060606
1.0	3.0	0.0	0.0018132553241324257	6.666666666666667
1.0	2.0	0.0	0.0011884515507875155	5.757575757575758
1.0	2.0	0.0	0.0012014331505416681	6.424242424242424
1.0	3.0	0.0	0.0018294517240556	6.424242424242424
1.0	3.0	0.0	0.0018385098484763006	7.090909090909091
1.0	1.0	0.0	0.0007369954871433867	7.9393939393939394
1.0	1.0	0.0	0.0007376196796651387	8.545454545454545
1.0	1.0	0.0	0.0007414715555005444	8.303030303030303
1.0	2.0	0.0	0.0013587684472507649	4.0
1.0	1.0	0.0	0.0006603685993402608	4.090909090909091
1.0	1.0	0.0	0.0006656775719080197	4.409090909090909
1.0	2.0	0.0	0.0013662068415376018	4.409090909090909
1.0	1.0	0.0	0.0007795650867243245	6.136363636363637
1.0	3.0	0.3333333333333333	0.0016880761979995796	3.909090909090909
1.0	3.0	0.3333333333333333	0.0016965018666139629	4.2272727272727275
1.0	1.0	0.0	0.0007795650867243245	6.136363636363637
1.0	2.0	1.0	0.0011642775205534404	4.818181818181818
1.0	2.0	1.0	0.0011642775205534404	4.818181818181818
1.0	2.0	1.0	0.001168655386080541	5.136363636363637
1.0	2.0	1.0	0.0011686553860805412	5.136363636363637
1.0	3.0	0.0	0.0016888619783053036	3.1363636363636362
1.0	3.0	0.0	0.0017020373611032857	3.4545454545454546
1.0	3.0	0.0	0.001720979622048317	2.8181818181818183
1.0	3.0	0.0	0.0017766710902871932	3.772727272727273
1.0	3.0	0.0	0.0017559437357887472	3.1363636363636362
1.0	3.0	0.0	0.001771993393267646	3.4545454545454546
1.0	3.0	0.0	0.0018492438230469665	3.1363636363636362
1.0	1.0	0.0	0.0006666695935128589	4.7272727272727275
1.0	2.0	0.0	0.001301949572625597	3.727272727272727
1.0	1.0	0.0	0.0007459368377500365	4.954545454545454
1.0	3.0	0.0	0.002148943451446101	5.181818181818182
1.0	2.0	0.0	0.0012216405467064561	5.04
1.0	1.0	0.0	0.0006732206845159204	5.0
1.0	1.0	0.0	0.0006471761304882709	4.64
1.0	1.0	0.0	0.0006860988204305563	5.72
1.0	3.0	0.0	0.00162737142063947	3.6
1.0	2.0	0.0	0.001113187349860274	4.0
1.0	4.0	0.0	0.00239809836350946	4.04
1.0	3.0	0.0	0.0016839616544914063	3.56
1.0	3.0	0.0	0.0016069142989806602	3.32
1.0	3.0	0.0	0.0016880942332703896	3.84
1.0	2.0	0.0	0.001106616491292884	3.96
1.0	2.0	0.0	0.001121423826340942	3.48
1.0	3.0	0.0	0.0016153860800817398	3.84
1.0	3.0	0.0	0.001601675930179841	3.52
1.0	3.0	0.0	0.001710542087781575	3.68
1.0	2.0	0.0	0.0013339150407750393	4.92
1.0	2.0	0.0	0.0011896372648616178	4.56
1.0	3.0	0.0	0.0018400002297791576	4.76
1.0	2.0	0.0	0.0011179953137585427	4.32
1.0	1.0	0.0	0.0007343658744194428	5.88
1.0	3.0	0.0	0.0016648130280463953	4.8
1.0	3.0	0.0	0.0016631280042020448	4.48
1.0	2.0	0.0	0.001175688159581167	5.6
1.0	2.0	0.0	0.0011749231133929656	5.28
1.0	2.0	0.0	0.0012050472251495677	6.4
1.0	2.0	0.0	0.001204969055041186	6.08
