Constant_feature	Degree	Clustering_coefficient	Pagerank	Aver_path_len
1.0	1.0	0.0	0.0192690666555261	4.96
1.0	1.0	0.0	0.019747578183408093	4.68
1.0	1.0	0.0	0.019989004023504994	4.84
1.0	3.0	0.0	0.049926302333725366	4.32
1.0	2.0	0.0	0.034465491352270824	4.56
1.0	2.0	0.0	0.035713936986602815	4.2
1.0	1.0	0.0	0.019487528582838365	5.2
1.0	3.0	0.0	0.05081186572946486	3.72
1.0	3.0	0.0	0.05141019368317617	4.0
1.0	3.0	0.0	0.052138314633514975	4.24
1.0	3.0	0.0	0.05300596313061733	3.72
1.0	3.0	0.0	0.050492783678232456	4.88
1.0	3.0	0.0	0.05241397292702665	4.6
1.0	3.0	0.0	0.053807816650607625	3.88
1.0	3.0	0.0	0.05416458070795892	5.32
1.0	3.0	0.0	0.05416458070795892	5.32
1.0	2.0	0.0	0.03518718438165201	5.68
1.0	2.0	0.0	0.03518718438165201	5.68
1.0	2.0	0.0	0.03668138554678168	6.12
1.0	2.0	0.0	0.03668138554678168	6.12
1.0	1.0	0.0	0.020094741390684588	6.28
1.0	1.0	0.0	0.020094741390684588	6.28
1.0	2.0	0.0	0.036861017724162164	6.84
1.0	2.0	0.0	0.03598532393761721	6.48
1.0	2.0	0.0	0.03598532393761721	6.48
1.0	2.0	0.0	0.036232731795932394	7.28
