Constant_feature	Degree	Clustering_coefficient	Pagerank	Aver_path_len
1.0	3.0	0.0	0.06367326760051802	3.4761904761904763
1.0	1.0	0.0	0.023647039727907368	4.428571428571429
1.0	3.0	0.0	0.0686234547629134	5.0
1.0	3.0	0.0	0.0686234547629134	5.0
1.0	2.0	0.0	0.042049213340943276	3.5714285714285716
1.0	2.0	0.0	0.042049213340943276	3.5714285714285716
1.0	3.0	0.0	0.0613418957043408	3.761904761904762
1.0	3.0	0.0	0.0613418957043408	3.761904761904762
1.0	3.0	0.0	0.06279680781587464	4.238095238095238
1.0	3.0	0.0	0.06279680781587464	4.238095238095238
1.0	2.0	0.0	0.04229792781311724	4.523809523809524
1.0	2.0	0.0	0.04229792781311724	4.523809523809524
1.0	2.0	0.0	0.042806518724860285	5.0
1.0	2.0	0.0	0.042806518724860285	5.0
1.0	2.0	0.0	0.04300154389557152	5.285714285714286
1.0	2.0	0.0	0.04300154389557152	5.285714285714286
1.0	2.0	0.0	0.04315829252767414	5.761904761904762
1.0	2.0	0.0	0.04315829252767414	5.761904761904762
1.0	1.0	0.0	0.02513209587524592	5.9523809523809526
1.0	1.0	0.0	0.02513209587524592	5.9523809523809526
1.0	1.0	0.0	0.02513209587524592	5.9523809523809526
1.0	1.0	0.0	0.02513209587524592	5.9523809523809526
