Constant_feature	Degree	Clustering_coefficient	Pagerank	Aver_path_len
1.0	2.0	0.0	0.011929744122507569	10.986301369863014
1.0	1.0	0.0	0.006618513733016558	8.684931506849315
1.0	2.0	0.0	0.011890494309202478	7.945205479452055
1.0	1.0	0.0	0.006665098523116088	8.712328767123287
1.0	2.0	0.0	0.012339579520945266	12.493150684931507
1.0	2.0	0.0	0.012184705242558415	9.095890410958905
1.0	1.0	0.0	0.006955831748483383	13.506849315068493
1.0	1.0	0.0	0.0070563844927182895	14.301369863013699
1.0	2.0	0.0	0.011883123149031257	8.986301369863014
1.0	1.0	0.0	0.007063883563016044	15.123287671232877
1.0	1.0	0.0	0.006869694162083278	10.383561643835616
1.0	1.0	0.0	0.0069788479630146375	11.287671232876713
1.0	1.0	0.0	0.0074887535000682	15.205479452054794
1.0	1.0	0.0	0.0074887535000682	15.205479452054794
1.0	2.0	0.0	0.012149089807173356	10.10958904109589
1.0	1.0	0.0	0.006848917475173898	11.068493150684931
1.0	1.0	0.0	0.006862596907316205	11.67123287671233
1.0	2.0	0.0	0.012124171490233399	12.054794520547945
1.0	2.0	0.0	0.012524653508971991	13.726027397260275
1.0	1.0	0.0	0.007001589724253366	14.657534246575343
1.0	1.0	0.0	0.0071037217287781805	15.534246575342467
1.0	1.0	0.0	0.007132103809999157	16.438356164383563
1.0	4.0	0.0	0.02233027236259515	8.054794520547945
1.0	3.0	0.0	0.01661613867156265	8.383561643835616
1.0	4.0	0.0	0.02249473098109145	8.767123287671232
1.0	4.0	0.0	0.022311010369857137	7.808219178082192
1.0	3.0	0.0	0.017005785609131175	9.232876712328768
1.0	2.0	0.0	0.011635880764065552	8.520547945205479
1.0	2.0	0.0	0.011688773726104846	8.904109589041095
1.0	4.0	0.0	0.02369875649114466	9.753424657534246
1.0	3.0	0.0	0.01654705768346716	7.671232876712328
1.0	3.0	0.0	0.01667629896300962	7.561643835616438
1.0	2.0	0.0	0.011508531191256267	8.246575342465754
1.0	2.0	0.0	0.011747202061500303	9.342465753424657
1.0	2.0	0.0	0.01163860247461422	7.808219178082192
1.0	4.0	0.0	0.02227430558503765	7.561643835616438
1.0	3.0	0.0	0.01755633408771741	7.698630136986301
1.0	1.0	0.0	0.006375703126847746	9.04109589041096
1.0	3.0	0.0	0.01738740135406885	10.32876712328767
1.0	2.0	0.0	0.011494154866770686	8.0
1.0	1.0	0.0	0.006412936492602057	9.753424657534246
1.0	2.0	0.0	0.011852883150712177	9.863013698630137
1.0	1.0	0.0	0.006371440092949014	8.794520547945206
1.0	2.0	0.0	0.011888740862416732	8.438356164383562
1.0	2.0	0.0	0.011863374222386303	8.438356164383562
1.0	4.0	0.0	0.024594726462581762	9.315068493150685
1.0	1.0	0.0	0.006684022830662666	10.73972602739726
1.0	1.0	0.0	0.006684022830662666	10.73972602739726
1.0	2.0	0.0	0.012224445759192865	9.315068493150685
1.0	3.0	0.0	0.017711579180635973	7.726027397260274
1.0	1.0	0.0	0.006885570970676621	10.301369863013699
1.0	1.0	0.0	0.006885570970676621	10.301369863013699
1.0	3.0	0.0	0.017878717127135936	11.67123287671233
1.0	3.0	0.0	0.018678394922190162	12.520547945205479
1.0	3.0	0.0	0.01741749002701714	8.191780821917808
1.0	3.0	0.0	0.019020124136294395	13.315068493150685
1.0	3.0	0.0	0.018755058135877505	13.287671232876713
1.0	3.0	0.0	0.01744245020112426	8.520547945205479
1.0	3.0	0.0	0.01903835084738521	14.136986301369863
1.0	3.0	0.0	0.018394131138042825	9.397260273972602
1.0	2.0	0.0	0.012461817428603382	9.972602739726028
1.0	3.0	0.0	0.018758744879466438	10.301369863013699
1.0	3.0	0.0	0.020454498830345776	14.219178082191782
1.0	3.0	0.0	0.017663151648303163	9.479452054794521
1.0	3.0	0.0	0.018325952923922743	10.082191780821917
1.0	3.0	0.0	0.018369921188965556	10.684931506849315
1.0	3.0	0.0	0.01832787741423336	10.712328767123287
1.0	3.0	0.0	0.01781748116962956	11.315068493150685
1.0	1.0	0.0	0.006849982035717071	11.698630136986301
1.0	3.0	0.0	0.01809439989557287	12.821917808219178
1.0	3.0	0.0	0.018832564032087017	13.67123287671233
1.0	3.0	0.0	0.01917618081758002	14.547945205479452
1.0	2.0	0.0	0.012768660403371025	14.602739726027398
1.0	3.0	0.0	0.019267544619407457	15.452054794520548
