Constant_feature	Degree	Clustering_coefficient	Pagerank	Aver_path_len
1.0	2.0	0.0	0.03403575734994031	5.666666666666667
1.0	2.0	0.0	0.03403575734994031	5.666666666666667
1.0	1.0	0.0	0.017347975160745856	5.733333333333333
1.0	1.0	0.0	0.017347975160745856	5.733333333333333
1.0	3.0	0.0	0.0412257206853047	4.533333333333333
1.0	2.0	0.0	0.029964234798222474	5.2
1.0	3.0	0.0	0.04114731988941868	3.5
1.0	3.0	0.0	0.03969042659490304	4.0
1.0	3.0	0.0	0.04028660007019788	3.533333333333333
1.0	3.0	0.0	0.03949365572838798	4.533333333333333
1.0	2.0	0.0	0.02721833607809739	3.7666666666666666
1.0	3.0	0.0	0.0398917820921391	5.066666666666666
1.0	3.0	0.0	0.04034618027741982	5.066666666666666
1.0	3.0	0.0	0.043061932881969654	4.0
1.0	3.0	0.0	0.043061932881969654	4.0
1.0	2.0	0.0	0.0277048588225351	4.066666666666666
1.0	2.0	0.0	0.027541586814122766	4.3
1.0	2.0	0.0	0.03108713697948817	5.433333333333334
1.0	3.0	0.0	0.0445618981296666	4.7
1.0	3.0	0.0	0.0445618981296666	4.7
1.0	2.0	0.0	0.02825283402335679	5.9
1.0	2.0	0.0	0.028411431282766374	5.9
1.0	3.0	0.0	0.04707171109032769	4.766666666666667
1.0	3.0	0.0	0.04707171109032769	4.766666666666667
1.0	1.0	0.0	0.01659502062491769	5.666666666666667
1.0	1.0	0.0	0.01659502062491769	5.666666666666667
1.0	1.0	0.0	0.01721492296992422	6.4
1.0	2.0	0.0	0.029021418501554336	6.733333333333333
1.0	2.0	0.0	0.029070504851270284	6.733333333333333
1.0	1.0	0.0	0.01854122953287745	6.633333333333334
1.0	1.0	0.0	0.01854122953287745	6.633333333333334
