Constant_feature	Degree	Clustering_coefficient	Pagerank	Aver_path_len
1.0	1.0	0.0	0.007718744350628271	10.833333333333334
1.0	1.0	0.0	0.007823186884503243	9.1
1.0	2.0	0.0	0.014221675995922983	7.666666666666667
1.0	1.0	0.0	0.008624237919494524	10.333333333333334
1.0	2.0	0.0	0.015040033166033103	13.85
1.0	2.0	0.0	0.01459896866104864	7.733333333333333
1.0	1.0	0.0	0.008422972692865007	14.816666666666666
1.0	2.0	0.0	0.016290146407220284	8.7
1.0	2.0	0.0	0.01446354619115104	8.116666666666667
1.0	2.0	0.0	0.014544818049599506	8.85
1.0	1.0	0.0	0.008359438548240786	10.2
1.0	1.0	0.0	0.008452186848347365	10.616666666666667
1.0	1.0	0.0	0.008383120015380652	11.066666666666666
1.0	2.0	0.0	0.014928800527095125	10.466666666666667
1.0	2.0	0.0	0.015157628979612474	11.933333333333334
1.0	1.0	0.0	0.008500827311462652	12.916666666666666
1.0	1.0	0.0	0.008608472088947307	13.7
1.0	1.0	0.0	0.00862196058621502	14.516666666666667
1.0	1.0	0.0	0.009218695210346758	14.65
1.0	4.0	0.0	0.02701823628151413	9.85
1.0	3.0	0.0	0.020039721842051716	9.3
1.0	4.0	0.0	0.027102867723479727	10.483333333333333
1.0	3.0	0.0	0.020055382046686353	8.816666666666666
1.0	4.0	0.0	0.02720298069591638	8.4
1.0	4.0	0.0	0.027480821134961947	8.116666666666667
1.0	3.0	0.0	0.02036708278067169	11.216666666666667
1.0	2.0	0.0	0.014021784466597652	10.0
1.0	2.0	0.0	0.013966619689541705	9.45
1.0	2.0	0.0	0.01405142256763466	10.683333333333334
1.0	2.0	0.0	0.014007365841957982	9.016666666666667
1.0	2.0	0.0	0.014127036351721176	8.6
1.0	2.0	0.0	0.014072519352473896	11.366666666666667
1.0	2.0	0.0	0.0141713176718083	8.216666666666667
1.0	1.0	0.0	0.0077372415009105055	11.466666666666667
1.0	2.0	0.0	0.01405640353575324	7.933333333333334
1.0	2.0	0.0	0.014250333043553266	8.033333333333333
1.0	3.0	0.0	0.020774982682344977	7.75
1.0	2.0	0.0	0.01552052436498931	9.35
1.0	3.0	0.0	0.020990704405067347	12.033333333333333
1.0	2.0	0.0	0.014704512488961692	12.95
1.0	2.0	0.0	0.014720135755619798	12.933333333333334
1.0	3.0	0.0	0.022612125649844952	13.833333333333334
1.0	3.0	0.0	0.02116126685100041	7.616666666666666
1.0	2.0	0.0	0.014566263764096338	7.7
1.0	3.0	0.0	0.021923665505352553	7.75
1.0	3.0	0.0	0.022032710322842562	7.783333333333333
1.0	3.0	0.0	0.021336777242214777	7.866666666666666
1.0	1.0	0.0	0.008249853578670738	8.766666666666667
1.0	3.0	0.0	0.021414028044302227	8.4
1.0	1.0	0.0	0.008969186890312347	9.683333333333334
1.0	3.0	0.0	0.022399145927506407	9.216666666666667
1.0	3.0	0.0	0.02271048665825344	9.633333333333333
1.0	3.0	0.0	0.021606224427603588	9.266666666666667
1.0	3.0	0.0	0.022478397950143742	10.083333333333334
1.0	2.0	0.0	0.014839024801211492	9.85
1.0	3.0	0.0	0.02204002516868326	11.116666666666667
1.0	3.0	0.0	0.022870790605696384	11.933333333333334
1.0	3.0	0.0	0.023231356555848355	12.716666666666667
1.0	3.0	0.0	0.023274400523849964	13.533333333333333
1.0	3.0	0.0	0.02302248733314929	12.716666666666667
1.0	2.0	0.0	0.01684232554108507	13.666666666666666
