Constant_feature	Degree	Clustering_coefficient	Pagerank	Aver_path_len
1.0	1.0	0.0	0.018397034146139187	6.111111111111111
1.0	1.0	0.0	0.018206106644984253	5.296296296296297
1.0	1.0	0.0	0.019829729094824788	7.814814814814815
1.0	1.0	0.0	0.019829729094824788	7.814814814814815
1.0	2.0	0.0	0.03259314694790927	4.555555555555555
1.0	2.0	0.0	0.03253249661392161	5.37037037037037
1.0	2.0	0.0	0.03255597124324529	5.0
1.0	3.0	0.0	0.047958413057391305	4.851851851851852
1.0	3.0	0.0	0.0497313113468317	5.592592592592593
1.0	2.0	0.0	0.03288717075119972	5.444444444444445
1.0	3.0	0.0	0.04976404376214173	6.037037037037037
1.0	2.0	0.0	0.03362590829515147	6.185185185185185
1.0	2.0	0.0	0.033631283915951035	6.777777777777778
1.0	3.0	0.0	0.04719519926827895	4.2592592592592595
1.0	1.0	0.0	0.01849131998660222	6.555555555555555
1.0	3.0	0.0	0.04878364408813139	4.333333333333333
1.0	3.0	0.0	0.047117117048649244	4.62962962962963
1.0	2.0	0.0	0.031865828136317095	4.481481481481482
1.0	2.0	0.0	0.03237206052866967	5.074074074074074
1.0	3.0	0.0	0.048167853355426546	6.185185185185185
1.0	2.0	0.0	0.03258868768880862	5.592592592592593
1.0	3.0	0.0	0.049417514270150564	5.148148148148148
1.0	3.0	0.0	0.05419259937478797	6.851851851851852
1.0	2.0	0.0	0.033256463599538974	7.0
1.0	2.0	0.0	0.033256463599538974	7.0
1.0	2.0	0.0	0.03385582768038992	7.814814814814815
1.0	2.0	0.0	0.03385582768038992	7.814814814814815
1.0	2.0	0.0	0.03404124877980348	8.62962962962963
