Constant_feature	Degree	Clustering_coefficient	Pagerank	Aver_path_len
1.0	2.0	0.0	0.0126733556816804	10.430769230769231
1.0	1.0	0.0	0.0070897025142189814	10.646153846153846
1.0	2.0	0.0	0.013334553326659459	11.846153846153847
1.0	1.0	0.0	0.007356122542177228	9.76923076923077
1.0	2.0	0.0	0.012901825685364892	10.953846153846154
1.0	1.0	0.0	0.007555257596286009	12.846153846153847
1.0	2.0	0.0	0.01343556965470516	12.461538461538462
1.0	1.0	0.0	0.007249977915163299	10.153846153846153
1.0	1.0	0.0	0.0075891248860772784	13.446153846153846
1.0	1.0	0.0	0.008367989613135233	14.615384615384615
1.0	2.0	0.0	0.012388885721817325	7.584615384615384
1.0	2.0	0.0	0.012387945568781582	7.615384615384615
1.0	4.0	0.0	0.024744571090689813	9.123076923076923
1.0	4.0	0.0	0.024776304428371126	9.661538461538461
1.0	3.0	0.0	0.018199830845372005	7.984615384615385
1.0	3.0	0.0	0.018115725012724994	8.323076923076924
1.0	4.0	0.0	0.024362334041740503	7.7384615384615385
1.0	3.0	0.0	0.01813299736828421	8.692307692307692
1.0	3.0	0.0	0.018407554349998256	9.753846153846155
1.0	3.0	0.0	0.019471418244396358	8.784615384615385
1.0	3.0	0.0	0.01930044360649464	10.323076923076924
1.0	2.0	0.0	0.012815530898497655	8.415384615384616
1.0	3.0	0.0	0.01832105697187003	7.769230769230769
1.0	4.0	0.0	0.025048563553695988	11.0
1.0	2.0	0.0	0.0126715121584753	8.353846153846154
1.0	2.0	0.0	0.012476937441351688	9.276923076923078
1.0	2.0	0.0	0.012712551123433015	8.107692307692307
1.0	2.0	0.0	0.012434567276365983	7.6461538461538465
1.0	1.0	0.0	0.007082994441131044	10.107692307692307
1.0	4.0	0.0	0.02430184444782812	7.953846153846154
1.0	3.0	0.0	0.018094444562368854	8.261538461538462
1.0	4.0	0.0	0.023871233579829974	9.569230769230769
1.0	3.0	0.0	0.01801847072771855	8.661538461538461
1.0	2.0	0.0	0.01244958979156871	7.676923076923077
1.0	3.0	0.0	0.020132117628436696	11.861538461538462
1.0	1.0	0.0	0.006997172342712991	8.723076923076922
1.0	3.0	0.0	0.018288568317061313	7.923076923076923
1.0	3.0	0.0	0.018391365334305094	10.2
1.0	3.0	0.0	0.01797567563066299	9.092307692307692
1.0	1.0	0.0	0.007305357267098784	11.307692307692308
1.0	3.0	0.0	0.01812373719934369	7.553846153846154
1.0	2.0	0.0	0.012678012158784146	8.738461538461538
1.0	2.0	0.0	0.012629118199932185	8.63076923076923
1.0	2.0	0.0	0.012684247978593709	8.323076923076924
1.0	4.0	0.0	0.027477503370052593	12.676923076923076
1.0	3.0	0.0	0.018129957536627113	7.584615384615384
1.0	2.0	0.0	0.012417418464449579	7.8
1.0	2.0	0.0	0.013738698385630677	12.707692307692307
1.0	3.0	0.0	0.019275956942035086	10.876923076923077
1.0	3.0	0.0	0.019116919515728754	9.169230769230769
1.0	2.0	0.0	0.012437800639378462	7.769230769230769
1.0	2.0	0.0	0.012716053219523467	10.430769230769231
1.0	2.0	0.0	0.012692253246214116	10.276923076923078
1.0	4.0	0.0	0.02522346019243875	11.584615384615384
1.0	2.0	0.0	0.012629834681292943	9.876923076923077
1.0	3.0	0.0	0.018113868508240046	7.6461538461538465
1.0	1.0	0.0	0.006983285438373697	8.938461538461539
1.0	3.0	0.0	0.018121215799688586	7.615384615384615
1.0	3.0	0.0	0.02024486793804119	12.461538461538462
1.0	2.0	0.0	0.015231172665943742	13.63076923076923
1.0	1.0	0.0	0.007698592304496182	13.661538461538461
1.0	1.0	0.0	0.007297995709295017	11.861538461538462
1.0	4.0	0.0	0.02775212980921088	13.323076923076924
1.0	2.0	0.0	0.013834267883328399	13.338461538461539
1.0	1.0	0.0	0.007760294512402637	14.307692307692308
1.0	1.0	0.0	0.007760294512402637	14.307692307692308
