Constant_feature	Degree	Clustering_coefficient	Pagerank	Aver_path_len
1.0	1.0	0.0	0.02642675814910482	4.684210526315789
1.0	2.0	0.0	0.051150099467940885	5.421052631578948
1.0	2.0	0.0	0.04685406920326016	3.8421052631578947
1.0	2.0	0.0	0.04789773074071409	3.8421052631578947
1.0	2.0	0.0	0.047712382153114866	4.052631578947368
1.0	2.0	0.0	0.04704326485718372	5.526315789473684
1.0	3.0	0.0	0.06808967899914548	4.052631578947368
1.0	3.0	0.0	0.06978252666462526	4.578947368421052
1.0	2.0	0.0	0.04682624744844521	4.7894736842105265
1.0	2.0	0.0	0.04741523117979132	5.315789473684211
1.0	2.0	0.0	0.04755228479087978	5.526315789473684
1.0	2.0	0.0	0.04773619879871053	6.052631578947368
1.0	3.0	0.0	0.07142118009060115	3.736842105263158
1.0	3.0	0.0	0.06849695002281546	4.7894736842105265
1.0	1.0	0.0	0.028017953206049266	6.368421052631579
1.0	2.0	0.0	0.04704326485718372	5.526315789473684
1.0	2.0	0.0	0.04702045505981918	4.368421052631579
1.0	2.0	0.0	0.04776307976633369	6.2631578947368425
1.0	2.0	0.0	0.0479875647779476	7.0
1.0	2.0	0.0	0.04776307976633369	6.2631578947368425
