Constant_feature	Degree	Clustering_coefficient	Pagerank	Aver_path_len
1.0	1.0	0.0	0.01511892332790703	5.65625
1.0	1.0	0.0	0.01511787351301723	5.53125
1.0	1.0	0.0	0.015115277157284928	5.8125
1.0	2.0	0.0	0.03092551251386435	7.1875
1.0	2.0	0.0	0.03103399350688938	7.90625
1.0	3.0	0.0	0.03855644507031353	4.0625
1.0	3.0	0.0	0.03788091375251913	4.03125
1.0	3.0	0.0	0.03856801751412356	4.3125
1.0	2.0	0.0	0.026833037111606513	4.34375
1.0	3.0	0.0	0.04029543517310518	4.6875
1.0	3.0	0.0	0.039042753039474395	4.6875
1.0	3.0	0.0	0.04029227445701943	4.5625
1.0	3.0	0.0	0.0402839355963321	4.84375
1.0	2.0	0.0	0.02718883486260477	4.6875
1.0	2.0	0.0	0.027387235687985394	5.53125
1.0	2.0	0.0	0.027387235687985394	5.53125
1.0	3.0	0.0	0.0402629273724726	5.5
1.0	3.0	0.0	0.04028282788411808	5.09375
1.0	2.0	0.0	0.028097633856375086	6.375
1.0	2.0	0.0	0.028097633856375086	6.375
1.0	2.0	0.0	0.02831831304453347	7.21875
1.0	2.0	0.0	0.027757579879714337	5.6875
1.0	2.0	0.0	0.02783184779903461	5.8125
1.0	2.0	0.0	0.027942508367020558	6.34375
1.0	2.0	0.0	0.027942508367020558	6.34375
1.0	3.0	0.0	0.04214704095973303	6.28125
1.0	2.0	0.0	0.028263014635838007	6.40625
1.0	2.0	0.0	0.028517185896342386	7.1875
1.0	2.0	0.0	0.028517185896342386	7.1875
1.0	3.0	0.0	0.042355303878083714	7.0
1.0	2.0	0.0	0.028696409741616077	8.03125
1.0	1.0	0.0	0.01694773766492653	8.15625
1.0	1.0	0.0	0.016994642928420966	8.875
