Constant_feature	Degree	Clustering_coefficient	Pagerank	Aver_path_len
1.0	2.0	0.0	0.0249812945080645	5.294117647058823
1.0	1.0	0.0	0.01397309771031242	5.735294117647059
1.0	2.0	0.0	0.02463787260793076	6.0
1.0	2.0	0.0	0.0246394566828508	6.147058823529412
1.0	2.0	0.0	0.028872123171150076	6.264705882352941
1.0	2.0	0.0	0.028872123171150076	6.264705882352941
1.0	1.0	0.0	0.014746833363299523	7.0
1.0	2.0	0.0	0.02431988743845043	4.735294117647059
1.0	3.0	0.0	0.03454645742985646	4.088235294117647
1.0	3.0	0.0	0.03459546189349807	3.9411764705882355
1.0	3.0	0.0	0.03419357466829936	3.735294117647059
1.0	3.0	0.0	0.034342008813200486	4.117647058823529
1.0	3.0	0.0	0.033885339331786946	3.764705882352941
1.0	3.0	0.0	0.033923668450291336	3.911764705882353
1.0	2.0	0.0	0.0244626191825673	4.9411764705882355
1.0	3.0	0.0	0.03705279242761922	4.764705882352941
1.0	3.0	0.0	0.0359771788120374	4.117647058823529
1.0	2.0	0.0	0.023538939488738028	4.4411764705882355
1.0	2.0	0.0	0.023552253997041098	4.588235294117647
1.0	3.0	0.0	0.03505481636421878	5.117647058823529
1.0	3.0	0.0	0.035059699902274796	5.264705882352941
1.0	2.0	0.0	0.025400107152807064	4.794117647058823
1.0	2.0	0.0	0.025400107152807064	4.794117647058823
1.0	3.0	0.0	0.03719913309609171	5.411764705882353
1.0	3.0	0.0	0.0391710397401299	5.352941176470588
1.0	3.0	0.0	0.0391710397401299	5.352941176470588
1.0	2.0	0.0	0.02503195510035899	6.529411764705882
1.0	3.0	0.0	0.03962924864278603	6.029411764705882
1.0	2.0	0.0	0.025998997714497672	6.264705882352941
1.0	2.0	0.0	0.025998997714497672	6.264705882352941
1.0	2.0	0.0	0.02662508441090218	7.117647058823529
1.0	2.0	0.0	0.02662508441090218	7.117647058823529
1.0	2.0	0.0	0.026820646530873068	7.970588235294118
1.0	1.0	0.0	0.015850529589289262	7.235294117647059
1.0	1.0	0.0	0.015850529589289262	7.235294117647059
