Constant_feature	Degree	Clustering_coefficient	Pagerank	Aver_path_len
1.0	2.0	0.0	0.025101386474236674	5.470588235294118
1.0	1.0	0.0	0.014019389683079784	5.911764705882353
1.0	2.0	0.0	0.024696619339192767	6.323529411764706
1.0	2.0	0.0	0.024688488540091758	6.176470588235294
1.0	2.0	0.0	0.02888474901735974	6.4411764705882355
1.0	2.0	0.0	0.02888474901735974	6.4411764705882355
1.0	1.0	0.0	0.01475119110672709	7.176470588235294
1.0	1.0	0.0	0.01735755220727426	9.852941176470589
1.0	2.0	0.0	0.025572595950728777	4.911764705882353
1.0	2.0	0.0	0.02930272306971596	7.117647058823529
1.0	3.0	0.0	0.03491304991828528	4.264705882352941
1.0	3.0	0.0	0.03479110551759983	4.117647058823529
1.0	3.0	0.0	0.03512179031775865	4.294117647058823
1.0	3.0	0.0	0.03432696195287679	3.911764705882353
1.0	3.0	0.0	0.0342760695336536	4.088235294117647
1.0	3.0	0.0	0.034067901328023856	3.9411764705882355
1.0	2.0	0.0	0.02462674383819471	5.117647058823529
1.0	3.0	0.0	0.03720784688601761	4.9411764705882355
1.0	3.0	0.0	0.036037650111489294	4.294117647058823
1.0	2.0	0.0	0.023693224378030037	4.764705882352941
1.0	2.0	0.0	0.023622804433971502	4.617647058823529
1.0	2.0	0.0	0.027065447390871397	5.588235294117647
1.0	3.0	0.0	0.03517775633715729	5.4411764705882355
1.0	3.0	0.0	0.035150372665363194	5.294117647058823
1.0	2.0	0.0	0.02542675106681211	4.970588235294118
1.0	2.0	0.0	0.02542675106681211	4.970588235294118
1.0	2.0	0.0	0.028221640928776985	6.323529411764706
1.0	3.0	0.0	0.03918984664860637	5.529411764705882
1.0	3.0	0.0	0.03918984664860637	5.529411764705882
1.0	2.0	0.0	0.025080402253705704	6.705882352941177
1.0	3.0	0.0	0.03964955458650523	6.205882352941177
1.0	2.0	0.0	0.030543047755021462	7.970588235294118
1.0	1.0	0.0	0.015854447910420597	7.411764705882353
1.0	1.0	0.0	0.015854447910420597	7.411764705882353
1.0	2.0	0.0	0.03222509420925277	8.882352941176471
