Constant_feature	Degree	Clustering_coefficient	Pagerank	Aver_path_len
1.0	1.0	0.0	0.01566562135091909	6.333333333333333
1.0	1.0	0.0	0.015591178807555707	4.933333333333334
1.0	2.0	0.0	0.03396548451799836	6.266666666666667
1.0	1.0	0.0	0.017592598866252748	7.2
1.0	3.0	0.0	0.03874149807317468	4.0
1.0	2.0	0.0	0.02792683728859307	6.6
1.0	3.0	0.0	0.04259762840168355	4.533333333333333
1.0	2.0	0.0	0.030373042267354596	5.533333333333333
1.0	4.0	0.16666666666666666	0.04895158293914989	4.6
1.0	3.0	0.3333333333333333	0.037437759018118695	4.9
1.0	2.0	1.0	0.02547122988558494	5.5
1.0	2.0	0.0	0.026079566760858357	4.6
1.0	3.0	0.0	0.038048411962411086	4.2
1.0	3.0	0.0	0.03872635175526394	5.1
1.0	3.0	0.0	0.03985057878091547	5.766666666666667
1.0	2.0	0.0	0.027080137150135814	4.866666666666666
1.0	3.0	0.0	0.04177091514715655	5.9
1.0	3.0	0.0	0.04146610710902983	5.366666666666666
1.0	3.0	0.0	0.04121783679233735	3.966666666666667
1.0	2.0	0.0	0.028324138598299766	6.666666666666667
1.0	1.0	0.0	0.015757074974515808	6.866666666666666
1.0	3.0	0.0	0.0411252920731862	4.066666666666666
1.0	2.0	0.0	0.028343799696725194	4.533333333333333
1.0	3.0	0.0	0.04260397481548897	4.9
1.0	2.0	0.0	0.028785239437816586	5.0
1.0	2.0	0.0	0.031288845756599515	5.366666666666666
1.0	3.0	0.0	0.04789490840908783	6.233333333333333
1.0	1.0	0.0	0.018509856171497682	7.233333333333333
1.0	2.0	0.0	0.03369535740150789	7.066666666666666
1.0	2.0	0.0	0.035788580803912326	7.966666666666667
1.0	1.0	0.0	0.01932856498686805	8.933333333333334
