Constant_feature	Degree	Clustering_coefficient	Pagerank	Aver_path_len
1.0	2.0	0.0	0.050444334062114474	2.5625
1.0	1.0	0.0	0.02859042465855763	3.375
1.0	4.0	0.0	0.0971282084863803	2.25
1.0	3.0	0.0	0.0744455993060281	2.625
1.0	3.0	0.0	0.07760377320837632	2.875
1.0	2.0	0.0	0.050958509412009474	2.5
1.0	2.0	0.0	0.05183619020124721	3.3125
1.0	2.0	0.0	0.05248996896112199	3.4375
1.0	4.0	0.0	0.10092268190303033	2.4375
1.0	3.0	0.0	0.07794163650063082	2.8125
1.0	3.0	0.0	0.07740922849843876	2.5
1.0	2.0	0.0	0.051973301895328776	2.8125
1.0	1.0	0.0	0.029163509236598335	3.8125
1.0	3.0	0.0	0.08628823748090403	3.1875
1.0	1.0	0.0	0.02926523017794761	3.75
1.0	1.0	0.0	0.03176958300564283	4.125
1.0	1.0	0.0	0.03176958300564283	4.125
