Constant_feature	Degree	Clustering_coefficient	Pagerank	Aver_path_len
1.0	1.0	0.0	0.009971291500465615	7.326530612244898
1.0	2.0	0.0	0.01981828941965697	7.816326530612245
1.0	2.0	0.0	0.019787527589600465	6.836734693877551
1.0	1.0	0.0	0.009977003832225965	6.836734693877551
1.0	2.0	0.0	0.02011423600666229	7.979591836734694
1.0	2.0	0.0	0.02011289465380274	7.489795918367347
1.0	1.0	0.0	0.010069289303762207	7.081632653061225
1.0	3.0	0.0	0.024170273071814435	4.714285714285714
1.0	3.0	0.0	0.02538782259779151	5.857142857142857
1.0	2.0	0.0	0.017907868490557324	5.571428571428571
1.0	1.0	0.0	0.010620480107413644	7.122448979591836
1.0	2.0	0.0	0.017479030685458523	7.448979591836735
1.0	3.0	0.0	0.024039375392559095	4.795918367346939
1.0	3.0	0.0	0.02425873250543554	5.122448979591836
1.0	3.0	0.0	0.024853322444696208	5.530612244897959
1.0	3.0	0.0	0.025327386555681963	5.204081632653061
1.0	3.0	0.0	0.02453488360276173	4.63265306122449
1.0	2.0	0.0	0.016690122859522816	5.285714285714286
1.0	2.0	0.0	0.016973405829933973	6.020408163265306
1.0	3.0	0.0	0.024766339785215696	5.612244897959184
1.0	3.0	0.0	0.025060585634469685	6.183673469387755
1.0	3.0	0.0	0.024815552516195424	5.122448979591836
1.0	3.0	0.0	0.024929460538344644	5.204081632653061
1.0	1.0	0.0	0.009616593708985611	6.836734693877551
1.0	2.0	0.0	0.017418559397250545	5.081632653061225
1.0	3.0	0.0	0.026573039355987267	6.346938775510204
1.0	3.0	0.0	0.026637087983998615	6.877551020408164
1.0	2.0	0.0	0.019156830941799853	6.142857142857143
1.0	3.0	0.0	0.026576049569105305	5.8979591836734695
1.0	3.0	0.0	0.0265921886750453	5.857142857142857
1.0	3.0	0.0	0.02722383989630104	7.040816326530612
1.0	3.0	0.0	0.02734213511664993	7.612244897959184
1.0	3.0	0.0	0.027315959789078387	6.63265306122449
1.0	3.0	0.0	0.027221020541072463	6.551020408163265
1.0	1.0	0.0	0.010201914572297213	8.591836734693878
1.0	1.0	0.0	0.010194035110305132	7.612244897959184
1.0	3.0	0.0	0.026897225369098464	6.1020408163265305
1.0	1.0	0.0	0.010917516643824381	8.795918367346939
1.0	1.0	0.0	0.010903662711069295	7.816326530612245
1.0	1.0	0.0	0.011050633823538217	8.959183673469388
1.0	3.0	0.0	0.02592229844584954	6.714285714285714
1.0	1.0	0.0	0.011049981598541368	8.46938775510204
1.0	2.0	0.0	0.017749727933927102	7.530612244897959
1.0	2.0	0.0	0.017718040350420922	8.26530612244898
1.0	3.0	0.0	0.02567469628539451	8.183673469387756
1.0	3.0	0.0	0.02576875714515573	9.0
1.0	2.0	0.0	0.01795219296017981	9.081632653061224
1.0	2.0	0.0	0.017984973762526012	9.89795918367347
1.0	2.0	0.0	0.018332823823835137	9.979591836734693
1.0	2.0	0.0	0.018343039564734133	10.795918367346939
