Constant_feature	Degree	Clustering_coefficient	Pagerank	Aver_path_len
1.0	1.0	0.0	0.012357019482149713	6.384615384615385
1.0	1.0	0.0	0.012357696237991156	6.769230769230769
1.0	3.0	0.0	0.03041344031508908	4.230769230769231
1.0	2.0	0.0	0.021227959027195407	4.794871794871795
1.0	2.0	0.0	0.02221471572014087	6.0256410256410255
1.0	2.0	0.0	0.021575184983182276	7.128205128205129
1.0	4.0	0.0	0.04006462021500086	4.282051282051282
1.0	3.0	0.0	0.03159778720230697	5.0
1.0	3.0	0.0	0.03159778720230697	5.0
1.0	3.0	0.0	0.03159778720230697	5.0
1.0	2.0	0.0	0.020822907120764875	4.3076923076923075
1.0	3.0	0.0	0.03066154067823989	4.384615384615385
1.0	2.0	0.0	0.021177072806155703	4.717948717948718
1.0	3.0	0.0	0.030795976261002486	4.589743589743589
1.0	2.0	0.0	0.022317150359323933	5.871794871794871
1.0	2.0	0.0	0.022317150359323933	5.871794871794871
1.0	2.0	0.0	0.022317150359323933	5.871794871794871
1.0	2.0	0.0	0.022317150359323933	5.871794871794871
1.0	2.0	0.0	0.022317150359323933	5.871794871794871
1.0	2.0	0.0	0.022317150359323933	5.871794871794871
1.0	3.0	0.0	0.0308014819310428	4.9743589743589745
1.0	3.0	0.0	0.030683388961398106	5.538461538461538
1.0	3.0	0.0	0.032856670313097566	5.410256410256411
1.0	3.0	0.0	0.031022427161119234	6.230769230769231
1.0	2.0	0.0	0.022969520415359632	6.743589743589744
1.0	2.0	0.0	0.022969520415359632	6.743589743589744
1.0	2.0	0.0	0.022969520415359632	6.743589743589744
1.0	2.0	0.0	0.022969520415359632	6.743589743589744
1.0	2.0	0.0	0.022969520415359632	6.743589743589744
1.0	2.0	0.0	0.022969520415359632	6.743589743589744
1.0	3.0	0.0	0.03285897476465569	5.794871794871795
1.0	3.0	0.0	0.03146311296083178	7.0256410256410255
1.0	2.0	0.0	0.023174153024685944	7.615384615384615
1.0	2.0	0.0	0.023174153024685944	7.615384615384615
1.0	2.0	0.0	0.023174153024685944	7.615384615384615
1.0	2.0	0.0	0.02141383633961631	6.384615384615385
1.0	2.0	0.0	0.021952068047856772	7.102564102564102
1.0	2.0	0.0	0.022105808214264236	7.897435897435898
1.0	2.0	0.0	0.02254530928916742	7.9743589743589745
1.0	2.0	0.0	0.022592943840957374	8.76923076923077
