Constant_feature	Degree	Clustering_coefficient	Pagerank	Aver_path_len
1.0	1.0	0.0	0.013152164268092442	8.666666666666666
1.0	1.0	0.0	0.013207472318296349	9.487179487179487
1.0	1.0	0.0	0.012371151294865233	6.384615384615385
1.0	1.0	0.0	0.0126558283297191	5.948717948717949
1.0	1.0	0.0	0.012612536867962331	7.589743589743589
1.0	1.0	0.0	0.012706780045941665	6.410256410256411
1.0	3.0	0.0	0.03213384557486239	5.9743589743589745
1.0	2.0	0.0	0.02214488501166575	6.128205128205129
1.0	1.0	0.0	0.01250473611651218	6.538461538461538
1.0	2.0	0.0	0.022496786187878783	4.769230769230769
1.0	2.0	0.0	0.022755805387464186	5.538461538461538
1.0	2.0	0.0	0.0228299405462463	5.076923076923077
1.0	3.0	0.0	0.03209873165694251	4.871794871794871
1.0	3.0	0.0	0.03290354045336206	5.410256410256411
1.0	3.0	0.0	0.033348729879364686	5.564102564102564
1.0	3.0	0.0	0.0324084338246394	4.512820512820513
1.0	3.0	0.0	0.03265856777818824	6.6923076923076925
1.0	3.0	0.0	0.033853994434067725	4.9743589743589745
1.0	2.0	0.0	0.022798188580690076	7.564102564102564
1.0	2.0	0.0	0.022798188580690076	7.564102564102564
1.0	3.0	0.0	0.0322260331009209	7.230769230769231
1.0	3.0	0.0	0.03271071131023309	5.897435897435898
1.0	3.0	0.0	0.032361741791216245	7.948717948717949
1.0	2.0	0.0	0.02198228114867656	6.564102564102564
1.0	3.0	0.0	0.03371055912401217	6.615384615384615
1.0	2.0	0.0	0.02232039907669812	7.282051282051282
1.0	3.0	0.0	0.034024402904077475	5.435897435897436
1.0	2.0	0.0	0.023334812654452378	8.435897435897436
1.0	2.0	0.0	0.023334812654452378	8.435897435897436
1.0	3.0	0.0	0.0336681332469712	6.153846153846154
1.0	2.0	0.0	0.022505429516645845	8.102564102564102
1.0	2.0	0.0	0.02255062509005571	8.820512820512821
1.0	2.0	0.0	0.023501270153962722	9.307692307692308
1.0	2.0	0.0	0.02296953937717594	8.974358974358974
1.0	2.0	0.0	0.022985414868729858	9.692307692307692
1.0	2.0	0.0	0.023252141325837528	6.923076923076923
1.0	2.0	0.0	0.023251490577677187	6.9743589743589745
1.0	3.0	0.0	0.03550886940523694	7.6923076923076925
1.0	2.0	0.0	0.02367112549702737	7.743589743589744
1.0	3.0	0.0	0.03568990003848864	8.512820512820513
