Constant_feature	Degree	Clustering_coefficient	Pagerank	Aver_path_len
1.0	1.0	0.0	0.01575072636078901	7.09375
1.0	1.0	0.0	0.017197869482548922	8.9375
1.0	1.0	0.0	0.017197869482548922	8.9375
1.0	1.0	0.0	0.017620723935625332	9.71875
1.0	1.0	0.0	0.017620723935625332	9.71875
1.0	2.0	0.0	0.02718001877411476	5.34375
1.0	2.0	0.0	0.027433125137078615	7.84375
1.0	2.0	0.0	0.028040400349635546	7.90625
1.0	2.0	0.0	0.028989989746935493	6.59375
1.0	1.0	0.0	0.015415410197326219	8.09375
1.0	1.0	0.0	0.015655293182612356	9.53125
1.0	3.0	0.0	0.040034311819223185	5.9375
1.0	3.0	0.0	0.03935293940879893	5.59375
1.0	3.0	0.0	0.039203972311460854	6.40625
1.0	2.0	0.0	0.02706635248231888	5.4375
1.0	2.0	0.0	0.029862771517443036	6.84375
1.0	3.0	0.0	0.03925796744211235	7.0625
1.0	2.0	0.0	0.02695820746976091	6.25
1.0	2.0	0.0	0.02693976300509024	6.71875
1.0	3.0	0.0	0.04128220943576707	7.125
1.0	1.0	0.0	0.016468111822732473	7.8125
1.0	3.0	0.0	0.03989679502430495	5.3125
1.0	3.0	0.0	0.044129587409734675	7.125
1.0	3.0	0.0	0.04049942988175378	5.78125
1.0	2.0	0.0	0.027374092336090578	5.46875
1.0	2.0	0.0	0.027374092336090578	5.46875
1.0	3.0	0.0	0.04208181408542009	8.5625
1.0	2.0	0.0	0.027497688950529675	5.625
1.0	2.0	0.0	0.027497688950529675	5.625
1.0	2.0	0.0	0.030859987321771816	7.90625
1.0	3.0	0.0	0.042400119161506475	6.125
1.0	3.0	0.0	0.047226505233570124	7.96875
1.0	3.0	0.0	0.04863344200914897	8.75
