Constant_feature	Degree	Clustering_coefficient	Pagerank	Aver_path_len
1.0	1.0	0.0	0.02030857848802153	9.071428571428571
1.0	1.0	0.0	0.02030857848802153	9.071428571428571
1.0	2.0	0.0	0.03625226574106746	6.928571428571429
1.0	1.0	0.0	0.018346558936241656	5.821428571428571
1.0	1.0	0.0	0.018959194811131702	7.071428571428571
1.0	2.0	0.0	0.033224494321099314	5.107142857142857
1.0	3.0	0.0	0.04891168942286532	6.392857142857143
1.0	1.0	0.0	0.018197616874791656	5.714285714285714
1.0	2.0	0.0	0.03485106281808825	6.178571428571429
1.0	3.0	0.0	0.05508315197956655	7.0
1.0	3.0	0.0	0.049593163686053265	5.428571428571429
1.0	3.0	0.0	0.04916559817103156	4.75
1.0	2.0	0.0	0.03208972999164314	4.785714285714286
1.0	1.0	0.0	0.019973127433230597	7.964285714285714
1.0	1.0	0.0	0.019973127433230597	7.964285714285714
1.0	3.0	0.0	0.04966024021320751	4.857142857142857
1.0	3.0	0.0	0.05170285403780778	6.107142857142857
1.0	3.0	0.0	0.04630904483559619	4.892857142857143
1.0	3.0	0.0	0.046592605359022654	5.857142857142857
1.0	2.0	0.0	0.03157622333145703	5.214285714285714
1.0	2.0	0.0	0.03157622333145703	5.214285714285714
1.0	2.0	0.0	0.03163678143374172	5.535714285714286
1.0	2.0	0.0	0.03163678143374172	5.535714285714286
1.0	2.0	0.0	0.03498123927990205	7.214285714285714
1.0	2.0	0.0	0.03498123927990205	7.214285714285714
1.0	2.0	0.0	0.037469333887177464	8.107142857142858
1.0	2.0	0.0	0.037469333887177464	8.107142857142858
1.0	2.0	0.0	0.038428814301720494	7.821428571428571
1.0	1.0	0.0	0.020741346792004723	8.785714285714286
