Constant_feature	Degree	Clustering_coefficient	Pagerank	Aver_path_len
1.0	1.0	0.0	0.013944320454194838	6.617647058823529
1.0	1.0	0.0	0.014221509942641916	6.294117647058823
1.0	2.0	0.0	0.02616957832105444	5.617647058823529
1.0	1.0	0.0	0.014425655866403833	6.794117647058823
1.0	1.0	0.0	0.015476874046326928	6.382352941176471
1.0	1.0	0.0	0.014869348988916762	7.205882352941177
1.0	1.0	0.0	0.016057108300119905	8.794117647058824
1.0	4.0	0.0	0.04729078501162366	4.117647058823529
1.0	3.0	0.0	0.03502117685567963	4.176470588235294
1.0	3.0	0.0	0.03509619385571583	4.323529411764706
1.0	3.0	0.0	0.03531617236165593	4.647058823529412
1.0	3.0	0.0	0.03582380844689699	4.235294117647059
1.0	4.0	0.0	0.048500570431614584	5.029411764705882
1.0	2.0	0.0	0.024515076857040623	4.4411764705882355
1.0	2.0	0.0	0.024433181086734285	4.676470588235294
1.0	2.0	0.0	0.024484014893387127	4.588235294117647
1.0	2.0	0.0	0.024599608125835566	4.705882352941177
1.0	2.0	0.0	0.02475029605337723	4.9411764705882355
1.0	4.0	0.0	0.04927605949988389	5.647058823529412
1.0	3.0	0.0	0.037881443070229	5.323529411764706
1.0	3.0	0.0	0.03752456745767769	4.5
1.0	1.0	0.0	0.013497389555464687	5.088235294117647
1.0	1.0	0.0	0.013769698949344673	6.0
1.0	2.0	0.0	0.025760519133368576	6.5
1.0	3.0	0.0	0.03856149464692267	5.823529411764706
1.0	3.0	0.0	0.037664776946585474	4.9411764705882355
1.0	2.0	0.0	0.028042520712472985	5.411764705882353
1.0	2.0	0.0	0.02625808396195526	7.294117647058823
1.0	2.0	0.0	0.02624185454557757	6.676470588235294
1.0	2.0	0.0	0.02616957832105444	5.617647058823529
1.0	3.0	0.0	0.04003745650008588	6.235294117647059
1.0	3.0	0.0	0.04003745650008588	6.235294117647059
1.0	3.0	0.0	0.04008152056366771	6.911764705882353
1.0	1.0	0.0	0.014869348988916762	7.205882352941177
1.0	2.0	0.0	0.029330950747486664	7.823529411764706
