Constant_feature	Degree	Clustering_coefficient	Pagerank	Aver_path_len
1.0	2.0	0.0	0.03846132405979577	5.4
1.0	2.0	0.0	0.033345553606784484	5.6
1.0	2.0	0.0	0.03336731642167978	6.12
1.0	2.0	0.0	0.03852252682607987	5.8
1.0	3.0	0.0	0.049688743317098806	3.8
1.0	3.0	0.0	0.04666269146160628	3.4
1.0	3.0	0.0	0.0467295490112972	3.4
1.0	3.0	0.0	0.04752986414675134	3.56
1.0	3.0	0.0	0.046299535507641244	3.64
1.0	3.0	0.0	0.04835577514309994	3.96
1.0	3.0	0.0	0.046858323459797915	4.16
1.0	2.0	0.0	0.03326045288173356	3.96
1.0	3.0	0.0	0.05192463736796636	4.52
1.0	2.0	0.0	0.03368147971161694	4.04
1.0	2.0	0.0	0.032504234051352957	3.92
1.0	2.0	0.0	0.03396653385992133	4.44
1.0	2.0	0.0	0.03252985968702122	4.16
1.0	2.0	0.0	0.031995608754086774	4.2
1.0	3.0	0.0	0.05204200384352152	4.92
1.0	2.0	0.0	0.032184388054683814	4.72
1.0	3.0	0.0	0.047530389546210666	4.76
1.0	3.0	0.0	0.04760400833936915	5.28
1.0	1.0	0.0	0.018753220780475095	4.76
1.0	2.0	0.0	0.03386693839263863	6.28
1.0	1.0	0.0	0.02115430501591914	6.36
1.0	1.0	0.0	0.02118073675185015	6.76
