Constant_feature	Degree	Clustering_coefficient	Pagerank	Aver_path_len
1.0	1.0	0.0	0.02005392403029053	5.583333333333333
1.0	2.0	0.0	0.0348730802838345	6.083333333333333
1.0	2.0	0.0	0.035045031955568434	4.333333333333333
1.0	2.0	0.0	0.035698884462856614	4.708333333333333
1.0	2.0	0.0	0.03625555879425402	4.666666666666667
1.0	2.0	0.0	0.03691089615932434	5.041666666666667
1.0	3.0	0.0	0.05022398012002807	5.25
1.0	3.0	0.0	0.05021777104911712	4.75
1.0	3.0	0.0	0.05077291881314209	5.916666666666667
1.0	2.0	0.0	0.03475823118408423	5.5
1.0	2.0	0.0	0.03446542163423601	4.458333333333333
1.0	2.0	0.0	0.035392718742023	6.041666666666667
1.0	2.0	0.0	0.035584191276988295	6.708333333333333
1.0	3.0	0.0	0.051333429442644865	4.25
1.0	2.0	0.0	0.0362790464914551	6.833333333333333
1.0	2.0	0.0	0.036338411665777094	7.5
1.0	3.0	0.0	0.0535128544791089	4.625
1.0	3.0	0.0	0.052148929901914935	4.375
1.0	3.0	0.0	0.05423720331642651	6.041666666666667
1.0	2.0	0.0	0.03688280465446291	5.5
1.0	2.0	0.0	0.037381136073416296	6.833333333333333
1.0	2.0	0.0	0.037381136073416296	6.833333333333333
1.0	2.0	0.0	0.038017289917173555	7.625
1.0	2.0	0.0	0.038017289917173555	7.625
1.0	2.0	0.0	0.03821785956128263	8.416666666666666
