Constant_feature	Degree	Clustering_coefficient	Pagerank	Aver_path_len
1.0	1.0	0.0	0.018683585045720194	8.037037037037036
1.0	1.0	0.0	0.018755201052308365	6.333333333333333
1.0	3.0	0.0	0.04955725961123908	5.444444444444445
1.0	2.0	0.0	0.03339890576102542	5.814814814814815
1.0	1.0	0.0	0.02135997869153518	8.851851851851851
1.0	1.0	0.0	0.02135997869153518	8.851851851851851
1.0	3.0	0.0	0.04776464069868953	5.074074074074074
1.0	2.0	0.0	0.03517220621387736	6.185185185185185
1.0	2.0	0.0	0.03517220621387736	6.185185185185185
1.0	2.0	0.0	0.03261643890571316	4.925925925925926
1.0	3.0	0.0	0.049049053425498354	4.777777777777778
1.0	2.0	0.0	0.03255560975102342	5.0
1.0	3.0	0.0	0.047812050879349643	4.703703703703703
1.0	2.0	0.0	0.03718796615758929	7.0
1.0	2.0	0.0	0.03718796615758929	7.0
1.0	2.0	0.0	0.03256419516652167	4.851851851851852
1.0	1.0	0.0	0.018286582798010875	5.7407407407407405
1.0	2.0	0.0	0.03304612118627439	4.851851851851852
1.0	2.0	0.0	0.03362634406175456	5.074074074074074
1.0	2.0	0.0	0.039528988488930036	7.888888888888889
1.0	2.0	0.0	0.039528988488930036	7.888888888888889
1.0	3.0	0.0	0.05061150002213504	5.37037037037037
1.0	3.0	0.0	0.04881146091390353	6.333333333333333
1.0	3.0	0.0	0.050374705351322074	7.074074074074074
1.0	2.0	0.0	0.03355315524721657	7.148148148148148
1.0	2.0	0.0	0.03409743078946271	7.888888888888889
1.0	2.0	0.0	0.03408393658261262	7.962962962962963
1.0	2.0	0.0	0.0342535436463549	8.703703703703704
