Constant_feature	Degree	Clustering_coefficient	Pagerank	Aver_path_len
1.0	1.0	0.0	0.022471802952931927	4.7727272727272725
1.0	1.0	0.0	0.022471802952931927	4.7727272727272725
1.0	4.0	0.0	0.07935351900475622	3.272727272727273
1.0	1.0	0.0	0.02220197171854334	4.2272727272727275
1.0	1.0	0.0	0.02220197171854334	4.2272727272727275
1.0	1.0	0.0	0.024183835693354163	6.545454545454546
1.0	1.0	0.0	0.024183835693354163	6.545454545454546
1.0	1.0	0.0	0.024183835693354163	6.545454545454546
1.0	1.0	0.0	0.024183835693354163	6.545454545454546
1.0	3.0	0.0	0.058400932408539476	3.409090909090909
1.0	3.0	0.0	0.058400932408539476	3.409090909090909
1.0	3.0	0.0	0.06041457599128744	3.8181818181818183
1.0	3.0	0.0	0.06041457599128744	3.8181818181818183
1.0	2.0	0.0	0.04016751050445222	3.909090909090909
1.0	2.0	0.0	0.04016751050445222	3.909090909090909
1.0	2.0	0.0	0.04071257731121057	4.318181818181818
1.0	2.0	0.0	0.04071257731121057	4.318181818181818
1.0	2.0	0.0	0.040663584269255884	4.409090909090909
1.0	2.0	0.0	0.040663584269255884	4.409090909090909
1.0	3.0	0.0	0.06080389994355519	4.818181818181818
1.0	3.0	0.0	0.06080389994355519	4.818181818181818
1.0	3.0	0.0	0.06611871401113743	5.590909090909091
1.0	3.0	0.0	0.06611871401113743	5.590909090909091
