Constant_feature	Degree	Clustering_coefficient	Pagerank	Aver_path_len
1.0	1.0	0.0	0.012074774881951756	6.2368421052631575
1.0	1.0	0.0	0.01225149543846329	5.815789473684211
1.0	2.0	0.0	0.022525206246412223	5.868421052631579
1.0	1.0	0.0	0.01349771116518774	6.605263157894737
1.0	2.0	0.0	0.023524658431780192	8.68421052631579
1.0	2.0	0.0	0.023533834138155345	7.131578947368421
1.0	1.0	0.0	0.013174610417320539	9.631578947368421
1.0	2.0	0.0	0.026227081895673333	8.657894736842104
1.0	1.0	0.0	0.013421687801589723	9.473684210526315
1.0	4.0	0.0	0.04226869792624391	5.2631578947368425
1.0	3.0	0.0	0.03135781762609563	4.973684210526316
1.0	4.0	0.0	0.04239773962873936	5.684210526315789
1.0	3.0	0.0	0.03138895110501716	4.7894736842105265
1.0	4.0	0.0	0.04259889785001214	4.7105263157894735
1.0	4.0	0.0	0.04305290647920795	4.842105263157895
1.0	3.0	0.0	0.03185921927017145	6.2631578947368425
1.0	2.0	0.0	0.021936967873204496	5.5
1.0	2.0	0.0	0.021853049026378225	5.2105263157894735
1.0	2.0	0.0	0.021980711875087836	6.0
1.0	2.0	0.0	0.021923533707262265	5.105263157894737
1.0	2.0	0.0	0.022117477219457324	5.026315789473684
1.0	2.0	0.0	0.022013122690130064	6.5
1.0	2.0	0.0	0.022213829744396795	5.0
1.0	2.0	0.0	0.02205952070714215	5.131578947368421
1.0	1.0	0.0	0.012103413731558273	6.657894736842105
1.0	2.0	0.0	0.022368860680095262	5.2894736842105265
1.0	3.0	0.0	0.03269153462928029	5.421052631578948
1.0	2.0	0.0	0.024295835099359217	5.631578947368421
1.0	3.0	0.0	0.032833013540967515	6.973684210526316
1.0	2.0	0.0	0.023000059950995633	7.842105263157895
1.0	2.0	0.0	0.02302447896279764	7.815789473684211
1.0	3.0	0.0	0.03384143232877445	6.368421052631579
1.0	3.0	0.0	0.03536838440059734	8.657894736842104
1.0	2.0	0.0	0.023450426285251864	7.078947368421052
1.0	3.0	0.0	0.03577522822045664	7.7368421052631575
1.0	3.0	0.0	0.03605326002632496	7.7894736842105265
1.0	3.0	0.0	0.036194200889960684	8.5
1.0	1.0	0.0	0.01338075572452455	8.763157894736842
1.0	1.0	0.0	0.014365612383974505	9.631578947368421
