Constant_feature	Degree	Clustering_coefficient	Pagerank	Aver_path_len
1.0	2.0	0.0	0.022344447183014995	4.914285714285715
1.0	2.0	0.0	0.022349343649502758	4.9714285714285715
1.0	2.0	1.0	0.022145714580878807	5.8
1.0	2.0	1.0	0.022258444734780218	6.2
1.0	1.0	0.0	0.012774673109114775	5.4
1.0	1.0	0.0	0.012776240854246753	5.4
1.0	2.0	0.0	0.02509626946478153	6.428571428571429
1.0	2.0	0.0	0.02576308679544518	7.114285714285714
1.0	1.0	0.0	0.014878210733549608	8.142857142857142
1.0	1.0	0.0	0.015411387542173116	8.942857142857143
1.0	3.0	0.0	0.031771617112642425	4.371428571428571
1.0	3.0	0.0	0.03180807224524039	4.485714285714286
1.0	4.0	0.0	0.04226417373656913	4.314285714285714
1.0	3.0	0.0	0.03162537668707867	4.628571428571429
1.0	4.0	0.0	0.042295831075104554	4.428571428571429
1.0	3.0	0.0	0.03171780286028614	4.857142857142857
1.0	3.0	0.3333333333333333	0.03199901733246194	5.085714285714285
1.0	3.0	0.3333333333333333	0.032146125980241316	5.428571428571429
1.0	3.0	0.3333333333333333	0.0325613090981972	5.571428571428571
1.0	3.0	0.3333333333333333	0.03278973286932198	6.0285714285714285
1.0	2.0	0.0	0.022003502637959027	4.6571428571428575
1.0	3.0	0.0	0.03238666727692839	4.8
1.0	2.0	0.0	0.022048025252908963	4.885714285714286
1.0	3.0	0.0	0.03251167934404171	5.142857142857143
1.0	3.0	0.0	0.03332314030946036	4.428571428571429
1.0	3.0	0.0	0.03332836320502348	4.428571428571429
1.0	3.0	0.0	0.03405816625051077	5.742857142857143
1.0	3.0	0.0	0.034504511381790795	6.314285714285714
1.0	2.0	0.0	0.02271208565423636	5.285714285714286
1.0	2.0	0.0	0.02288313778978776	5.742857142857143
1.0	3.0	0.0	0.04032991572350388	7.171428571428572
1.0	3.0	0.0	0.04210958513443692	7.9714285714285715
1.0	2.0	0.0	0.028605832876565228	8.028571428571428
1.0	1.0	0.0	0.015411387542173116	8.942857142857143
1.0	2.0	0.0	0.030501722055248155	8.942857142857143
1.0	1.0	0.0	0.0165053999207934	9.914285714285715
