Constant_feature	Degree	Clustering_coefficient	Pagerank	Aver_path_len
1.0	1.0	0.0	0.016283974066946927	6.875
1.0	1.0	0.0	0.014737308993873783	5.09375
1.0	2.0	0.0	0.03005683553001169	6.21875
1.0	2.0	0.0	0.030460615233139664	6.8125
1.0	2.0	0.0	0.03044625918373336	6.875
1.0	3.0	0.0	0.03767001905871532	4.15625
1.0	2.0	0.0	0.02595718448033806	4.59375
1.0	1.0	0.0	0.014968717514262136	6.5625
1.0	3.0	0.0	0.039222151845408566	5.0
1.0	3.0	0.0	0.03731180295923646	4.78125
1.0	2.0	0.0	0.026097801918557286	4.71875
1.0	3.0	0.0	0.03729707248696433	4.40625
1.0	3.0	0.0	0.03775795457440885	5.3125
1.0	2.0	0.0	0.029451805796707305	5.90625
1.0	2.0	0.0	0.02615734674573058	5.0625
1.0	3.0	0.0	0.03840709130824112	5.96875
1.0	3.0	0.0	0.039023860600696014	4.125
1.0	3.0	0.0	0.0397974793248507	5.59375
1.0	3.0	0.0	0.038095113022788514	4.21875
1.0	2.0	0.0	0.026688047067472638	6.15625
1.0	2.0	0.0	0.02691729622907351	6.8125
1.0	2.0	0.0	0.025949277518772466	4.65625
1.0	3.0	0.0	0.038327576330641856	4.84375
1.0	3.0	0.0	0.03830096366454869	4.90625
1.0	2.0	0.0	0.027404821460652776	7.0
1.0	2.0	0.0	0.02747328234768047	7.65625
1.0	3.0	0.0	0.040420577779393466	5.3125
1.0	2.0	0.0	0.026878577804200866	5.5
1.0	3.0	0.0	0.04122180356794438	5.90625
1.0	3.0	0.0	0.041192839873204934	5.96875
1.0	1.0	0.0	0.01655583653999319	7.1875
1.0	1.0	0.0	0.016737653204941187	7.78125
1.0	1.0	0.0	0.016731051966868665	7.84375
