Constant_feature	Degree	Clustering_coefficient	Pagerank	Aver_path_len
1.0	0.0	0.0	0.0	0.0
1.0	2.0	0.0	0.03566459350734916	6.666666666666667
1.0	2.0	0.0	0.034666698866657936	5.592592592592593
1.0	1.0	0.0	0.01974490979018025	7.222222222222222
1.0	2.0	0.0	0.03005982277983687	5.0
1.0	3.0	0.0	0.04662753781499483	4.481481481481482
1.0	3.0	0.0	0.04359875979630484	4.037037037037037
1.0	3.0	0.0	0.043886348473019976	4.444444444444445
1.0	3.0	0.0	0.045520744678841325	3.962962962962963
1.0	3.0	0.0	0.0456925615082907	4.37037037037037
1.0	3.0	0.0	0.04454721334863434	3.888888888888889
1.0	3.0	0.0	0.044019355712764774	4.444444444444445
1.0	3.0	0.0	0.04468196509077017	4.296296296296297
1.0	3.0	0.0	0.044408993370912316	4.962962962962963
1.0	2.0	0.0	0.030924873902916674	4.185185185185185
1.0	2.0	0.0	0.031194258906063446	4.592592592592593
1.0	1.0	0.0	0.017227343301322817	4.925925925925926
1.0	2.0	0.0	0.031211871606931937	5.111111111111111
1.0	1.0	0.0	0.01727949996191913	5.333333333333333
1.0	2.0	0.0	0.03134408989194449	5.62962962962963
1.0	2.0	0.0	0.03159819400794618	4.888888888888889
1.0	3.0	0.0	0.048115907120996636	5.777777777777778
1.0	2.0	0.0	0.03211098085113661	6.296296296296297
1.0	2.0	0.0	0.033161205149757574	5.0
1.0	3.0	0.0	0.05391491241836333	6.2592592592592595
1.0	2.0	0.0	0.03771128936044116	7.074074074074074
1.0	1.0	0.0	0.019620534724200205	7.62962962962963
1.0	2.0	0.0	0.03992772591581242	7.962962962962963
1.0	1.0	0.0	0.021537808141689478	8.925925925925926
