Constant_feature	Degree	Clustering_coefficient	Pagerank	Aver_path_len
1.0	1.0	0.0	0.026050504014508605	3.6842105263157894
1.0	1.0	0.0	0.026050504014508605	3.6842105263157894
1.0	4.0	0.0	0.09355580466531996	2.736842105263158
1.0	0.0	0.0	0.0	0.0
1.0	2.0	0.0	0.05221915913683993	3.8947368421052633
1.0	2.0	0.0	0.05221915913683993	3.8947368421052633
1.0	1.0	0.0	0.027262141020464023	4.105263157894737
1.0	1.0	0.0	0.027262141020464023	4.105263157894737
1.0	3.0	0.0	0.07057478605543666	2.6315789473684212
1.0	3.0	0.0	0.06831417985355105	3.1578947368421053
1.0	3.0	0.0	0.07420562179372282	3.1578947368421053
1.0	3.0	0.0	0.07420562179372282	3.1578947368421053
1.0	2.0	0.0	0.04695865688050208	3.8947368421052633
1.0	2.0	0.0	0.04695865688050208	3.8947368421052633
1.0	2.0	0.0	0.047700641176383285	4.631578947368421
1.0	2.0	0.0	0.047700641176383285	4.631578947368421
1.0	2.0	0.0	0.04792969407610163	5.368421052631579
1.0	2.0	0.0	0.055459025535998616	4.7368421052631575
1.0	2.0	0.0	0.055459025535998616	4.7368421052631575
1.0	1.0	0.0	0.029957018116375904	5.684210526315789
1.0	1.0	0.0	0.029957018116375904	5.684210526315789
