Constant_feature	Degree	Clustering_coefficient	Pagerank	Aver_path_len
1.0	1.0	0.0	0.013812712102530461	8.513513513513514
1.0	2.0	0.0	0.023047709334841935	5.5675675675675675
1.0	1.0	0.0	0.012884784464800356	6.054054054054054
1.0	2.0	0.0	0.022709175939383423	6.378378378378378
1.0	2.0	0.0	0.0227125910378539	6.4324324324324325
1.0	1.0	0.0	0.013238626655026765	6.243243243243243
1.0	2.0	0.0	0.026597632977327895	6.783783783783784
1.0	2.0	0.0	0.026597632977327895	6.783783783783784
1.0	1.0	0.0	0.01358356319938185	7.54054054054054
1.0	2.0	0.0	0.022803268105098713	4.72972972972973
1.0	3.0	0.0	0.0319373775934195	4.297297297297297
1.0	3.0	0.0	0.03192680906981874	4.243243243243243
1.0	3.0	0.0	0.03153760307189173	4.135135135135135
1.0	3.0	0.0	0.031881237656747954	4.243243243243243
1.0	3.0	0.0	0.03126847990980795	4.081081081081081
1.0	3.0	0.0	0.031359281716679024	4.135135135135135
1.0	2.0	0.0	0.022584075456661336	5.162162162162162
1.0	3.0	0.0	0.03417768702537329	5.081081081081081
1.0	3.0	0.0	0.03315534995953302	4.5675675675675675
1.0	2.0	0.0	0.02170783696539685	4.783783783783784
1.0	2.0	0.0	0.02173803350099747	4.837837837837838
1.0	3.0	0.0	0.0323178908477456	5.486486486486487
1.0	3.0	0.0	0.03233007458600175	5.54054054054054
1.0	2.0	0.0	0.02340412410219686	5.27027027027027
1.0	2.0	0.0	0.02340412410219686	5.27027027027027
1.0	3.0	0.0	0.03535513989756325	5.27027027027027
1.0	3.0	0.0	0.03608334792219424	5.864864864864865
1.0	3.0	0.0	0.03608334792219424	5.864864864864865
1.0	2.0	0.0	0.023071366939638176	6.864864864864865
1.0	3.0	0.0	0.036508379977720495	6.5675675675675675
1.0	3.0	0.0	0.03516274947140106	5.918918918918919
1.0	2.0	0.0	0.024360939573762355	6.72972972972973
1.0	2.0	0.0	0.024356492111135247	6.783783783783784
1.0	1.0	0.0	0.014599977776484294	7.756756756756757
1.0	1.0	0.0	0.014599977776484294	7.756756756756757
1.0	3.0	0.0	0.03727266195867576	7.54054054054054
1.0	2.0	0.0	0.024838538519639748	7.594594594594595
1.0	2.0	0.0	0.024989397795065392	8.405405405405405
