Constant_feature	Degree	Clustering_coefficient	Pagerank	Aver_path_len
1.0	2.0	0.0	0.013641356795337489	8.403225806451612
1.0	2.0	0.0	0.014645363296309992	7.483870967741935
1.0	2.0	0.0	0.013947148662289036	6.258064516129032
1.0	1.0	0.0	0.007629209555103608	6.338709677419355
1.0	1.0	0.0	0.00785982889148321	8.241935483870968
1.0	2.0	0.0	0.01519514529567283	6.967741935483871
1.0	1.0	0.0	0.007876615314336928	7.241935483870968
1.0	2.0	0.0	0.014294955486033583	5.790322580645161
1.0	1.0	0.0	0.008783807079845244	9.387096774193548
1.0	1.0	0.0	0.008029391242099466	8.0
1.0	1.0	0.0	0.008945168865634675	8.870967741935484
1.0	1.0	0.0	0.00814387206663274	7.112903225806452
1.0	1.0	0.0	0.008093001396008295	7.516129032258065
1.0	1.0	0.0	0.008133257944082053	9.46774193548387
1.0	2.0	0.0	0.01439132609334783	7.725806451612903
1.0	3.0	0.0	0.019403493195334753	5.870967741935484
1.0	4.0	0.0	0.02605397024459616	6.596774193548387
1.0	4.0	0.0	0.026833061719429164	6.403225806451613
1.0	3.0	0.0	0.01979592367434589	7.451612903225806
1.0	3.0	0.0	0.01972748346712513	5.532258064516129
1.0	4.0	0.0	0.026850924168991208	5.354838709677419
1.0	3.0	0.0	0.0209064947805557	7.258064516129032
1.0	2.0	0.0	0.013799198172598238	7.983870967741935
1.0	4.0	0.0	0.02791001742329274	5.951612903225806
1.0	2.0	0.0	0.013586872830591401	7.548387096774194
1.0	3.0	0.0	0.020962562088317396	6.258064516129032
1.0	2.0	0.0	0.01378029297450445	5.532258064516129
1.0	3.0	0.0	0.02039849933843698	5.741935483870968
1.0	1.0	0.0	0.007624179558680433	7.387096774193548
1.0	3.0	0.0	0.02083498822940677	6.080645161290323
1.0	3.0	0.0	0.02050247384407685	5.483870967741935
1.0	3.0	0.0	0.020941111172555905	5.919354838709677
1.0	1.0	0.0	0.007866594305774719	6.935483870967742
1.0	1.0	0.0	0.007866594305774719	6.935483870967742
1.0	1.0	0.0	0.007869230189925693	6.903225806451613
1.0	3.0	0.0	0.023990416485258525	8.403225806451612
1.0	3.0	0.0	0.021475089075065772	7.016129032258065
1.0	1.0	0.0	0.008783807079845244	9.387096774193548
1.0	3.0	0.0	0.02452809699594053	7.887096774193548
1.0	3.0	0.0	0.021854893623178176	6.129032258064516
1.0	3.0	0.0	0.021279350243308657	7.838709677419355
1.0	3.0	0.0	0.021685628027698522	6.532258064516129
1.0	1.0	0.0	0.008945168865634675	8.870967741935484
1.0	2.0	0.0	0.014723077776445877	8.758064516129032
1.0	2.0	0.0	0.014723077776445877	8.758064516129032
1.0	3.0	0.0	0.020860615621822856	7.0
1.0	2.0	0.0	0.015002569669604771	9.67741935483871
1.0	2.0	0.0	0.015002569669604771	9.67741935483871
1.0	2.0	0.0	0.015090414357589631	10.596774193548388
1.0	3.0	0.0	0.02097062287629974	7.790322580645161
1.0	2.0	0.0	0.014584067723818917	8.67741935483871
1.0	2.0	0.0	0.014584067723818917	8.67741935483871
1.0	3.0	0.0	0.02182045977307172	8.483870967741936
1.0	2.0	0.0	0.014900397412507742	9.564516129032258
1.0	2.0	0.0	0.014900397412507742	9.564516129032258
1.0	3.0	0.0	0.02250233140066724	10.451612903225806
1.0	3.0	0.0	0.021455299014254817	9.306451612903226
1.0	1.0	0.0	0.008337770842641559	11.435483870967742
1.0	2.0	0.0	0.014802737071920617	10.225806451612904
1.0	2.0	0.0	0.014802737071920617	10.225806451612904
1.0	2.0	0.0	0.015063168390677482	11.14516129032258
1.0	2.0	0.0	0.015063168390677482	11.14516129032258
1.0	2.0	0.0	0.015144585959240139	12.064516129032258
