Constant_feature	Degree	Clustering_coefficient	Pagerank	Aver_path_len
1.0	2.0	0.0	0.025791744447815384	6.34375
1.0	1.0	0.0	0.01643968149868888	8.09375
1.0	1.0	0.0	0.01643968149868888	8.09375
1.0	1.0	0.0	0.01643968149868888	8.09375
1.0	1.0	0.0	0.018419128678857057	11.84375
1.0	3.0	0.0	0.040106314471485396	5.5625
1.0	3.0	0.0	0.040909958496661784	6.96875
1.0	3.0	0.0	0.03757549290852663	4.8125
1.0	2.0	0.0	0.031116500011044903	9.125
1.0	2.0	0.0	0.027522288815000517	6.03125
1.0	2.0	0.0	0.027522288815000517	6.03125
1.0	2.0	0.0	0.027687731761078332	6.5
1.0	2.0	0.0	0.027687731761078332	6.5
1.0	2.0	0.0	0.027348686570599898	5.28125
1.0	2.0	0.0	0.027301754406524686	5.0625
1.0	2.0	0.0	0.028799636630200028	7.625
1.0	2.0	0.0	0.026589570321942542	4.90625
1.0	2.0	0.0	0.029993092469296177	8.34375
1.0	3.0	0.0	0.03759402371896005	5.15625
1.0	3.0	0.0	0.03767674374573435	5.40625
1.0	3.0	0.0	0.03790155063542057	5.75
1.0	3.0	0.0	0.037966776550471704	6.0
1.0	2.0	0.0	0.026487098625146005	5.75
1.0	2.0	0.0	0.03242180882798956	9.96875
1.0	2.0	0.0	0.02662752357262009	6.25
1.0	3.0	0.0	0.04059853661668172	6.34375
1.0	2.0	0.0	0.02664042009575061	6.34375
1.0	2.0	0.0	0.026730140617259812	6.84375
1.0	2.0	0.0	0.027197065022011063	6.9375
1.0	2.0	0.0	0.02732248823819604	7.09375
1.0	2.0	0.0	0.03419684203342556	10.875
1.0	2.0	0.0	0.027353057295469198	7.6875
1.0	4.0	0.0	0.059594959343684785	7.125
