Constant_feature	Degree	Clustering_coefficient	Pagerank	Aver_path_len
1.0	1.0	0.0	0.013259798614488073	4.611111111111111
1.0	1.0	0.0	0.013259798614488073	4.611111111111111
1.0	1.0	0.0	0.013022105773714727	3.7222222222222223
1.0	1.0	0.0	0.013022105773714727	3.7222222222222223
1.0	2.0	0.0	0.026620735362039717	4.277777777777778
1.0	2.0	0.0	0.026620735362039717	4.277777777777778
1.0	1.0	0.0	0.01352239241676592	4.666666666666667
1.0	1.0	0.0	0.01352239241676592	4.666666666666667
1.0	3.0	0.0	0.03379036827067253	3.0
1.0	3.0	0.0	0.03379036827067253	3.0
1.0	2.0	0.0	0.02326185901211351	3.2777777777777777
1.0	2.0	0.0	0.02326185901211351	3.2777777777777777
1.0	3.0	0.0	0.03379995479689585	3.3333333333333335
1.0	3.0	0.0	0.03379995479689585	3.3333333333333335
1.0	2.0	0.0	0.02349668298921982	4.055555555555555
1.0	2.0	0.0	0.02349668298921982	4.055555555555555
1.0	3.0	0.0	0.03542784862658143	3.6666666666666665
1.0	2.0	0.0	0.023833218290866546	4.333333333333333
1.0	3.0	0.0	0.03542784862658143	3.6666666666666665
1.0	2.0	0.0	0.023833218290866546	4.333333333333333
1.0	2.0	0.0	0.02323983433925399	3.4444444444444446
1.0	2.0	0.0	0.02323983433925399	3.4444444444444446
1.0	3.0	0.0	0.034636221390949816	2.7777777777777777
1.0	3.0	0.0	0.034636221390949816	2.7777777777777777
1.0	3.0	0.0	0.03382214276527755	2.6666666666666665
1.0	3.0	0.0	0.03382214276527755	2.6666666666666665
1.0	3.0	0.0	0.03391029720722932	2.9444444444444446
1.0	3.0	0.0	0.03391029720722932	2.9444444444444446
1.0	2.0	0.0	0.023617966888010797	3.0555555555555554
1.0	2.0	0.0	0.023617966888010797	3.0555555555555554
1.0	2.0	0.0	0.023694968847624204	3.3333333333333335
1.0	2.0	0.0	0.023694968847624204	3.3333333333333335
1.0	3.0	0.0	0.036128413693174335	3.4444444444444446
1.0	3.0	0.0	0.036128413693174335	3.4444444444444446
1.0	3.0	0.0	0.03630505105204936	3.7222222222222223
1.0	3.0	0.0	0.03630505105204936	3.7222222222222223
1.0	1.0	0.0	0.014610139663072294	5.222222222222222
1.0	1.0	0.0	0.014610139663072294	5.222222222222222
