Constant_feature	Degree	Clustering_coefficient	Pagerank	Aver_path_len
1.0	1.0	0.0	0.029914484492222216	3.090909090909091
1.0	1.0	0.0	0.029914484492222216	3.090909090909091
1.0	1.0	0.0	0.029914484492222216	3.090909090909091
1.0	1.0	0.0	0.029914484492222216	3.090909090909091
1.0	1.0	0.0	0.029914484492222216	3.090909090909091
1.0	1.0	0.0	0.03436040624128472	2.2
1.0	1.0	0.0	0.029914484492222206	3.090909090909091
1.0	1.0	0.0	0.03532412784875868	2.6
1.0	1.0	0.0	0.03532412784875868	2.6
1.0	3.0	0.0	0.0960184109691493	1.4
1.0	2.0	0.0	0.06615313021269097	1.8
1.0	2.0	0.0	0.06615313021269097	1.8
1.0	3.0	0.0	0.08119662661888886	2.1818181818181817
1.0	3.0	0.0	0.08119662661888886	2.1818181818181817
1.0	3.0	0.0	0.08119662661888886	2.1818181818181817
1.0	3.0	0.0	0.08119662661888888	2.1818181818181817
1.0	3.0	0.0	0.08119662661888888	2.1818181818181817
1.0	3.0	0.0	0.08119662661888886	2.1818181818181817
