Constant_feature	Degree	Clustering_coefficient	Pagerank	Aver_path_len
1.0	2.0	1.0	0.03409927499843068	4.458333333333333
1.0	2.0	1.0	0.0346316582354302	5.208333333333333
1.0	2.0	0.0	0.03609195949194618	4.375
1.0	1.0	0.0	0.020465455270530213	4.75
1.0	1.0	0.0	0.020461345720873762	5.666666666666667
1.0	4.0	0.16666666666666666	0.06719812221090446	4.083333333333333
1.0	3.0	0.3333333333333333	0.04993251926804791	3.9166666666666665
1.0	4.0	0.16666666666666666	0.06853963647580931	4.708333333333333
1.0	3.0	0.3333333333333333	0.05070019983372241	4.708333333333333
1.0	2.0	0.0	0.03481397930514855	4.375
1.0	2.0	0.0	0.03487614717635524	4.583333333333333
1.0	2.0	0.0	0.03437335663862952	3.7916666666666665
1.0	3.0	0.0	0.05131328437663438	3.6666666666666665
1.0	2.0	0.0	0.03614875420151792	4.583333333333333
1.0	1.0	0.0	0.019119625283658338	5.041666666666667
1.0	3.0	0.0	0.052100152969983674	3.6666666666666665
1.0	1.0	0.0	0.019421708746270902	5.666666666666667
1.0	2.0	0.0	0.03716930300515614	4.458333333333333
1.0	3.0	0.0	0.054887858731363655	3.7916666666666665
1.0	3.0	0.0	0.05612093187156278	4.0
1.0	2.0	0.0	0.03756440993354748	4.291666666666667
1.0	3.0	0.0	0.05404802742503326	4.333333333333333
1.0	3.0	0.0	0.0548704629203645	4.708333333333333
1.0	1.0	0.0	0.020837364478300462	4.958333333333333
1.0	1.0	0.0	0.020214461430777837	5.291666666666667
