Constant_feature	Degree	Clustering_coefficient	Pagerank	Aver_path_len
1.0	1.0	0.0	0.031617790992894496	3.533333333333333
1.0	1.0	0.0	0.031820670662765754	4.0
1.0	1.0	0.0	0.032099982829172494	4.466666666666667
1.0	3.0	0.0	0.08156235878945642	3.0
1.0	3.0	0.0	0.08165689540127585	2.6
1.0	3.0	0.0	0.08456073032948595	2.6
1.0	3.0	0.0	0.0845213193161422	2.7333333333333334
1.0	3.0	0.0	0.0852361168879351	3.066666666666667
1.0	2.0	0.0	0.05696599390206223	3.1333333333333333
1.0	2.0	0.0	0.056352672707264864	3.1333333333333333
1.0	2.0	0.0	0.056568416574788095	3.533333333333333
1.0	3.0	0.0	0.08616655526623772	3.533333333333333
1.0	2.0	0.0	0.060599839753981914	3.2666666666666666
1.0	2.0	0.0	0.0644270964579075	3.933333333333333
1.0	2.0	0.0	0.06868575303232025	4.733333333333333
1.0	1.0	0.0	0.03715780709630907	5.666666666666667
