Constant_feature	Degree	Clustering_coefficient	Pagerank	Aver_path_len
1.0	1.0	0.0	0.015853236276135343	7.333333333333333
1.0	1.0	0.0	0.014781286328445883	5.666666666666667
1.0	1.0	0.0	0.01583103494631712	7.575757575757576
1.0	1.0	0.0	0.01583103494631712	7.575757575757576
1.0	1.0	0.0	0.01611298044067363	8.787878787878787
1.0	3.0	0.0	0.03723571743692774	4.636363636363637
1.0	3.0	0.0	0.04296463741070521	6.606060606060606
1.0	3.0	0.0	0.04020873564760033	6.0606060606060606
1.0	2.0	0.0	0.02797262711335711	7.090909090909091
1.0	3.0	0.0	0.03828113786457473	5.454545454545454
1.0	3.0	0.0	0.03636444699574318	5.181818181818182
1.0	2.0	0.0	0.025596196089237994	5.212121212121212
1.0	3.0	0.0	0.036454582915480274	4.787878787878788
1.0	3.0	0.0	0.03667779656283891	5.606060606060606
1.0	2.0	0.0	0.028693106561544963	6.363636363636363
1.0	2.0	0.0	0.02540586232679998	5.333333333333333
1.0	3.0	0.0	0.03721833575007662	6.151515151515151
1.0	3.0	0.0	0.03842993793390561	5.757575757575758
1.0	3.0	0.0	0.03946744372060591	4.696969696969697
1.0	2.0	0.0	0.0259126038662566	6.454545454545454
1.0	2.0	0.0	0.026102446477064528	7.0
1.0	2.0	0.0	0.026597616181479752	7.303030303030303
1.0	2.0	0.0	0.026782301881343798	4.878787878787879
1.0	2.0	0.0	0.026655291479016074	7.848484848484849
1.0	2.0	0.0	0.02666917203994929	5.121212121212121
1.0	3.0	0.0	0.03891912622288033	5.424242424242424
1.0	2.0	0.0	0.026476664374092115	5.9393939393939394
1.0	3.0	0.0	0.03953062001155623	6.424242424242424
1.0	2.0	0.0	0.026863543636467507	6.575757575757576
1.0	1.0	0.0	0.015003896963784024	7.03030303030303
1.0	2.0	0.0	0.030833374912810803	8.666666666666666
1.0	3.0	0.0	0.04390254522293313	7.818181818181818
1.0	2.0	0.0	0.032709088520352626	9.575757575757576
1.0	1.0	0.0	0.017661570942725406	10.545454545454545
