Constant_feature	Degree	Clustering_coefficient	Pagerank	Aver_path_len
1.0	2.0	0.0	0.029018847581478213	6.647058823529412
1.0	2.0	0.0	0.028283660410500986	5.764705882352941
1.0	2.0	0.0	0.02870333875395338	6.382352941176471
1.0	2.0	0.0	0.028718164348673216	6.676470588235294
1.0	1.0	0.0	0.014655384314908823	6.352941176470588
1.0	2.0	0.0	0.02527699429064506	4.647058823529412
1.0	1.0	0.0	0.01606865697404735	9.794117647058824
1.0	3.0	0.0	0.036243404977465504	4.205882352941177
1.0	2.0	0.0	0.02497390472890411	4.617647058823529
1.0	2.0	0.0	0.024984817917733777	4.794117647058823
1.0	3.0	0.0	0.035914507368491506	4.088235294117647
1.0	3.0	0.0	0.03629961832382485	4.647058823529412
1.0	3.0	0.0	0.035887541950401704	4.352941176470588
1.0	3.0	0.0	0.035801593843892136	4.117647058823529
1.0	3.0	0.0	0.03800120122461205	4.852941176470588
1.0	2.0	0.0	0.025405606704806856	5.264705882352941
1.0	2.0	0.0	0.02542954064858512	4.735294117647059
1.0	2.0	0.0	0.02565739142432859	5.147058823529412
1.0	2.0	0.0	0.025341806090652695	4.794117647058823
1.0	3.0	0.0	0.038832459640385425	5.470588235294118
1.0	3.0	0.0	0.03886308976537322	5.764705882352941
1.0	3.0	0.0	0.039328420977275666	5.382352941176471
1.0	3.0	0.0	0.03808973440994545	5.705882352941177
1.0	2.0	0.0	0.026098666105591337	5.4411764705882355
1.0	3.0	0.0	0.03945774066887548	5.735294117647059
1.0	2.0	0.0	0.026315943422044734	6.4411764705882355
1.0	2.0	0.0	0.026315943422044734	6.4411764705882355
1.0	1.0	0.0	0.015584932318674914	6.735294117647059
1.0	2.0	0.0	0.02674134807530919	7.176470588235294
1.0	2.0	0.0	0.02674134807530919	7.176470588235294
1.0	1.0	0.0	0.015773482700210194	7.352941176470588
1.0	1.0	0.0	0.015780493468318377	7.647058823529412
1.0	3.0	0.0	0.040134040218925	7.911764705882353
1.0	1.0	0.0	0.01591530418101279	7.617647058823529
1.0	2.0	0.0	0.029361070672798174	8.823529411764707
