Constant_feature	Degree	Clustering_coefficient	Pagerank	Aver_path_len
1.0	2.0	0.0	0.03637257380226448	5.555555555555555
1.0	2.0	0.0	0.035483282668816674	4.62962962962963
1.0	2.0	0.0	0.03603921615215007	5.222222222222222
1.0	1.0	0.0	0.018312288781008792	5.703703703703703
1.0	1.0	0.0	0.018404917589046912	5.407407407407407
1.0	1.0	0.0	0.020154580234142648	6.222222222222222
1.0	2.0	0.0	0.034284014711182656	4.444444444444445
1.0	3.0	0.0	0.04709917315970216	3.7037037037037037
1.0	2.0	0.0	0.031968419528157765	4.037037037037037
1.0	2.0	0.0	0.03170533645385969	4.074074074074074
1.0	3.0	0.0	0.045710790220938984	3.3333333333333335
1.0	3.0	0.0	0.045828095767840166	3.7037037037037037
1.0	3.0	0.0	0.04520316633522329	3.2962962962962963
1.0	3.0	0.0	0.04519053271786747	3.185185185185185
1.0	3.0	0.0	0.04775855864232218	3.740740740740741
1.0	2.0	0.0	0.03206031776857403	4.296296296296297
1.0	2.0	0.0	0.03211845067848991	3.888888888888889
1.0	2.0	0.0	0.031875151912028166	3.7777777777777777
1.0	3.0	0.0	0.04885611295242394	4.333333333333333
1.0	3.0	0.0	0.04913835170845436	4.7407407407407405
1.0	3.0	0.0	0.049444935955506114	4.444444444444445
1.0	3.0	0.0	0.05527943973462407	5.2592592592592595
1.0	2.0	0.0	0.032771508306410985	4.333333333333333
1.0	3.0	0.0	0.04951935641609022	4.666666666666667
1.0	1.0	0.0	0.020154580234142648	6.222222222222222
1.0	1.0	0.0	0.01953959664826461	5.592592592592593
1.0	1.0	0.0	0.0197883254146043	6.185185185185185
1.0	1.0	0.0	0.019938925505862348	6.518518518518518
