Constant_feature	Degree	Clustering_coefficient	Pagerank	Aver_path_len
1.0	2.0	0.0	0.030412944478568713	6.75
1.0	2.0	0.0	0.030374529943371264	6.15625
1.0	1.0	0.0	0.015062224572619593	5.5625
1.0	2.0	0.0	0.03079868145306642	6.5625
1.0	2.0	0.0	0.030922958946477327	7.28125
1.0	3.0	0.0	0.038226373697942115	4.0625
1.0	2.0	0.0	0.026412569098590195	5.0
1.0	2.0	0.0	0.026383136198742378	4.65625
1.0	3.0	0.0	0.03836372933766341	4.65625
1.0	3.0	0.0	0.037846114462995684	4.0625
1.0	3.0	0.0	0.037636633202214914	3.71875
1.0	2.0	0.0	0.026877882000934685	5.25
1.0	2.0	0.0	0.026699070115209313	4.65625
1.0	2.0	0.0	0.026190507445960878	4.0625
1.0	3.0	0.0	0.04010523435280777	4.59375
1.0	3.0	0.0	0.04112574639302473	5.84375
1.0	3.0	0.0	0.041052250944938126	5.25
1.0	3.0	0.0	0.03956135357538089	4.46875
1.0	3.0	0.0	0.040173584926802855	5.25
1.0	2.0	0.0	0.02746672758374843	5.0625
1.0	2.0	0.0	0.02752570996640093	5.1875
1.0	2.0	0.0	0.027900769309110326	6.09375
1.0	2.0	0.0	0.027900769309110326	6.09375
1.0	3.0	0.0	0.041890481571738664	5.65625
1.0	2.0	0.0	0.028058066906596513	5.78125
1.0	3.0	0.0	0.04214025243275355	6.375
1.0	2.0	0.0	0.0284868073580545	6.9375
1.0	2.0	0.0	0.0284868073580545	6.9375
1.0	1.0	0.0	0.016715761314642096	7.71875
1.0	1.0	0.0	0.016699208281226348	7.125
1.0	2.0	0.0	0.028667764891176558	7.78125
1.0	1.0	0.0	0.016889261364672056	7.53125
1.0	1.0	0.0	0.016946087205403783	8.25
