Constant_feature	Degree	Clustering_coefficient	Pagerank	Aver_path_len
1.0	1.0	0.0	0.012234826795135809	8.195121951219512
1.0	2.0	0.0	0.024230327493846647	8.560975609756097
1.0	1.0	0.0	0.012220405353577973	8.317073170731707
1.0	2.0	0.0	0.022689335573423328	6.658536585365853
1.0	1.0	0.0	0.012350665296323789	7.585365853658536
1.0	1.0	0.0	0.012719622658051918	7.634146341463414
1.0	1.0	0.0	0.012612533105184068	8.24390243902439
1.0	2.0	0.0	0.02217301517824595	7.317073170731708
1.0	4.0	0.0	0.042491250014754345	6.487804878048781
1.0	3.0	0.0	0.032846404193511876	7.219512195121951
1.0	3.0	0.0	0.03297812031420412	7.634146341463414
1.0	3.0	0.0	0.03175091781830822	6.609756097560975
1.0	3.0	0.0	0.03279697805538326	7.341463414634147
1.0	1.0	0.0	0.011941751930311217	7.463414634146342
1.0	2.0	0.0	0.02218794651209678	6.585365853658536
1.0	3.0	0.0	0.033229518690061785	6.609756097560975
1.0	2.0	0.0	0.02276893521916501	6.682926829268292
1.0	1.0	0.0	0.013284792927395098	9.536585365853659
1.0	4.0	0.0	0.045943671576578984	6.658536585365853
1.0	2.0	0.0	0.02311944833316614	6.780487804878049
1.0	1.0	0.0	0.012719622658051918	7.634146341463414
1.0	2.0	0.0	0.023249879235714248	6.7560975609756095
1.0	2.0	0.0	0.023316067934951897	6.878048780487805
1.0	2.0	0.0	0.023397555360997926	6.853658536585366
1.0	2.0	0.0	0.023403359553154875	6.975609756097561
1.0	2.0	0.0	0.023459580811307015	6.951219512195122
1.0	2.0	0.0	0.02340024363700579	7.073170731707317
1.0	3.0	0.0	0.031868714875585485	7.317073170731708
1.0	2.0	0.0	0.02343826545479933	7.048780487804878
1.0	2.0	0.0	0.023306191295804173	7.170731707317073
1.0	3.0	0.0	0.031745725606840386	8.048780487804878
1.0	2.0	0.0	0.022190612466683385	7.439024390243903
1.0	2.0	0.0	0.02310033992623022	7.2682926829268295
1.0	2.0	0.0	0.023339473649078478	7.146341463414634
1.0	3.0	0.0	0.03410526926771741	7.2682926829268295
1.0	2.0	0.0	0.022004667590875146	8.926829268292684
1.0	2.0	0.0	0.022004667590875146	8.926829268292684
1.0	2.0	0.0	0.022777229531535978	7.341463414634147
1.0	2.0	0.0	0.023131908568082844	7.2439024390243905
1.0	2.0	0.0	0.022444608229723148	9.804878048780488
1.0	2.0	0.0	0.022444608229723148	9.804878048780488
1.0	2.0	0.0	0.02258094148653552	10.682926829268293
