Constant_feature	Degree	Clustering_coefficient	Pagerank	Aver_path_len
1.0	1.0	0.0	0.023042200421529282	3.95
1.0	1.0	0.0	0.023042200421529282	3.95
1.0	4.0	0.0	0.0774413759358679	2.7
1.0	2.0	0.0	0.04013170403198488	3.15
1.0	2.0	0.0	0.04013170403198488	3.15
1.0	3.0	0.0	0.060935032908101684	3.0
1.0	3.0	0.0	0.060935032908101684	3.0
1.0	3.0	0.0	0.05981940133357319	3.4
1.0	3.0	0.0	0.05981940133357319	3.4
1.0	3.0	0.0	0.06003408073926822	3.3
1.0	3.0	0.0	0.06003408073926822	3.3
1.0	2.0	0.0	0.04219332524527042	4.05
1.0	2.0	0.0	0.04219332524527042	4.05
1.0	2.0	0.0	0.042326447659978075	3.95
1.0	2.0	0.0	0.042326447659978075	3.95
1.0	3.0	0.0	0.06517794548397626	4.6
1.0	3.0	0.0	0.06517794548397626	4.6
1.0	2.0	0.0	0.04330331913370031	4.7
1.0	2.0	0.0	0.04330331913370031	4.7
1.0	1.0	0.0	0.0243158550746835	5.55
1.0	1.0	0.0	0.0243158550746835	5.55
