Constant_feature	Degree	Clustering_coefficient	Pagerank	Aver_path_len
1.0	0.0	0.0	0.0	0.0
1.0	2.0	0.0	0.02666826153151431	5.21875
1.0	1.0	0.0	0.014886709031051767	5.625
1.0	2.0	0.0	0.02621502765262044	6.0625
1.0	2.0	0.0	0.026203790560882578	5.84375
1.0	2.0	0.0	0.03063753140756855	6.0
1.0	2.0	0.0	0.03063753140756855	6.0
1.0	1.0	0.0	0.015648181407838926	6.71875
1.0	2.0	0.0	0.02759604924314706	4.875
1.0	2.0	0.0	0.03339368767185123	7.40625
1.0	3.0	0.0	0.03716734783353453	4.0625
1.0	3.0	0.0	0.03697420523331027	3.84375
1.0	3.0	0.0	0.03754450776159711	4.15625
1.0	3.0	0.0	0.03645645063309995	3.5625
1.0	3.0	0.0	0.036486293967181435	3.875
1.0	3.0	0.0	0.03620225809396874	3.65625
1.0	2.0	0.0	0.026181176997037807	4.90625
1.0	3.0	0.0	0.039520958252760724	4.65625
1.0	3.0	0.0	0.038247294540491646	3.90625
1.0	2.0	0.0	0.025182535354478817	4.53125
1.0	2.0	0.0	0.025085865141277836	4.3125
1.0	2.0	0.0	0.029560057887438658	5.65625
1.0	3.0	0.0	0.03735419189906582	5.1875
1.0	3.0	0.0	0.037317084088537164	4.96875
1.0	2.0	0.0	0.02697570264205861	4.5625
1.0	2.0	0.0	0.02697570264205861	4.5625
1.0	2.0	0.0	0.03136030938295688	6.5
1.0	3.0	0.0	0.041575901112843025	5.09375
1.0	3.0	0.0	0.041575901112843025	5.09375
1.0	2.0	0.0	0.026618784874963955	6.40625
1.0	3.0	0.0	0.04205642686525624	5.75
1.0	1.0	0.0	0.01805795605947313	8.375
1.0	1.0	0.0	0.01681815885486122	6.96875
1.0	1.0	0.0	0.01681815885486122	6.96875
