Constant_feature	Degree	Clustering_coefficient	Pagerank	Aver_path_len
1.0	1.0	0.0	0.02744778157033596	4.444444444444445
1.0	1.0	0.0	0.027164436095531232	3.888888888888889
1.0	1.0	0.0	0.02734987217283417	4.944444444444445
1.0	1.0	0.0	0.027628540007101413	5.611111111111111
1.0	2.0	0.0	0.04971525428519874	4.666666666666667
1.0	3.0	0.0	0.07506328052446352	4.111111111111111
1.0	3.0	0.0	0.07150414813453432	3.0
1.0	2.0	0.0	0.049232218450689855	3.611111111111111
1.0	2.0	0.0	0.050312017063039005	4.611111111111111
1.0	3.0	0.0	0.0751037404688083	4.0
1.0	3.0	0.0	0.07394675260184255	3.5
1.0	3.0	0.0	0.07300280522635486	2.9444444444444446
1.0	2.0	0.0	0.04853712808327805	3.111111111111111
1.0	1.0	0.0	0.02778152048011265	5.055555555555555
1.0	3.0	0.0	0.07124171647674873	3.388888888888889
1.0	1.0	0.0	0.027793654477663198	4.944444444444445
1.0	2.0	0.0	0.04900123199484823	4.055555555555555
1.0	3.0	0.0	0.07362274632811976	4.0
1.0	3.0	0.0	0.07455115555849516	4.666666666666667
