Constant_feature	Degree	Clustering_coefficient	Pagerank	Aver_path_len
1.0	1.0	0.0	0.018991097477358276	5.16
1.0	1.0	0.0	0.018705174554118666	4.92
1.0	2.0	0.0	0.03365634273082202	5.32
1.0	2.0	0.0	0.03374386522053449	6.0
1.0	2.0	0.0	0.03847510682626923	5.72
1.0	3.0	0.0	0.04731457925234439	3.44
1.0	3.0	0.0	0.04802054399435073	3.72
1.0	3.0	0.0	0.04638873692792649	3.04
1.0	2.0	0.0	0.03360321180431062	4.52
1.0	2.0	0.0	0.03411237857540492	4.76
1.0	3.0	0.0	0.04732184173038165	3.28
1.0	3.0	0.0	0.05048266652317047	4.2
1.0	3.0	0.0	0.04953159993093717	3.96
1.0	3.0	0.0	0.048144218069649046	3.56
1.0	3.0	0.0	0.0471759536498353	3.36
1.0	2.0	0.0	0.033587115251631085	3.92
1.0	2.0	0.0	0.033874879970684904	4.2
1.0	2.0	0.0	0.03242952540954243	3.92
1.0	2.0	0.0	0.03293114817251595	4.04
1.0	2.0	0.0	0.03454588359784209	4.56
1.0	3.0	0.0	0.051947147949118394	4.84
1.0	3.0	0.0	0.04810351735892942	4.48
1.0	2.0	0.0	0.03318384013190528	4.6
1.0	3.0	0.0	0.04839421238079535	5.16
1.0	2.0	0.0	0.034176245421644685	6.08
1.0	1.0	0.0	0.021159167087976886	6.68
