Constant_feature	Degree	Clustering_coefficient	Pagerank	Aver_path_len
1.0	1.0	0.0	0.013843474507852754	8.27027027027027
1.0	2.0	0.0	0.02574684454772616	6.0
1.0	1.0	0.0	0.013949962641032444	6.054054054054054
1.0	1.0	0.0	0.014183857397478157	6.864864864864865
1.0	1.0	0.0	0.013730884221738968	5.891891891891892
1.0	1.0	0.0	0.014151170896761834	6.702702702702703
1.0	1.0	0.0	0.013901176108878465	9.08108108108108
1.0	3.0	0.0	0.03698398895319964	4.864864864864865
1.0	2.0	0.0	0.02562956173125424	5.621621621621622
1.0	2.0	0.0	0.02517515230487037	5.1891891891891895
1.0	3.0	0.0	0.03872058960785191	6.756756756756757
1.0	2.0	0.0	0.025844081541468996	6.54054054054054
1.0	3.0	0.0	0.035598680704433325	4.648648648648648
1.0	3.0	0.0	0.038591350175716486	6.162162162162162
1.0	3.0	0.0	0.03865018333293912	6.27027027027027
1.0	2.0	0.0	0.025822328450440662	6.4324324324324325
1.0	3.0	0.0	0.03870725986702331	6.702702702702703
1.0	2.0	0.0	0.025861208707840325	6.972972972972973
1.0	3.0	0.0	0.03815365122636689	5.351351351351352
1.0	2.0	0.0	0.023940321769976028	5.1891891891891895
1.0	1.0	0.0	0.014248407890504673	7.72972972972973
1.0	3.0	0.0	0.037726783745341275	5.081081081081081
1.0	3.0	0.0	0.03850923769763035	5.891891891891892
1.0	3.0	0.0	0.03699885388627274	4.918918918918919
1.0	3.0	0.0	0.03814913827786788	5.45945945945946
1.0	1.0	0.0	0.01420952763310501	7.135135135135135
1.0	1.0	0.0	0.014227252598332745	7.243243243243243
1.0	1.0	0.0	0.01424437976470407	7.675675675675675
1.0	3.0	0.0	0.03542892536400845	5.783783783783784
1.0	1.0	0.0	0.013726458937848955	5.837837837837838
1.0	3.0	0.0	0.03839687017944561	5.72972972972973
1.0	1.0	0.0	0.014077283281144501	6.324324324324325
1.0	1.0	0.0	0.014075847030499822	6.4324324324324325
1.0	2.0	0.0	0.02447231754240708	6.54054054054054
1.0	2.0	0.0	0.024471486882806252	6.594594594594595
1.0	3.0	0.0	0.037372589844223855	7.297297297297297
1.0	2.0	0.0	0.024913202933367334	7.351351351351352
1.0	3.0	0.0	0.03756570781563897	8.108108108108109
