Constant_feature	Degree	Clustering_coefficient	Pagerank	Aver_path_len
1.0	2.0	0.0	0.03644926598988228	5.888888888888889
1.0	1.0	0.0	0.019124919887864064	5.7407407407407405
1.0	2.0	0.0	0.03415743058209861	5.37037037037037
1.0	1.0	0.0	0.019471458022082066	6.185185185185185
1.0	1.0	0.0	0.019023719385654603	5.888888888888889
1.0	1.0	0.0	0.021767460492435733	8.851851851851851
1.0	2.0	0.0	0.03444877952404718	4.703703703703703
1.0	2.0	0.0	0.035743103105519924	5.444444444444445
1.0	3.0	0.0	0.049922844562780726	4.2592592592592595
1.0	2.0	0.0	0.03399322408033264	4.407407407407407
1.0	4.0	0.0	0.07545343002874547	6.62962962962963
1.0	2.0	0.0	0.03432025756492533	4.62962962962963
1.0	3.0	0.0	0.051846385722537525	4.777777777777778
1.0	2.0	0.0	0.03693008160066048	6.185185185185185
1.0	1.0	0.0	0.02054923653922878	7.592592592592593
1.0	1.0	0.0	0.02054923653922878	7.592592592592593
1.0	1.0	0.0	0.02054923653922878	7.592592592592593
1.0	3.0	0.0	0.05299790927798208	5.222222222222222
1.0	2.0	0.0	0.038385643710091594	7.0
1.0	3.0	0.0	0.05150865615076843	4.925925925925926
1.0	2.0	0.0	0.04043632062410561	7.888888888888889
1.0	2.0	0.0	0.03363095284472382	5.888888888888889
1.0	3.0	0.0	0.048960811768995235	6.481481481481482
1.0	2.0	0.0	0.03361778121435531	7.296296296296297
1.0	2.0	0.0	0.03361778121435531	7.296296296296297
1.0	2.0	0.0	0.0341283914346697	8.11111111111111
1.0	2.0	0.0	0.0341283914346697	8.11111111111111
1.0	2.0	0.0	0.03428729015802998	8.925925925925926
