Constant_feature	Degree	Clustering_coefficient	Pagerank	Aver_path_len
1.0	3.0	0.0	0.06139519135293446	2.75
1.0	1.0	0.0	0.024075557449242932	4.2
1.0	2.0	0.0	0.04111846999762864	3.3
1.0	4.0	0.0	0.08791575333042037	3.95
1.0	2.0	0.0	0.04275939897660852	3.5
1.0	2.0	0.0	0.04385697941624128	3.8
1.0	3.0	0.0	0.06071898329343932	2.95
1.0	3.0	0.0	0.060710564224712146	2.8
1.0	3.0	0.0	0.06437758437122056	3.25
1.0	1.0	0.0	0.02454332672890311	4.9
1.0	1.0	0.0	0.02454332672890311	4.9
1.0	2.0	0.0	0.04511761168932608	3.4
1.0	3.0	0.0	0.06039441142636306	3.1
1.0	3.0	0.0	0.07312131764131032	4.15
1.0	3.0	0.0	0.06046705327132429	3.25
1.0	2.0	0.0	0.04238378272186812	3.85
1.0	1.0	0.0	0.02669867716156228	5.1
1.0	1.0	0.0	0.02669867716156228	5.1
1.0	2.0	0.0	0.0424103214384815	4.0
1.0	2.0	0.0	0.04334290759913908	4.6
1.0	2.0	0.0	0.04335010401880809	4.75
