Constant_feature	Degree	Clustering_coefficient	Pagerank	Aver_path_len
1.0	1.0	0.0	0.01854844998686094	6.814814814814815
1.0	2.0	0.0	0.030550789374794374	3.814814814814815
1.0	1.0	0.0	0.01756138085389289	5.333333333333333
1.0	2.0	0.0	0.03484376865889956	5.555555555555555
1.0	1.0	0.0	0.020318885251257076	7.333333333333333
1.0	4.0	0.0	0.057731987305442385	3.111111111111111
1.0	3.0	0.0	0.04415329913234061	3.6296296296296298
1.0	3.0	0.0	0.04518016564872993	3.3333333333333335
1.0	3.0	0.0	0.04537174428529334	3.6296296296296298
1.0	3.0	0.0	0.04502889212516793	4.2592592592592595
1.0	3.0	0.0	0.04787219943133725	3.7777777777777777
1.0	3.0	0.0	0.046633331579674045	4.37037037037037
1.0	2.0	0.0	0.03129786090459141	4.444444444444445
1.0	2.0	0.0	0.031686034821908	3.8518518518518516
1.0	2.0	0.0	0.03201293034808737	4.37037037037037
1.0	2.0	0.0	0.03201293034808737	4.37037037037037
1.0	2.0	0.0	0.031602757875702096	5.074074074074074
1.0	2.0	0.0	0.03245744413828837	4.296296296296297
1.0	2.0	0.0	0.032178042852786456	5.2592592592592595
1.0	1.0	0.0	0.017932560730645888	4.7407407407407405
1.0	2.0	0.0	0.03235450837625361	4.37037037037037
1.0	2.0	0.0	0.032273036150918984	5.888888888888889
1.0	3.0	0.0	0.04841834293844849	4.814814814814815
1.0	2.0	0.0	0.03295390358334258	5.111111111111111
1.0	2.0	0.0	0.03295390358334258	5.111111111111111
1.0	3.0	0.0	0.04992469597834647	5.851851851851852
1.0	3.0	0.0	0.055827268484302583	6.37037037037037
1.0	1.0	0.0	0.020318885251257076	7.333333333333333
