Constant_feature	Degree	Clustering_coefficient	Pagerank	Aver_path_len
1.0	0.0	0.0	0.0	0.0
1.0	1.0	0.0	0.024727410505136847	5.0
1.0	1.0	0.0	0.024727410505136847	5.0
1.0	1.0	0.0	0.024727410505136847	5.0
1.0	1.0	0.0	0.024727410505136847	5.0
1.0	4.0	0.0	0.09683675948434767	1.0
1.0	1.0	0.0	0.02579081012891309	1.75
1.0	1.0	0.0	0.02579081012891309	1.75
1.0	1.0	0.0	0.02579081012891309	1.75
1.0	1.0	0.0	0.02579081012891309	1.75
1.0	2.0	0.0	0.04285879639141488	3.0
1.0	2.0	0.0	0.04285879639141488	3.0
1.0	2.0	0.0	0.04285879639141487	3.0
1.0	2.0	0.0	0.04285879639141487	3.0
1.0	2.0	0.0	0.04233901716230054	2.7777777777777777
1.0	2.0	0.0	0.04233901716230054	2.7777777777777777
1.0	2.0	0.0	0.04233901716230054	2.7777777777777777
1.0	2.0	0.0	0.04233901716230054	2.7777777777777777
1.0	2.0	0.0	0.04401387051008107	3.4444444444444446
1.0	2.0	0.0	0.04401387051008107	3.4444444444444446
1.0	2.0	0.0	0.04401387051008107	3.4444444444444446
1.0	2.0	0.0	0.04401387051008107	3.4444444444444446
1.0	2.0	0.0	0.046060905431066654	4.111111111111111
1.0	2.0	0.0	0.046060905431066654	4.111111111111111
1.0	2.0	0.0	0.04606090543106665	4.111111111111111
1.0	2.0	0.0	0.04606090543106665	4.111111111111111
