Constant_feature	Degree	Clustering_coefficient	Pagerank	Aver_path_len
1.0	2.0	0.0	0.013589543301361542	7.967741935483871
1.0	2.0	0.0	0.013882856162104716	8.419354838709678
1.0	2.0	0.0	0.014468591920344186	7.129032258064516
1.0	2.0	0.0	0.014422148627417425	8.290322580645162
1.0	1.0	0.0	0.00779771928360063	8.387096774193548
1.0	1.0	0.0	0.00881563468896528	11.870967741935484
1.0	2.0	0.0	0.014393906043563396	8.112903225806452
1.0	1.0	0.0	0.008314085999293577	8.129032258064516
1.0	1.0	0.0	0.008396097581218202	8.725806451612904
1.0	1.0	0.0	0.008266051632806151	8.774193548387096
1.0	1.0	0.0	0.008263752699642454	8.419354838709678
1.0	1.0	0.0	0.008450912483290957	8.387096774193548
1.0	2.0	0.0	0.014700355990337565	9.661290322580646
1.0	1.0	0.0	0.008468512809700797	8.274193548387096
1.0	2.0	0.0	0.016291884077767722	11.370967741935484
1.0	1.0	0.0	0.00833816801534327	12.258064516129032
1.0	4.0	0.0	0.02641563405193015	7.693548387096774
1.0	3.0	0.0	0.02019714970411534	7.403225806451613
1.0	3.0	0.0	0.020862155233140337	7.451612903225806
1.0	2.0	0.0	0.01368503533236235	7.67741935483871
1.0	3.0	0.0	0.020515474740974062	7.112903225806452
1.0	2.0	0.0	0.0140141145494381	8.580645161290322
1.0	2.0	0.0	0.013856733173650432	7.419354838709677
1.0	3.0	0.0	0.021714708017402138	10.03225806451613
1.0	3.0	0.0	0.021175850560404844	9.14516129032258
1.0	2.0	0.0	0.014408828064528782	9.306451612903226
1.0	4.0	0.0	0.02760151633528577	7.403225806451613
1.0	3.0	0.0	0.020903627405469027	7.451612903225806
1.0	1.0	0.0	0.007846086530276488	8.435483870967742
1.0	2.0	0.0	0.015167961439758255	10.0
1.0	2.0	0.0	0.014501752634164838	8.338709677419354
1.0	3.0	0.0	0.022145550299042346	9.225806451612904
1.0	1.0	0.0	0.008102133543333476	11.016129032258064
1.0	2.0	0.0	0.014720697106395154	9.17741935483871
1.0	3.0	0.0	0.02409619965307371	10.887096774193548
1.0	2.0	0.0	0.014621582067639232	7.564516129032258
1.0	1.0	0.0	0.00823082956104237	10.209677419354838
1.0	2.0	0.0	0.017217055648501605	11.838709677419354
1.0	3.0	0.0	0.02242242028587038	7.145161290322581
1.0	2.0	0.0	0.015030460824049834	7.612903225806452
1.0	2.0	0.0	0.015250572383348305	7.661290322580645
1.0	4.0	0.0	0.03026404038065329	7.741935483870968
1.0	3.0	0.0	0.021420375551370337	7.451612903225806
1.0	3.0	0.0	0.02226042127310538	7.790322580645161
1.0	3.0	0.0	0.02225291702384414	7.435483870967742
1.0	3.0	0.0	0.022679443664934705	7.451612903225806
1.0	2.0	0.0	0.01533426136748786	7.709677419354839
1.0	2.0	0.0	0.015296010970049744	7.725806451612903
1.0	1.0	0.0	0.009335525025107677	12.82258064516129
1.0	2.0	0.0	0.015203900862478525	7.193548387096774
1.0	3.0	0.0	0.022877189893520562	7.403225806451613
1.0	4.0	0.0	0.030584794122161904	7.290322580645161
1.0	2.0	0.0	0.015310105291522975	7.241935483870968
1.0	1.0	0.0	0.008396097581218202	8.725806451612904
1.0	3.0	0.0	0.021272376692529744	8.806451612903226
1.0	1.0	0.0	0.00839061310033609	8.435483870967742
1.0	2.0	0.0	0.014646258111912296	9.629032258064516
1.0	1.0	0.0	0.008468512809700797	8.274193548387096
1.0	3.0	0.0	0.02226155197078513	10.419354838709678
1.0	3.0	0.0	0.022500857104130453	11.274193548387096
1.0	3.0	0.0	0.022441883298769994	10.451612903225806
1.0	1.0	0.0	0.008319256595091109	11.435483870967742
1.0	1.0	0.0	0.008919256847333766	12.35483870967742
