Constant_feature	Degree	Clustering_coefficient	Pagerank	Aver_path_len
1.0	0.0	0.0	0.0	0.0
1.0	1.0	0.0	0.016322388078669477	5.0
1.0	1.0	0.0	0.01642844039756897	5.275862068965517
1.0	3.0	0.0	0.043545289319286834	4.310344827586207
1.0	2.0	0.0	0.030297321628378435	4.586206896551724
1.0	3.0	0.0	0.05289579370963221	6.586206896551724
1.0	3.0	0.0	0.053393833538058405	6.862068965517241
1.0	3.0	0.0	0.040265755594140556	3.689655172413793
1.0	3.0	0.0	0.040699685044629286	3.689655172413793
1.0	3.0	0.0	0.04084474659943076	3.8275862068965516
1.0	3.0	0.0	0.0409943978978206	3.8275862068965516
1.0	3.0	0.0	0.04158962544698894	3.9655172413793105
1.0	3.0	0.0	0.041559887735508914	3.9655172413793105
1.0	3.0	0.0	0.041226467239978436	3.9655172413793105
1.0	3.0	0.0	0.043298106216519326	4.0344827586206895
1.0	3.0	0.0	0.04365161524205278	4.310344827586207
1.0	2.0	0.0	0.031395951260680524	5.0
1.0	2.0	0.0	0.028790949538515083	4.655172413793103
1.0	2.0	0.0	0.02900549181249204	4.793103448275862
1.0	2.0	0.0	0.02907132829872182	4.655172413793103
1.0	2.0	0.0	0.03332947480932216	5.758620689655173
1.0	2.0	0.0	0.02915344651543121	4.793103448275862
1.0	2.0	0.0	0.03219525919396493	5.275862068965517
1.0	2.0	0.0	0.02934098151027514	4.931034482758621
1.0	2.0	0.0	0.03383856538826486	6.0344827586206895
1.0	2.0	0.0	0.029867601830805026	5.482758620689655
1.0	2.0	0.0	0.029892060775025594	5.620689655172414
1.0	1.0	0.0	0.019201680632940442	7.551724137931035
1.0	1.0	0.0	0.019201680632940442	7.551724137931035
1.0	1.0	0.0	0.019351087055978395	7.827586206896552
1.0	1.0	0.0	0.019351087055978395	7.827586206896552
