Constant_feature	Degree	Clustering_coefficient	Pagerank	Aver_path_len
1.0	1.0	0.0	0.02402081441401569	4.0
1.0	2.0	0.0	0.044845188592348234	5.5
1.0	1.0	0.0	0.023720023746579375	3.8
1.0	1.0	0.0	0.024061378261212088	4.05
1.0	1.0	0.0	0.024278594179400585	4.5
1.0	1.0	0.0	0.024319855195226545	4.75
1.0	3.0	0.0	0.06246567473564807	3.25
1.0	2.0	0.0	0.04354366347130668	4.0
1.0	2.0	0.0	0.04354366347130668	4.0
1.0	3.0	0.0	0.06171905019287049	2.8
1.0	2.0	0.0	0.044536052830630925	4.75
1.0	2.0	0.0	0.044536052830630925	4.75
1.0	3.0	0.0	0.06319237804381506	2.85
1.0	3.0	0.0	0.061893179192414736	2.9
1.0	3.0	0.0	0.06419501122284106	3.05
1.0	3.0	0.0	0.06218687986770079	3.15
1.0	3.0	0.0	0.06433292462614561	3.1
1.0	3.0	0.0	0.06505429562983511	3.55
1.0	3.0	0.0	0.06519450264799079	3.8
1.0	2.0	0.0	0.04416645629395359	4.2
1.0	2.0	0.0	0.04419436055412642	4.45
