Constant_feature	Degree	Clustering_coefficient	Pagerank	Aver_path_len
1.0	1.0	0.0	0.013925781560982491	9.31578947368421
1.0	1.0	0.0	0.013925781560982491	9.31578947368421
1.0	1.0	0.0	0.013925781560982491	9.31578947368421
1.0	1.0	0.0	0.014476224621024813	9.421052631578947
1.0	1.0	0.0	0.013259848096085224	7.5
1.0	1.0	0.0	0.014476224621024813	9.421052631578947
1.0	1.0	0.0	0.015042114894557373	11.0
1.0	1.0	0.0	0.015042114894557373	11.0
1.0	2.0	0.0	0.024346379648985998	7.026315789473684
1.0	2.0	0.0	0.02199689627622936	5.342105263157895
1.0	2.0	0.0	0.02172994992094937	5.7631578947368425
1.0	2.0	0.0	0.021724918169993848	6.2105263157894735
1.0	3.0	0.0	0.03695319794172512	7.578947368421052
1.0	2.0	0.0	0.02560494837537683	8.342105263157896
1.0	2.0	0.0	0.026563739830824357	9.157894736842104
1.0	3.0	0.0	0.031759408521732375	5.315789473684211
1.0	3.0	0.0	0.03173064699855101	5.7631578947368425
1.0	3.0	0.0	0.03399496404777955	6.131578947368421
1.0	3.0	0.0	0.035650904791902804	6.526315789473684
1.0	3.0	0.0	0.03212456310950437	6.2105263157894735
1.0	3.0	0.0	0.033014272270304686	5.421052631578948
1.0	3.0	0.0	0.032140827806503305	6.657894736842105
1.0	3.0	0.0	0.03970900770566477	8.447368421052632
1.0	3.0	0.0	0.032872059058941125	6.473684210526316
1.0	2.0	0.0	0.023038121312343632	5.894736842105263
1.0	2.0	0.0	0.023038121312343632	5.894736842105263
1.0	2.0	0.0	0.02253498332037611	6.868421052631579
1.0	2.0	0.0	0.022836310984305656	5.657894736842105
1.0	2.0	0.0	0.022836310984305656	5.657894736842105
1.0	3.0	0.0	0.03444272133758791	7.526315789473684
1.0	2.0	0.0	0.022582567280909238	7.315789473684211
1.0	3.0	0.0	0.04159553450637038	10.026315789473685
1.0	2.0	0.0	0.023059775609602456	7.973684210526316
1.0	2.0	0.0	0.02309949996856079	7.342105263157895
1.0	2.0	0.0	0.02309949996856079	7.342105263157895
1.0	4.0	0.0	0.050498024815586906	8.342105263157896
1.0	2.0	0.0	0.023718413862135853	8.210526315789474
1.0	2.0	0.0	0.023718413862135853	8.210526315789474
1.0	2.0	0.0	0.023911144589708857	9.078947368421053
