Constant_feature	Degree	Clustering_coefficient	Pagerank	Aver_path_len
1.0	1.0	0.0	0.016848229495015826	4.444444444444445
1.0	1.0	0.0	0.018277085614043693	7.185185185185185
1.0	2.0	0.0	0.03314526361403143	5.925925925925926
1.0	1.0	0.0	0.01861939198301452	7.62962962962963
1.0	4.0	0.0	0.059007053180936124	3.4814814814814814
1.0	4.0	0.0	0.0591868591815429	3.5925925925925926
1.0	3.0	0.0	0.04383973268673774	3.5555555555555554
1.0	3.0	0.0	0.04397378119961037	3.7777777777777777
1.0	4.0	0.0	0.06001735961003536	4.148148148148148
1.0	3.0	0.0	0.04450803866702934	3.925925925925926
1.0	2.0	0.0	0.030635425547907498	3.814814814814815
1.0	2.0	0.0	0.030550171539916054	3.888888888888889
1.0	2.0	0.0	0.03067578863915262	4.074074074074074
1.0	2.0	0.0	0.030728210978648685	4.296296296296297
1.0	2.0	0.0	0.030663708064703706	4.148148148148148
1.0	3.0	0.0	0.045364211326209894	4.7407407407407405
1.0	1.0	0.0	0.016888187014146395	4.555555555555555
1.0	2.0	0.0	0.030980115851617748	4.518518518518518
1.0	2.0	0.0	0.03172335177875232	4.888888888888889
1.0	1.0	0.0	0.01707493208882427	5.111111111111111
1.0	3.0	0.0	0.04597588820418194	4.444444444444445
1.0	2.0	0.0	0.032553016070179325	5.62962962962963
1.0	2.0	0.0	0.03188675626714655	5.481481481481482
1.0	3.0	0.0	0.04901738888914661	6.222222222222222
1.0	2.0	0.0	0.03227849549528404	5.185185185185185
1.0	2.0	0.0	0.03227849549528403	5.185185185185185
1.0	2.0	0.0	0.03314526361403143	5.925925925925926
1.0	3.0	0.0	0.0501577979028693	6.666666666666667
