Constant_feature	Degree	Clustering_coefficient	Pagerank	Aver_path_len
1.0	1.0	0.0	0.018916517443201997	4.8076923076923075
1.0	2.0	0.0	0.0367171516470726	5.461538461538462
1.0	2.0	0.0	0.03681489209615613	6.038461538461538
1.0	2.0	0.0	0.037863448172051686	6.038461538461538
1.0	2.0	0.0	0.037983246036508295	6.6923076923076925
1.0	1.0	0.0	0.020505782263738562	5.730769230769231
1.0	3.0	0.0	0.049339094688159245	3.9615384615384617
1.0	3.0	0.0	0.04959156251513988	4.153846153846154
1.0	3.0	0.0	0.050596504268854633	3.8846153846153846
1.0	3.0	0.0	0.050651794632360594	4.653846153846154
1.0	3.0	0.0	0.050708076503060605	3.8461538461538463
1.0	2.0	0.0	0.033700265167609135	4.3076923076923075
1.0	3.0	0.0	0.05086409515064466	5.230769230769231
1.0	2.0	0.0	0.0339038909538216	4.538461538461538
1.0	2.0	0.0	0.03422037668018985	4.884615384615385
1.0	2.0	0.0	0.034073279406937905	4.653846153846154
1.0	2.0	0.0	0.03417166407863106	4.8076923076923075
1.0	3.0	0.0	0.05163735881741757	5.153846153846154
1.0	3.0	0.0	0.05187834953450594	5.8076923076923075
1.0	2.0	0.0	0.034643545817667744	5.3076923076923075
1.0	2.0	0.0	0.039596842638348215	6.346153846153846
1.0	2.0	0.0	0.03966953789416401	6.923076923076923
1.0	2.0	0.0	0.03733702381015648	4.769230769230769
1.0	1.0	0.0	0.021521953404327204	7.3076923076923075
1.0	1.0	0.0	0.021555324902127793	7.884615384615385
1.0	1.0	0.0	0.020741791489566466	7.0
1.0	1.0	0.0	0.02079662998757995	7.653846153846154
