Constant_feature	Degree	Clustering_coefficient	Pagerank	Aver_path_len
1.0	2.0	1.0	0.02485455548569318	6.617647058823529
1.0	2.0	0.0	0.02548731012399421	6.235294117647059
1.0	2.0	0.0	0.02848611558195031	7.764705882352941
1.0	2.0	0.0	0.029191034465632378	8.382352941176471
1.0	1.0	0.0	0.016434675325290166	9.588235294117647
1.0	1.0	0.0	0.016641365974479454	10.205882352941176
1.0	1.0	0.0	0.01581372341143005	10.676470588235293
1.0	2.0	0.0	0.02823181752946003	9.029411764705882
1.0	4.0	0.16666666666666666	0.04914170743048623	6.176470588235294
1.0	3.0	0.3333333333333333	0.03646877160202166	6.117647058823529
1.0	2.0	0.0	0.025859146553177993	6.382352941176471
1.0	1.0	0.0	0.013913978405131667	7.147058823529412
1.0	2.0	0.0	0.026545341986511817	6.647058823529412
1.0	2.0	0.0	0.02526674663087522	6.147058823529412
1.0	3.0	0.0	0.04017038795266812	6.970588235294118
1.0	4.0	0.0	0.05577799802393054	7.588235294117647
1.0	1.0	0.0	0.015406811348295779	8.558823529411764
1.0	1.0	0.0	0.015406811348295779	8.558823529411764
1.0	3.0	0.0	0.03753203369281526	6.382352941176471
1.0	3.0	0.0	0.04525724535688136	8.617647058823529
1.0	3.0	0.0	0.04594887728196334	9.235294117647058
1.0	2.0	0.0	0.025785218833857503	6.705882352941177
1.0	2.0	0.0	0.025785218833857503	6.705882352941177
1.0	1.0	0.0	0.016434675325290166	9.588235294117647
1.0	2.0	0.0	0.02592808559635177	7.029411764705882
1.0	2.0	0.0	0.02592808559635177	7.029411764705882
1.0	1.0	0.0	0.016641365974479454	10.205882352941176
1.0	3.0	0.0	0.03822840337438384	7.352941176470588
1.0	2.0	0.0	0.02674324764313097	7.852941176470588
1.0	2.0	0.0	0.027597269155694923	8.411764705882353
1.0	3.0	0.0	0.04319131914549606	9.705882352941176
1.0	2.0	0.0	0.02976683046081069	10.5
1.0	3.0	0.0	0.04651332473626367	11.352941176470589
1.0	1.0	0.0	0.016810249906523494	12.323529411764707
1.0	1.0	0.0	0.016810249906523494	12.323529411764707
