Constant_feature	Degree	Clustering_coefficient	Pagerank	Aver_path_len
1.0	1.0	0.0	0.025317538991770694	5.578947368421052
1.0	2.0	0.0	0.04602518796949871	3.6842105263157894
1.0	2.0	0.0	0.04512666504646963	4.7368421052631575
1.0	3.0	0.0	0.06473466053851068	3.3684210526315788
1.0	2.0	0.0	0.0451316806728796	3.473684210526316
1.0	3.0	0.0	0.06405630534193951	3.5789473684210527
1.0	2.0	0.0	0.04603610163954201	4.0
1.0	3.0	0.0	0.06484214280742745	4.0
1.0	2.0	0.0	0.044906422389702244	4.0
1.0	3.0	0.0	0.06774698415022841	4.421052631578948
1.0	3.0	0.0	0.06772392316620532	4.631578947368421
1.0	2.0	0.0	0.04485381114646688	4.315789473684211
1.0	2.0	0.0	0.04552570404305761	4.421052631578948
1.0	2.0	0.0	0.04585823981438373	5.052631578947368
1.0	2.0	0.0	0.04670246801957831	5.157894736842105
1.0	2.0	0.0	0.04670246801957831	5.157894736842105
1.0	2.0	0.0	0.0459439893738074	5.473684210526316
1.0	2.0	0.0	0.04750499048961604	5.894736842105263
1.0	2.0	0.0	0.04750499048961604	5.894736842105263
1.0	2.0	0.0	0.047755725889721254	6.631578947368421
