Constant_feature	Degree	Clustering_coefficient	Pagerank	Aver_path_len
1.0	2.0	0.0	0.034485712051907334	4.833333333333333
1.0	2.0	0.0	0.03510387115578806	3.9583333333333335
1.0	2.0	0.0	0.034485712051907334	4.833333333333333
1.0	2.0	0.0	0.03522966039336569	3.75
1.0	2.0	0.0	0.036484625729456654	4.958333333333333
1.0	2.0	0.0	0.035355775436566254	4.083333333333333
1.0	3.0	0.0	0.05144539799622287	3.625
1.0	3.0	0.0	0.05078506770205029	5.333333333333333
1.0	3.0	0.0	0.05307795104474149	4.625
1.0	3.0	0.0	0.05078506770205028	5.333333333333333
1.0	3.0	0.0	0.05083347687707479	4.25
1.0	3.0	0.0	0.05226858000831691	4.166666666666667
1.0	2.0	0.0	0.03562457162183455	6.125
1.0	2.0	0.0	0.03562457162183454	6.125
1.0	2.0	0.0	0.03685060721616258	5.416666666666667
1.0	2.0	0.0	0.03685060721616258	5.416666666666667
1.0	2.0	0.0	0.036420071684065455	6.916666666666667
1.0	2.0	0.0	0.03642007168406545	6.916666666666667
1.0	2.0	0.0	0.036484625729456654	4.958333333333333
1.0	2.0	0.0	0.03761970003578172	6.208333333333333
1.0	2.0	0.0	0.03761970003578172	6.208333333333333
1.0	2.0	0.0	0.037855987483067684	7.0
1.0	2.0	0.0	0.03734064381515554	5.75
1.0	2.0	0.0	0.03734064381515554	5.75
1.0	2.0	0.0	0.03760729989202796	6.541666666666667
