Constant_feature	Degree	Clustering_coefficient	Pagerank	Aver_path_len
1.0	1.0	0.0	0.021966567224895046	6.565217391304348
1.0	1.0	0.0	0.021966567224895046	6.565217391304348
1.0	1.0	0.0	0.020837642294891025	5.260869565217392
1.0	1.0	0.0	0.021035124632061517	5.782608695652174
1.0	1.0	0.0	0.02204966198167679	7.173913043478261
1.0	2.0	0.0	0.03794824874246594	3.9565217391304346
1.0	2.0	0.0	0.03772893473475459	5.956521739130435
1.0	2.0	0.0	0.03846630776445549	4.217391304347826
1.0	2.0	0.0	0.03855236128244922	4.043478260869565
1.0	3.0	0.0	0.05650055590032982	4.478260869565218
1.0	3.0	0.0	0.054774066733734986	3.9565217391304346
1.0	3.0	0.0	0.05405757309216693	4.6521739130434785
1.0	3.0	0.0	0.055571109496464904	4.304347826086956
1.0	3.0	0.0	0.05423110234953788	5.173913043478261
1.0	2.0	0.0	0.03746771584279824	4.478260869565218
1.0	2.0	0.0	0.03891721745762132	5.086956521739131
1.0	2.0	0.0	0.03891721745762132	5.086956521739131
1.0	3.0	0.0	0.05622702821611439	4.826086956521739
1.0	2.0	0.0	0.037669523973530114	5.434782608695652
1.0	3.0	0.0	0.059331321077679224	5.608695652173913
1.0	3.0	0.0	0.059331321077679224	5.608695652173913
1.0	3.0	0.0	0.05961167244661049	6.217391304347826
1.0	2.0	0.0	0.03841089295028611	6.217391304347826
1.0	2.0	0.0	0.038430266045280104	6.739130434782608
