Constant_feature	Degree	Clustering_coefficient	Pagerank	Aver_path_len
1.0	1.0	0.0	0.025543695545643293	4.75
1.0	3.0	0.0	0.059168990662740166	3.1
1.0	2.0	0.0	0.042190342820960874	3.95
1.0	2.0	0.0	0.040988992307074965	3.8
1.0	3.0	0.0	0.05839345526989173	3.3
1.0	3.0	0.0	0.06009538886411607	3.7
1.0	3.0	0.0	0.06147833619763468	3.0
1.0	3.0	0.0	0.05950715192891824	3.9
1.0	2.0	0.0	0.05052610780499823	5.2
1.0	2.0	0.0	0.04828143895001916	4.45
1.0	3.0	0.0	0.06466445031813982	3.8
1.0	2.0	0.0	0.042605454587232264	3.5
1.0	2.0	0.0	0.04398758132530593	3.35
1.0	2.0	0.0	0.041059365602304186	4.25
1.0	2.0	0.0	0.04184504918876805	4.45
1.0	2.0	0.0	0.05342102681920724	6.05
1.0	2.0	0.0	0.04166853067111617	4.65
1.0	3.0	0.0	0.06927004409696966	3.8
1.0	2.0	0.0	0.04234268539112139	5.05
1.0	1.0	0.0	0.02416156880756963	4.75
1.0	1.0	0.0	0.02880034284026778	7.0
