Constant_feature	Degree	Clustering_coefficient	Pagerank	Aver_path_len
1.0	0.0	0.0	0.0	0.0
1.0	2.0	0.0	0.029425990841790685	6.133333333333334
1.0	1.0	0.0	0.016222657849155473	6.1
1.0	1.0	0.0	0.015585217364511144	5.466666666666667
1.0	1.0	0.0	0.01652735031427044	6.866666666666666
1.0	1.0	0.0	0.017766319932214024	7.533333333333333
1.0	3.0	0.0	0.039164682679164044	4.266666666666667
1.0	2.0	0.0	0.026723071021815058	4.266666666666667
1.0	2.0	0.0	0.03026845248250927	5.8
1.0	1.0	0.0	0.018859022170111855	8.433333333333334
1.0	4.0	0.0	0.05776225844924904	5.133333333333334
1.0	3.0	0.0	0.040568398911321454	4.566666666666666
1.0	3.0	0.0	0.0386730534269836	4.033333333333333
1.0	3.0	0.0	0.04065410569945402	4.8
1.0	2.0	0.0	0.026617411005369428	4.4
1.0	3.0	0.0	0.03880587248262436	4.133333333333334
1.0	2.0	0.0	0.026997909735594818	4.333333333333333
1.0	3.0	0.0	0.038495376955441536	4.033333333333333
1.0	3.0	0.0	0.04119884129842383	4.5
1.0	2.0	0.0	0.03214441442610636	6.033333333333333
1.0	2.0	0.0	0.02866436397248856	5.566666666666666
1.0	3.0	0.0	0.04433968379495974	5.9
1.0	2.0	0.0	0.02678754581441324	4.366666666666666
1.0	3.0	0.0	0.0397307826780017	4.6
1.0	3.0	0.0	0.0398308832380736	4.5
1.0	1.0	0.0	0.017690426374526155	7.0
1.0	3.0	0.0	0.04167578966589487	5.1
1.0	2.0	0.0	0.02813147513832948	5.333333333333333
1.0	2.0	0.0	0.028684781661935797	5.933333333333334
1.0	2.0	0.0	0.02879421723034863	5.833333333333333
1.0	3.0	0.0	0.04847106088761828	6.566666666666666
1.0	2.0	0.0	0.03473858249729923	7.466666666666667
