Constant_feature	Degree	Clustering_coefficient	Pagerank	Aver_path_len
1.0	4.0	0.0	0.0456692158346067	1.0
1.0	2.0	0.0	0.018838266829133234	11.936170212765957
1.0	1.0	0.0	0.009083941284418973	10.46808510638298
1.0	1.0	0.0	0.012167601701725683	1.75
1.0	1.0	0.0	0.012167601701725683	1.75
1.0	1.0	0.0	0.012167601701725683	1.75
1.0	2.0	0.0	0.01587119727527287	10.127659574468085
1.0	3.0	0.0	0.027343624864192853	7.319148936170213
1.0	2.0	0.0	0.017077175981707864	7.404255319148936
1.0	2.0	0.0	0.01669624449116156	8.425531914893616
1.0	2.0	0.0	0.01690956338413894	8.085106382978724
1.0	3.0	0.0	0.022738200063301975	10.106382978723405
1.0	2.0	0.0	0.015891018952705217	10.97872340425532
1.0	2.0	0.0	0.01596173093826825	11.063829787234043
1.0	3.0	0.0	0.02299950860837832	8.72340425531915
1.0	3.0	0.0	0.02316525412867299	9.382978723404255
1.0	3.0	0.0	0.023972073260696183	8.25531914893617
1.0	3.0	0.0	0.023382751523408338	7.787234042553192
1.0	3.0	0.0	0.02412182090883047	8.914893617021276
1.0	3.0	0.0	0.023238482132237875	9.382978723404255
1.0	3.0	0.0	0.02358157907057191	8.446808510638299
1.0	3.0	0.0	0.023449453178777644	10.106382978723405
1.0	3.0	0.0	0.024099742594517224	7.531914893617022
1.0	2.0	0.0	0.018041030275822788	7.276595744680851
1.0	2.0	0.0	0.018208465835992598	7.276595744680851
1.0	1.0	0.0	0.00907840034381095	9.23404255319149
1.0	2.0	0.0	0.017690082437551546	7.319148936170213
1.0	2.0	0.0	0.01648219635417439	10.191489361702128
1.0	1.0	0.0	0.009123350873030258	9.893617021276595
1.0	2.0	0.0	0.018182790992189588	7.446808510638298
1.0	2.0	0.0	0.016540806473845586	9.340425531914894
1.0	2.0	0.0	0.01798398664898055	7.617021276595745
1.0	2.0	0.0	0.016553511891762268	10.914893617021276
1.0	2.0	0.0	0.01758897101111697	7.829787234042553
1.0	3.0	0.0	0.022946573530179905	8.808510638297872
1.0	3.0	0.0	0.0254128899145951	11.0
1.0	3.0	0.0	0.02251619529402277	9.446808510638299
1.0	3.0	0.0	0.023692630468453844	8.382978723404255
1.0	2.0	0.0	0.01684351107167046	9.085106382978724
1.0	2.0	0.0	0.01695973478697528	11.72340425531915
1.0	1.0	0.0	0.010089944767071334	8.297872340425531
1.0	3.0	0.0	0.023151915102298377	10.787234042553191
1.0	3.0	0.0	0.023079898343113043	10.27659574468085
1.0	3.0	0.0	0.023990481145159906	9.48936170212766
1.0	3.0	0.0	0.02348061134774103	10.148936170212766
1.0	2.0	0.0	0.016250042034187916	9.212765957446809
1.0	2.0	0.0	0.016123297084266425	9.851063829787234
1.0	2.0	0.0	0.01644336074473126	11.680851063829786
1.0	2.0	0.0	0.01655793440918405	11.042553191489361
1.0	2.0	0.0	0.016913259424124846	12.574468085106384
1.0	2.0	0.0	0.016948859975967366	11.936170212765957
1.0	1.0	0.0	0.010364015306077242	12.914893617021276
1.0	1.0	0.0	0.012167601701725683	1.75
