Constant_feature	Degree	Clustering_coefficient	Pagerank	Aver_path_len
1.0	2.0	0.0	0.01482605801519286	7.516666666666667
1.0	2.0	0.0	0.014563180361645797	8.116666666666667
1.0	2.0	0.0	0.016176423091119243	7.683333333333334
1.0	1.0	0.0	0.008525114951610981	7.416666666666667
1.0	2.0	0.0	0.014968080886473499	9.483333333333333
1.0	2.0	0.0	0.015325748649980212	6.883333333333334
1.0	2.0	0.0	0.016796024250472996	7.866666666666666
1.0	1.0	0.0	0.008468838429437495	11.183333333333334
1.0	2.0	0.0	0.016136243271320412	11.833333333333334
1.0	1.0	0.0	0.008644840259268495	8.316666666666666
1.0	1.0	0.0	0.008837730692006678	11.383333333333333
1.0	1.0	0.0	0.008833459659007475	11.35
1.0	2.0	0.0	0.01706012714925329	8.733333333333333
1.0	1.0	0.0	0.00936852601036251	13.733333333333333
1.0	1.0	0.0	0.00936852601036251	13.733333333333333
1.0	4.0	0.0	0.028933066369543542	6.733333333333333
1.0	3.0	0.0	0.02261743798578071	6.55
1.0	2.0	0.0	0.01457412624992114	7.183333333333334
1.0	3.0	0.0	0.021414304436711246	7.533333333333333
1.0	3.0	0.0	0.02221357366255651	8.316666666666666
1.0	3.0	0.0	0.022253980130110623	7.866666666666666
1.0	3.0	0.0	0.022952525720748927	6.433333333333334
1.0	3.0	0.0	0.022851263438406915	6.383333333333334
1.0	1.0	0.0	0.008424435047687015	7.533333333333333
1.0	1.0	0.0	0.008303088953079466	9.3
1.0	3.0	0.0	0.022270620915814787	6.4
1.0	3.0	0.0	0.021663228742100065	8.733333333333333
1.0	2.0	0.0	0.016177382776920407	8.783333333333333
1.0	1.0	0.0	0.008494849431304017	7.366666666666666
1.0	2.0	0.0	0.014968080886473499	9.483333333333333
1.0	3.0	0.0	0.02276413551300708	10.2
1.0	3.0	0.0	0.022928245572444203	6.916666666666667
1.0	3.0	0.0	0.022559870812312692	10.95
1.0	3.0	0.0	0.02276413551300708	10.2
1.0	1.0	0.0	0.008918470270905572	8.666666666666666
1.0	2.0	0.0	0.017469194167895677	9.733333333333333
1.0	1.0	0.0	0.008468838429437495	11.183333333333334
1.0	2.0	0.0	0.015668038546130497	7.466666666666667
1.0	1.0	0.0	0.009500857369333978	10.716666666666667
1.0	3.0	0.0	0.023353007659864856	7.333333333333333
1.0	2.0	0.0	0.015887313220728335	7.983333333333333
1.0	3.0	0.0	0.02398241927679179	10.883333333333333
1.0	3.0	0.0	0.023997476076477425	10.4
1.0	3.0	0.0	0.024022979970313964	9.95
1.0	1.0	0.0	0.009197185735569699	8.85
1.0	3.0	0.0	0.023983127461581877	10.366666666666667
1.0	2.0	0.0	0.016054467058661436	9.5
1.0	3.0	0.0	0.025764657286425678	12.75
1.0	3.0	0.0	0.023988285937596585	9.816666666666666
1.0	3.0	0.0	0.023451654064070133	7.783333333333333
1.0	2.0	0.0	0.01599658720608843	8.5
1.0	3.0	0.0	0.024022216685920653	8.983333333333333
1.0	1.0	0.0	0.008834923732295321	11.866666666666667
1.0	1.0	0.0	0.00884707423673951	10.933333333333334
1.0	2.0	0.0	0.01600747777810562	9.3
1.0	2.0	0.0	0.01584619249106662	8.3
1.0	1.0	0.0	0.008836604309688904	10.8
1.0	3.0	0.0	0.023900794972526847	8.783333333333333
1.0	1.0	0.0	0.008846737084217009	9.966666666666667
1.0	1.0	0.0	0.008810217730711799	9.766666666666667
1.0	1.0	0.0	0.009315927395410057	9.716666666666667
