Constant_feature	Degree	Clustering_coefficient	Pagerank	Aver_path_len
1.0	1.0	0.0	0.02648128049195289	6.2105263157894735
1.0	4.0	0.0	0.09257965968655736	3.0526315789473686
1.0	1.0	0.0	0.025830851883248504	4.0
1.0	1.0	0.0	0.025830851883248504	4.0
1.0	1.0	0.0	0.027629006114972057	5.2631578947368425
1.0	1.0	0.0	0.027629006114972057	5.2631578947368425
1.0	2.0	0.0	0.04602526845637032	3.0526315789473686
1.0	3.0	0.0	0.06791489786095996	3.3684210526315788
1.0	3.0	0.0	0.06731329423549234	3.1578947368421053
1.0	3.0	0.0	0.06899222171188388	3.5789473684210527
1.0	2.0	0.0	0.046759098754942954	4.0
1.0	2.0	0.0	0.046759098754942954	4.0
1.0	2.0	0.0	0.04645675945411884	3.8947368421052633
1.0	2.0	0.0	0.047040823937536856	4.315789473684211
1.0	2.0	0.0	0.04724869915386214	4.631578947368421
1.0	2.0	0.0	0.04752330348080861	4.631578947368421
1.0	2.0	0.0	0.04752330348080861	4.631578947368421
1.0	2.0	0.0	0.047431141904787026	5.052631578947368
1.0	3.0	0.0	0.07160283970893673	5.2631578947368425
1.0	3.0	0.0	0.07542859292959722	4.315789473684211
