Constant_feature	Degree	Clustering_coefficient	Pagerank	Aver_path_len
1.0	2.0	1.0	0.02756139443030011	5.068965517241379
1.0	2.0	0.0	0.027877541837358636	4.206896551724138
1.0	1.0	0.0	0.016275684822005785	5.172413793103448
1.0	1.0	0.0	0.016264644808032584	5.689655172413793
1.0	2.0	0.0	0.03259595494893021	4.620689655172414
1.0	2.0	0.0	0.031024352663559525	4.275862068965517
1.0	1.0	0.0	0.018986537495137713	6.413793103448276
1.0	1.0	0.0	0.01797085230964242	5.862068965517241
1.0	4.0	0.0	0.05434860476093721	3.5172413793103448
1.0	4.0	0.16666666666666666	0.05255734218785732	4.137931034482759
1.0	4.0	0.0	0.05440732967524087	3.1724137931034484
1.0	3.0	0.0	0.0406351608217332	4.551724137931035
1.0	3.0	0.0	0.04314105384450656	4.206896551724138
1.0	2.0	1.0	0.027561394430300114	5.068965517241379
1.0	3.0	0.0	0.04310430245509741	4.724137931034483
1.0	3.0	0.0	0.041180008199684204	3.7241379310344827
1.0	1.0	0.0	0.015561665271734032	4.482758620689655
1.0	2.0	0.0	0.028628701503041393	3.4482758620689653
1.0	2.0	0.0	0.030243396710806867	3.8620689655172415
1.0	3.0	0.0	0.04350965327023919	3.7241379310344827
1.0	2.0	0.0	0.02902081140013141	4.0
1.0	3.0	0.0	0.0444474439808824	4.275862068965517
1.0	1.0	0.0	0.01666706642718687	5.241379310344827
1.0	3.0	0.0	0.05217715235617863	5.448275862068965
1.0	3.0	0.0	0.04878797059458635	4.896551724137931
1.0	1.0	0.0	0.018986537495137713	6.413793103448276
1.0	2.0	0.0	0.03405159394094266	5.655172413793103
1.0	3.0	0.0	0.05359769742954152	6.482758620689655
1.0	1.0	0.0	0.019414074964633578	7.448275862068965
1.0	1.0	0.0	0.019414074964633578	7.448275862068965
