Constant_feature	Degree	Clustering_coefficient	Pagerank	Aver_path_len
1.0	2.0	0.0	0.029200592667452823	5.6
1.0	2.0	0.0	0.0324166546419047	6.7
1.0	2.0	0.0	0.032834451782147486	6.833333333333333
1.0	2.0	0.0	0.033225508414233156	8.166666666666666
1.0	1.0	0.0	0.016731410567808264	6.966666666666667
1.0	1.0	0.0	0.01664550049827361	6.033333333333333
1.0	3.0	0.0	0.042462539077362915	5.1
1.0	3.0	0.0	0.04262035880680053	4.766666666666667
1.0	3.0	0.0	0.04355863892101711	5.366666666666666
1.0	2.0	0.0	0.02875120580475648	4.933333333333334
1.0	3.0	0.0	0.04386374332867339	5.8
1.0	2.0	0.0	0.029412450901830457	6.166666666666667
1.0	3.0	0.0	0.04469394530287271	5.933333333333334
1.0	2.0	0.0	0.029323452854475025	5.466666666666667
1.0	3.0	0.0	0.043489230277275366	6.8
1.0	2.0	0.0	0.02947081957834307	4.8
1.0	2.0	0.0	0.02957998571850619	5.633333333333334
1.0	3.0	0.0	0.04502082877956372	6.0
1.0	3.0	0.0	0.04473410803822467	5.066666666666666
1.0	2.0	0.0	0.029906990392299028	4.9
1.0	2.0	0.0	0.030273556901296562	6.633333333333334
1.0	3.0	0.0	0.04546964033517584	7.266666666666667
1.0	2.0	0.0	0.030371626710943792	6.7
1.0	2.0	0.0	0.030030306154175363	7.633333333333334
1.0	2.0	0.0	0.030030306154175363	7.633333333333334
1.0	2.0	0.0	0.03057352804554781	8.466666666666667
1.0	2.0	0.0	0.03057352804554781	8.466666666666667
1.0	2.0	0.0	0.03074163119395355	9.3
1.0	1.0	0.0	0.01781351485383442	7.666666666666667
1.0	1.0	0.0	0.01800197066535276	7.8
1.0	1.0	0.0	0.01817797458617565	9.133333333333333
