Constant_feature	Degree	Clustering_coefficient	Pagerank	Aver_path_len
1.0	2.0	0.0	0.030214484548867625	2.5
1.0	1.0	0.0	0.01731136197498574	4.25
1.0	1.0	0.0	0.01711813788593174	3.875
1.0	2.0	0.0	0.030459891568423724	3.0
1.0	1.0	0.0	0.018632227725960997	5.0625
1.0	1.0	0.0	0.0172041187504585	4.0
1.0	3.0	0.0	0.044265860446262004	2.625
1.0	2.0	0.0	0.03142065183404189	3.625
1.0	1.0	0.0	0.017549866416916728	5.125
1.0	3.0	0.0	0.04659356449289242	3.3125
1.0	3.0	0.0	0.0459489691082349	2.9375
1.0	3.0	0.0	0.04631731641887475	3.3125
1.0	3.0	0.0	0.044105255509464515	2.5625
1.0	2.0	0.0	0.03399745908720184	4.125
1.0	3.0	0.0	0.044804059340220574	2.5833333333333335
1.0	3.0	0.0	0.044804059340220574	2.5833333333333335
1.0	2.0	0.0	0.0309692015299997	3.1666666666666665
1.0	2.0	0.0	0.0309692015299997	3.1666666666666665
1.0	2.0	0.0	0.0309692015299997	3.1666666666666665
1.0	2.0	0.0	0.0309692015299997	3.1666666666666665
1.0	2.0	0.0	0.030734864926527522	3.1875
1.0	3.0	0.0	0.04623713970406027	3.0625
1.0	2.0	0.0	0.03154652174044055	3.75
1.0	2.0	0.0	0.03154652174044055	3.75
1.0	2.0	0.0	0.03154652174044055	3.75
1.0	2.0	0.0	0.03154652174044055	3.75
1.0	2.0	0.0	0.03138020897685645	3.75
1.0	2.0	0.0	0.03172391851113177	4.333333333333333
1.0	2.0	0.0	0.03172391851113177	4.333333333333333
1.0	3.0	0.0	0.04738977183957266	4.1875
