Constant_feature	Degree	Clustering_coefficient	Pagerank	Aver_path_len
1.0	0.0	0.0	0.0	0.0
1.0	2.0	0.0	0.030685603885324406	5.633333333333334
1.0	2.0	0.0	0.03221031181433341	7.6
1.0	1.0	0.0	0.017368498838769564	7.1
1.0	2.0	0.0	0.027141577040554865	5.9
1.0	3.0	0.0	0.04186343374764352	4.833333333333333
1.0	3.0	0.0	0.03935790417631308	4.833333333333333
1.0	3.0	0.0	0.039616917703409416	5.3
1.0	3.0	0.0	0.041074018958838235	4.666666666666667
1.0	3.0	0.0	0.04123680278274606	5.133333333333334
1.0	3.0	0.0	0.04016194752072654	4.5
1.0	3.0	0.0	0.03974707808180042	5.3
1.0	3.0	0.0	0.040293077913515184	4.966666666666667
1.0	3.0	0.0	0.0401010057777516	5.866666666666666
1.0	2.0	0.0	0.027832128427416038	4.666666666666667
1.0	2.0	0.0	0.02810970692745209	5.133333333333334
1.0	1.0	0.0	0.015548406595456967	5.633333333333334
1.0	2.0	0.0	0.028186084099863794	6.0
1.0	1.0	0.0	0.015596363530281111	6.1
1.0	2.0	0.0	0.028306137602789466	6.566666666666666
1.0	2.0	0.0	0.0284328271617639	5.3
1.0	3.0	0.0	0.04345430574112697	6.7
1.0	2.0	0.0	0.029591944335691504	5.2
1.0	2.0	0.0	0.028999565016799643	7.266666666666667
1.0	2.0	0.0	0.03374888901117001	8.233333333333333
1.0	2.0	0.0	0.032887900782559924	7.466666666666667
1.0	2.0	0.0	0.03493939021417852	9.066666666666666
1.0	2.0	0.0	0.032168555164410056	6.766666666666667
1.0	2.0	0.0	0.036726420980991756	9.966666666666667
1.0	3.0	0.0	0.047139967259459306	6.133333333333334
1.0	1.0	0.0	0.019752634030477858	10.933333333333334
1.0	1.0	0.0	0.017720594876384506	8.566666666666666
