Constant_feature	Degree	Clustering_coefficient	Pagerank	Aver_path_len
1.0	2.0	0.0	0.04284159413728848	3.736842105263158
1.0	2.0	0.0	0.05091662387923847	4.368421052631579
1.0	1.0	0.0	0.029073456229943118	6.052631578947368
1.0	3.0	0.0	0.06331999905972091	2.789473684210526
1.0	2.0	0.0	0.0453297998083957	4.894736842105263
1.0	3.0	0.0	0.06282224916760282	3.1052631578947367
1.0	2.0	0.0	0.04583954984715805	3.210526315789474
1.0	3.0	0.0	0.06282224916760282	3.1052631578947367
1.0	3.0	0.0	0.06306808305508282	3.4210526315789473
1.0	3.0	0.0	0.06306808305508282	3.4210526315789473
1.0	2.0	0.0	0.048539461212874176	3.736842105263158
1.0	2.0	0.0	0.0442326601396474	3.8421052631578947
1.0	2.0	0.0	0.04423266013964739	3.8421052631578947
1.0	2.0	0.0	0.04431957735984084	4.157894736842105
1.0	2.0	0.0	0.04431957735984084	4.157894736842105
1.0	2.0	0.0	0.045303850192292466	4.578947368421052
1.0	2.0	0.0	0.045329799808395695	4.894736842105263
1.0	2.0	0.0	0.045303850192292466	4.578947368421052
1.0	3.0	0.0	0.08024341995810932	5.105263157894737
1.0	1.0	0.0	0.029073456229943118	6.052631578947368
